0 0.507204 0.656345 0.062916 0.111000
0 0.362142 0.448789 0.054817 0.093925
0 0.381818 0.706428 0.065593 0.085152
0 0.259451 0.919119 0.038772 0.076169
0 0.325192 0.622278 0.044814 0.083713
0 0.606003 0.634592 0.092744 0.151347
0 0.365337 0.616712 0.038332 0.059698
2 0.397471 0.805720 0.032791 0.072643
0 0.449876 0.837488 0.051586 0.072593
0 0.400573 0.503003 0.043345 0.056437
1 0.594018 0.898575 0.065217 0.082508
0 0.345292 0.754938 0.030382 0.057593
0 0.936037 0.853966 0.062459 0.102495
0 0.394015 0.590855 0.037646 0.057452
0 0.542204 0.964813 0.045533 0.070375
2 0.021625 0.940377 0.043114 0.118779
1 0.603987 0.972367 0.050645 0.055267
1 0.421721 0.954350 0.041396 0.069519
1 0.416697 0.934030 0.043625 0.086786
0 0.943447 0.852188 0.080394 0.117655
