0 0.680144 0.838854 0.059405 0.111213
0 0.774712 0.476886 0.030886 0.080297
0 0.954475 0.508111 0.044577 0.089125
0 0.515794 0.913867 0.041611 0.076746
0 0.978567 0.913406 0.033633 0.070370
0 0.266099 0.051140 0.049135 0.099799
2 0.493631 0.312662 0.027328 0.087649
0 0.371715 0.582469 0.032516 0.087362
0 0.720128 0.153373 0.037481 0.074103
0 0.749523 0.736528 0.052838 0.096074
0 0.799553 0.267641 0.025386 0.049663
0 0.428708 0.883634 0.040002 0.066130
0 0.507598 0.497957 0.018801 0.034282
2 0.428910 0.883396 0.038843 0.064226
0 0.818514 0.153106 0.022335 0.036067
0 0.904105 0.371862 0.017875 0.039578
1 0.719863 0.151888 0.036529 0.072022
