0 0.491763 0.441401 0.044089 0.078696
0 0.559684 0.738826 0.056579 0.112472
0 0.587187 0.416616 0.072170 0.099961
0 0.475809 0.562305 0.043949 0.098795
0 0.276048 0.858831 0.089924 0.158200
0 0.328511 0.487286 0.035199 0.075553
0 0.530127 0.637529 0.036115 0.078360
2 0.381130 0.619742 0.041828 0.060941
1 0.381016 0.738140 0.043389 0.105079
0 0.538271 0.531624 0.028645 0.078139
2 0.436643 0.634428 0.033135 0.065821
0 0.511334 0.498676 0.045156 0.070895
0 0.581812 0.496488 0.032018 0.069911
0 0.622630 0.883558 0.086725 0.142103
0 0.436781 0.536573 0.032393 0.060083
0 0.529398 0.522402 0.039621 0.087448
0 0.321861 0.973590 0.053883 0.052820
