0 0.492481 0.440215 0.042704 0.078201
0 0.276243 0.852462 0.090810 0.156544
0 0.587166 0.416454 0.071552 0.099350
0 0.559433 0.735740 0.055189 0.112643
0 0.476309 0.560299 0.044929 0.099780
0 0.329479 0.485192 0.034954 0.070377
2 0.381961 0.617246 0.041721 0.061241
1 0.381986 0.733541 0.040719 0.108493
0 0.530728 0.636441 0.034768 0.078125
0 0.620821 0.878049 0.085614 0.141271
0 0.538344 0.530852 0.028447 0.078185
0 0.510905 0.496901 0.044746 0.067954
2 0.438152 0.631839 0.030539 0.064680
0 0.582738 0.497461 0.030976 0.067386
0 0.325336 0.973509 0.053459 0.052981
0 0.437897 0.532721 0.032022 0.059966
