0 0.869792 0.590509 0.0515625 0.109722
 0 0.51224 0.127315 0.0567708 0.110185
 0 0.577995 0.321528 0.0346354 0.0680556
 0 0.427344 0.886806 0.0588542 0.111574
 1 0.730729 0.566204 0.0552083 0.124074
 1 0.618359 0.312963 0.0325521 0.0898148
 1 0.116276 0.231713 0.0309896 0.111574
 1 0.0638021 0.184722 0.0234375 0.0935185
 1 0.861979 0.0840278 0.0208333 0.0532407
 2 0.571094 0.403009 0.0635417 0.115278
 1 0.119401 0.21088 0.0382813 0.0912037
 1 0.12513 0.359491 0.0393229 0.0486111
 1 0.0648438 0.183565 0.0317708 0.0847222
 1 0.164323 0.175926 0.0859375 0.125926
 