0 0.489195 0.467754 0.047712 0.080091
0 0.557089 0.773147 0.058535 0.109634
0 0.273554 0.891934 0.092429 0.158690
0 0.474313 0.593680 0.044680 0.102291
0 0.585096 0.447264 0.072712 0.099294
0 0.327849 0.513837 0.038313 0.073753
0 0.509939 0.525791 0.040757 0.065450
0 0.616302 0.919589 0.092030 0.151519
0 0.537016 0.566589 0.028517 0.075974
1 0.379117 0.768199 0.043489 0.106083
0 0.529181 0.670809 0.039002 0.082773
0 0.580621 0.528174 0.034379 0.067169
2 0.434298 0.665772 0.033889 0.066602
2 0.379377 0.649923 0.041105 0.060739
0 0.436104 0.563274 0.031391 0.059178
0 0.415320 0.968782 0.067799 0.062437
0 0.441766 0.764857 0.044313 0.087426
1 0.384135 0.041719 0.073651 0.083439
2 0.491753 0.757613 0.014117 0.050294
