0 0.322266 0.63125 0.0346354 0.0699074
 0 0.505599 0.658333 0.0466146 0.0703704
 0 0.469661 0.727546 0.0419271 0.101389
 0 0.431901 0.696065 0.0346354 0.0597222
 0 0.579818 0.663194 0.0361979 0.0680556
 0 0.55599 0.929398 0.0546875 0.120833
 0 0.586198 0.571296 0.071875 0.101852
 0 0.526302 0.818981 0.0432292 0.0861111
 0 0.261068 1 0.0898438 0.14213
 0 0.487109 0.592824 0.0471354 0.0856481
 0 0.534505 0.705093 0.0320312 0.087037
 0 0.386198 0.636806 0.0354167 0.0319444
 1 0.373177 0.917361 0.04375 0.11713
 2 0.430729 0.803704 0.0270833 0.0611111
 2 0.374609 0.78912 0.0440104 0.0560185
 