0 0.321745 0.63125 0.0382813 0.0773148
 0 0.505078 0.658796 0.0466146 0.0703704
 0 0.469401 0.729167 0.0440104 0.106481
 0 0.431641 0.696528 0.0346354 0.0597222
 0 0.579687 0.665278 0.034375 0.0648148
 0 0.555208 0.93125 0.0546875 0.120833
 0 0.584115 0.571528 0.0791667 0.1125
 0 0.526302 0.819213 0.0411458 0.0819444
 0 0.260807 1 0.0856771 0.135185
 0 0.486328 0.594676 0.0471354 0.0856481
 0 0.533984 0.706713 0.0335938 0.0912037
 0 0.385677 0.637731 0.0354167 0.0319444
 1 0.373177 0.919676 0.04375 0.11713
 2 0.430599 0.803935 0.0257812 0.0578704
 2 0.374479 0.790509 0.0484375 0.0615741
 