0 0.485896 0.593126 0.046997 0.084076
0 0.583819 0.572936 0.074243 0.105674
0 0.555631 0.932755 0.057810 0.115060
0 0.322202 0.632876 0.037322 0.077671
0 0.471304 0.733046 0.043709 0.102161
0 0.534415 0.705989 0.035140 0.090738
0 0.526340 0.818859 0.038483 0.082585
0 0.506545 0.657947 0.041660 0.068257
2 0.373111 0.790547 0.044401 0.065490
2 0.430811 0.809064 0.033360 0.066893
1 0.373598 0.914083 0.043883 0.123328
0 0.577778 0.665469 0.034989 0.071922
0 0.383554 0.640295 0.038779 0.045107
0 0.432302 0.694435 0.033121 0.059494
0 0.434446 0.911523 0.035836 0.079582
0 0.254561 0.974471 0.057819 0.051058
