0 0.486724 0.592309 0.047817 0.085779
0 0.583964 0.570725 0.074273 0.107264
0 0.555532 0.930773 0.058920 0.114880
0 0.322605 0.631024 0.036613 0.076524
0 0.471329 0.729812 0.043666 0.101284
0 0.534379 0.703777 0.034662 0.088790
0 0.507092 0.656842 0.041489 0.068131
2 0.373234 0.789056 0.043742 0.065628
0 0.525672 0.817887 0.041637 0.082034
1 0.374178 0.910441 0.044323 0.120986
2 0.430724 0.806539 0.033944 0.068988
0 0.577892 0.662724 0.034477 0.070993
0 0.432143 0.693618 0.033649 0.061020
0 0.383754 0.638773 0.037882 0.045072
0 0.435216 0.909926 0.036382 0.080224
0 0.256680 0.974646 0.062098 0.050707
