0 0.547756 0.621141 0.057863 0.083777
0 0.545300 0.698087 0.049176 0.071585
0 0.638951 0.710452 0.071697 0.129799
0 0.407164 0.485631 0.045500 0.071861
0 0.236339 0.752823 0.077157 0.171581
0 0.471237 0.643066 0.033345 0.055730
0 0.490058 0.718521 0.044152 0.110571
0 0.508052 0.846899 0.033621 0.081967
0 0.492919 0.951623 0.053740 0.096754
0 0.450578 0.553687 0.035386 0.045859
0 0.550588 0.769047 0.031011 0.082190
1 0.362595 0.752313 0.060658 0.071061
0 0.600514 0.781129 0.030127 0.098255
0 0.027429 0.456908 0.053602 0.087640
0 0.215688 0.935897 0.057088 0.098410
0 0.406174 0.826114 0.044515 0.098642
0 0.302828 0.966408 0.069116 0.067184
2 0.434650 0.734986 0.030581 0.068656
0 0.324208 0.840491 0.030143 0.078291
2 0.397047 0.662248 0.039900 0.059258
0 0.078395 0.272587 0.050555 0.075093
