0 0.514752 0.148583 0.032922 0.078472
0 0.441402 0.496816 0.037823 0.061924
0 0.547042 0.398595 0.057140 0.080926
0 0.779328 0.468266 0.074994 0.129772
0 0.419241 0.940469 0.044425 0.085312
0 0.543203 0.479017 0.025307 0.087177
0 0.424906 0.110828 0.020298 0.043440
0 0.422352 0.317737 0.024482 0.032074
0 0.398641 0.039834 0.023672 0.056918
0 0.517170 0.027072 0.023348 0.050199
0 0.413431 0.721412 0.031695 0.065628
0 0.427490 0.389747 0.025118 0.032181
0 0.483453 0.038195 0.023485 0.051987
0 0.429198 0.386460 0.026099 0.041549
1 0.728227 0.050634 0.056987 0.092172
1 0.731602 0.070210 0.062210 0.135897
0 0.610312 0.398987 0.019472 0.045896
1 0.406809 0.785414 0.025594 0.042649
