0 0.316021 0.427195 0.055241 0.091716
0 0.604389 0.503811 0.049397 0.065112
0 0.405288 0.862901 0.062035 0.121706
0 0.600316 0.799051 0.049319 0.092805
0 0.524690 0.743947 0.053364 0.092020
1 0.261180 0.593559 0.065213 0.087047
2 0.510053 0.569255 0.034084 0.051377
0 0.558728 0.822869 0.040148 0.087627
0 0.405521 0.372807 0.075937 0.134816
0 0.640178 0.348871 0.030974 0.065248
0 0.553137 0.679241 0.030907 0.055647
0 0.598610 0.959739 0.062716 0.080522
0 0.468643 0.834393 0.038627 0.075143
0 0.587479 0.606137 0.030006 0.055672
0 0.324808 0.576531 0.054895 0.099581
0 0.146904 0.277980 0.047289 0.078485
0 0.482016 0.776394 0.032067 0.064156
1 0.446075 0.551332 0.061744 0.061536
0 0.297926 0.920668 0.115791 0.158664
0 0.395915 0.540463 0.039633 0.054927
2 0.492330 0.662347 0.028452 0.056544
0 0.543722 0.961583 0.044891 0.076834
0 0.532164 0.867604 0.032902 0.072459
