0 0.603385 0.514815 0.04375 0.0638889
0 0.560026 0.834722 0.0466146 0.0703704
0 0.528776 0.757639 0.0419271 0.101389
0 0.554297 0.69213 0.0294271 0.0555556
0 0.541276 0.983796 0.0361979 0.0796296
0 0.404427 0.878009 0.0645833 0.120833
0 0.599219 0.990509 0.0651042 0.133796
0 0.467969 0.846065 0.0411458 0.0819444
0 0.405208 0.39375 0.0817708 0.164352
0 0.601042 0.815741 0.0447917 0.0814815
0 0.533203 0.882176 0.0335938 0.0912037
0 0.589714 0.615972 0.0309896 0.0560185
0 0.483464 0.796528 0.0304688 0.0782407
0 0.315495 0.441204 0.0575521 0.0925926
0 0.640104 0.359722 0.0317708 0.0722222
0 0.325 0.588889 0.0598958 0.0990741
0 0.298307 0.934954 0.119531 0.165278
0 0.396354 0.555324 0.0328125 0.0532407
1 0.259635 0.60787 0.0635417 0.0814815
1 0.444792 0.563426 0.0666667 0.0601852
1 0.408724 0.653472 0.0226563 0.0560185
2 0.49401 0.67662 0.0270833 0.0606481
2 0.510156 0.583796 0.0338542 0.0601852
