0 0.314377 0.507043 0.056909 0.095101
0 0.560164 0.906075 0.040930 0.085914
0 0.604714 0.568084 0.045041 0.064781
2 0.510118 0.642406 0.035795 0.052317
0 0.406269 0.444791 0.082728 0.139907
0 0.523503 0.824295 0.056641 0.096197
1 0.258176 0.685326 0.064818 0.088227
0 0.603417 0.880918 0.048128 0.091678
0 0.403386 0.946422 0.062272 0.107157
0 0.640564 0.412312 0.031289 0.069635
0 0.143032 0.360976 0.045731 0.080476
0 0.587829 0.675081 0.035314 0.055335
0 0.322412 0.659845 0.055006 0.102202
0 0.482027 0.863115 0.031852 0.061740
2 0.481763 0.092251 0.033940 0.095875
0 0.468924 0.921662 0.038557 0.070798
1 0.445498 0.626897 0.065096 0.064584
0 0.554560 0.758014 0.030822 0.061691
0 0.532348 0.953993 0.034716 0.075475
0 0.395799 0.620806 0.038321 0.058425
2 0.492842 0.737391 0.031434 0.063641
0 0.462471 0.024081 0.041316 0.048161
0 0.301678 0.961522 0.097587 0.076955
0 0.475888 0.889707 0.039065 0.112976
