0 0.640104 0.547454 0.0385417 0.0532407
0 0.72526 0.527083 0.0338542 0.0662037
0 0.276563 0.708102 0.0447917 0.0662037
0 0.454427 0.882407 0.0322917 0.0462963
0 0.277734 0.981019 0.0320312 0.037037
0 0.209115 0.749306 0.0411458 0.0597222
0 0.0997396 0.480556 0.0395833 0.0731481
0 0.350781 0.40787 0.0296875 0.0398148
0 0.63125 0.330787 0.0369792 0.0717593
0 0.355078 0.251389 0.0299479 0.0472222
0 0.342578 0.598843 0.0367187 0.0717593
1 0.580599 0.734259 0.0554687 0.087963
1 0.669141 0.625694 0.0315104 0.0717593
1 0.614974 0.413889 0.0455729 0.0907407
1 0.120312 0.794213 0.0463542 0.0699074
1 0.18125 0.27037 0.0494792 0.0722222
2 0.133073 0.0775463 0.0270833 0.0662037
0 0.26263 0.910185 0.0398437 0.0564815
0 0.636328 0.244213 0.0382813 0.0763889
