1 0.579026 0.731069 0.055651 0.100763
1 0.615384 0.412444 0.043789 0.082379
1 0.119401 0.794540 0.043893 0.086745
0 0.631721 0.333804 0.049266 0.089641
0 0.641149 0.552997 0.047814 0.087375
0 0.099076 0.480237 0.041702 0.075835
1 0.180991 0.272746 0.051487 0.092211
0 0.355310 0.251152 0.030799 0.051187
0 0.278267 0.713371 0.043975 0.080776
0 0.208775 0.748567 0.035684 0.063204
0 0.342721 0.598543 0.049526 0.060100
1 0.670263 0.627045 0.032821 0.093167
0 0.278066 0.979885 0.036414 0.040231
0 0.350255 0.407105 0.027912 0.045109
0 0.454188 0.884555 0.027988 0.047930
0 0.724900 0.527974 0.039747 0.079685
0 0.600396 0.898753 0.024391 0.043463
