0 0.347786 0.870139 0.0393229 0.0597222
0 0.328385 0.611574 0.0307292 0.0527778
0 0.80612 0.459722 0.0455729 0.087037
0 0.510547 0.377315 0.0268229 0.0416667
0 0.286458 0.322222 0.04375 0.0842593
0 0.126823 0.385185 0.0395833 0.0527778
0 0.215755 0.0398148 0.0502604 0.0796296
0 0.179688 0.340972 0.0380208 0.0828704
0 0.39349 0.618287 0.0401042 0.0782407
0 0.769271 0.683102 0.0494792 0.0847222
0 0.473568 0.549537 0.0497396 0.0592593
1 0.116146 0.30625 0.0354167 0.0736111
1 0.251953 0.605093 0.0382813 0.0777778
1 0.673177 0.825231 0.0630208 0.108796
1 0.771875 0.531944 0.0432292 0.0925926
0 0.521615 0.887269 0.0276042 0.0523148
0 0.295312 0.766898 0.0229167 0.0421296
0 0.283203 0.841435 0.0497396 0.049537
1 0.384115 0.186574 0.0635417 0.0898148
1 0.786719 0.781482 0.0385417 0.087963
