0 0.276172 0.978472 0.0393229 0.0597222
0 0.204948 0.749537 0.0354167 0.0611111
0 0.632161 0.33588 0.0502604 0.0958333
0 0.27526 0.711806 0.0395833 0.0819444
0 0.638932 0.552315 0.0518229 0.0888889
0 0.341797 0.59537 0.0497396 0.0592593
0 0.0916667 0.481481 0.0380208 0.0731481
1 0.111979 0.798148 0.0401042 0.0814815
1 0.579427 0.73125 0.0572917 0.0986111
0 0.452604 0.885417 0.0276042 0.0523148
0 0.348307 0.410185 0.0221354 0.0509259
1 0.175781 0.279861 0.0604167 0.0856481
1 0.666406 0.626852 0.0385417 0.087963
