0 0.281901 0.968287 0.0414063 0.0625
0 0.215104 0.736111 0.0354167 0.0611111
0 0.644531 0.340046 0.0479167 0.0912037
0 0.283854 0.702083 0.0395833 0.0819444
0 0.648307 0.560185 0.0518229 0.0888889
0 0.352214 0.590741 0.0523437 0.062037
0 0.109635 0.464815 0.0380208 0.0731481
0 0.360547 0.40162 0.0273438 0.0430556
1 0.125521 0.77662 0.0421875 0.0856481
1 0.586458 0.73588 0.0572917 0.0986111
1 0.676693 0.634028 0.0351563 0.0967593
1 0.62513 0.413657 0.0466146 0.0893519
2 0.149479 0.0703704 0.0255208 0.0574074
0 0.458203 0.884259 0.0263021 0.05
0 0.367318 0.246296 0.0315104 0.0481481
0 0.733073 0.53588 0.0411458 0.0763889
1 0.190885 0.268287 0.0604167 0.0856481
