1 0.642443 0.423557 0.044812 0.088327
1 0.596323 0.741586 0.053844 0.098621
0 0.298899 0.686968 0.043178 0.080830
1 0.691461 0.648852 0.032010 0.095084
0 0.228198 0.716310 0.034830 0.061870
1 0.140393 0.749691 0.041872 0.083566
1 0.217588 0.243729 0.050000 0.091819
0 0.288769 0.961174 0.037894 0.059809
0 0.131814 0.440281 0.038444 0.071855
0 0.664914 0.571300 0.051035 0.093106
0 0.663805 0.346266 0.046198 0.086434
0 0.366189 0.581112 0.055283 0.068526
0 0.388712 0.241857 0.030743 0.048638
0 0.019457 0.513798 0.036106 0.089228
0 0.751334 0.551101 0.039363 0.073899
0 0.016654 0.178383 0.032855 0.105190
0 0.465420 0.879591 0.025944 0.045562
0 0.379233 0.392064 0.026042 0.042652
0 0.218669 0.967591 0.042971 0.064817
2 0.177668 0.046578 0.023298 0.052278
0 0.276941 0.882141 0.040491 0.054490
