0 0.315495 0.966898 0.0414063 0.0625
0 0.253385 0.722685 0.0354167 0.0611111
0 0.684896 0.341898 0.0479167 0.0912037
0 0.321875 0.691435 0.0395833 0.0819444
0 0.686458 0.56088 0.0494792 0.0847222
0 0.390495 0.581944 0.0523437 0.062037
0 0.152604 0.449074 0.0380208 0.0731481
0 0.399349 0.394213 0.0273438 0.0430556
0 0.775651 0.53912 0.0372396 0.0717593
1 0.163802 0.759722 0.0401042 0.0814815
1 0.620833 0.73588 0.0572917 0.0986111
1 0.714714 0.637731 0.0351563 0.0967593
1 0.664193 0.415046 0.0466146 0.0893519
1 0.238021 0.249769 0.0515625 0.0893519
2 0.195313 0.0550926 0.0255208 0.0574074
0 0.0424479 0.527778 0.040625 0.0916667
0 0.0220052 0.191898 0.0393229 0.106019
0 0.407292 0.244676 0.03125 0.0699074
