0 0.310339 0.631401 0.057665 0.102127
0 0.457101 0.088866 0.041438 0.077784
2 0.480537 0.175950 0.030156 0.102221
0 0.404756 0.552690 0.083955 0.141506
1 0.254537 0.827772 0.067402 0.090523
2 0.510668 0.763251 0.037896 0.055993
0 0.527054 0.951445 0.057289 0.095169
0 0.605825 0.671097 0.047340 0.063040
0 0.556609 0.873453 0.030574 0.057971
0 0.135320 0.491738 0.048669 0.080243
0 0.318156 0.796160 0.056541 0.103614
2 0.491776 0.856797 0.031253 0.074587
0 0.568869 0.062054 0.041250 0.068755
0 0.611154 0.044963 0.021453 0.039282
0 0.072037 0.433955 0.038719 0.072861
0 0.394887 0.742809 0.042296 0.064408
0 0.602553 0.974449 0.049888 0.051102
1 0.444203 0.750576 0.066695 0.061686
0 0.069996 0.058276 0.101657 0.116553
0 0.642859 0.509897 0.032360 0.071862
0 0.587805 0.781960 0.040353 0.055881
0 0.443207 0.748563 0.068056 0.062832
2 0.432490 0.865289 0.044493 0.078559
0 0.028699 0.534674 0.055219 0.083889
2 0.258719 0.733338 0.036333 0.058277
