0 0.337863 0.690898 0.041925 0.083480
1 0.678200 0.418315 0.045692 0.087563
1 0.633699 0.733920 0.059005 0.099086
1 0.180252 0.758810 0.042827 0.085254
0 0.696395 0.335959 0.049534 0.088928
0 0.267940 0.722368 0.034214 0.064363
0 0.034098 0.187483 0.050413 0.086491
0 0.051143 0.528029 0.047204 0.098511
0 0.168280 0.449605 0.042052 0.075918
1 0.252554 0.250273 0.050625 0.090033
0 0.701113 0.559288 0.051024 0.088703
1 0.729565 0.637504 0.033818 0.097003
0 0.403197 0.580794 0.055690 0.067527
0 0.330454 0.964747 0.039280 0.057700
0 0.419917 0.241353 0.030137 0.049259
0 0.412772 0.393294 0.025851 0.041751
0 0.013460 0.606535 0.026218 0.069870
0 0.788333 0.540525 0.040063 0.075019
0 0.502184 0.876459 0.027590 0.046721
0 0.259158 0.971714 0.043308 0.056572
0 0.647866 0.904023 0.025080 0.047479
