1 0.686922 0.397958 0.045177 0.087722
1 0.648961 0.723496 0.055565 0.099845
1 0.259437 0.268302 0.053063 0.094262
0 0.713581 0.542918 0.052411 0.087770
0 0.353948 0.704832 0.042206 0.081218
0 0.033573 0.217884 0.053056 0.086269
1 0.196363 0.788259 0.042552 0.084440
0 0.286537 0.741855 0.033214 0.063179
1 0.744100 0.618813 0.032539 0.094600
0 0.060317 0.566125 0.044147 0.099188
0 0.178268 0.477051 0.042085 0.081411
0 0.704484 0.320702 0.046551 0.081359
0 0.354955 0.975662 0.037776 0.048676
0 0.415140 0.589555 0.045639 0.057037
0 0.424584 0.247125 0.030734 0.052357
0 0.421580 0.400924 0.027209 0.043953
0 0.521542 0.875567 0.027074 0.046292
0 0.068932 0.035930 0.043475 0.066469
0 0.799829 0.516926 0.037444 0.074140
2 0.211179 0.072847 0.024655 0.063831
0 0.016149 0.647473 0.032298 0.065933
0 0.236996 0.114276 0.025887 0.065459
0 0.683227 0.665195 0.025977 0.050134
0 0.666565 0.888647 0.023201 0.046783
