1 0.726980 0.398922 0.045761 0.090784
1 0.686992 0.725971 0.057524 0.102289
0 0.326976 0.743978 0.034149 0.063740
0 0.396236 0.707083 0.041456 0.079373
0 0.075214 0.220323 0.054834 0.081454
1 0.237297 0.789846 0.039671 0.082728
0 0.102413 0.567754 0.046134 0.101299
1 0.786106 0.619292 0.034453 0.093787
1 0.301645 0.273587 0.050506 0.094177
0 0.753739 0.546019 0.054205 0.094127
0 0.462491 0.248584 0.030417 0.050498
0 0.395230 0.977227 0.035059 0.045545
0 0.456177 0.595213 0.046633 0.057021
0 0.219849 0.480706 0.041694 0.079163
1 0.025492 0.575669 0.050984 0.089835
0 0.743882 0.321882 0.047752 0.083608
0 0.460450 0.403138 0.027225 0.043759
0 0.053861 0.650708 0.043758 0.064931
0 0.112075 0.040652 0.042292 0.068662
0 0.558712 0.877424 0.026864 0.045458
0 0.841181 0.517444 0.039060 0.077049
2 0.255934 0.076609 0.022140 0.063410
0 0.378705 0.907964 0.042063 0.053834
0 0.014836 0.254450 0.029672 0.084146
0 0.280230 0.118833 0.028143 0.066473
0 0.979824 0.897242 0.020000 0.034944
