1 0.769799 0.402135 0.045530 0.086356
1 0.730945 0.728525 0.060011 0.105489
0 0.149951 0.572072 0.046580 0.100193
1 0.283230 0.793597 0.041661 0.084076
0 0.125053 0.222286 0.053244 0.079659
0 0.440210 0.711267 0.042857 0.082756
0 0.503678 0.250412 0.030845 0.049767
0 0.798907 0.548288 0.052960 0.094246
0 0.373135 0.746938 0.034364 0.062016
0 0.267627 0.485593 0.043237 0.081225
1 0.070398 0.579829 0.063452 0.097783
1 0.831942 0.622472 0.034121 0.091972
1 0.349296 0.277381 0.050805 0.092244
0 0.502991 0.406923 0.030440 0.045336
0 0.788114 0.323653 0.048552 0.090042
0 0.501585 0.596004 0.050616 0.059677
0 0.102575 0.655259 0.041335 0.064339
0 0.439174 0.979010 0.035499 0.041980
0 0.160454 0.044685 0.043659 0.069413
0 0.599845 0.881906 0.028693 0.045768
0 0.056913 0.255019 0.044603 0.070630
2 0.303574 0.082251 0.024207 0.069836
0 0.328240 0.125443 0.029133 0.072148
0 0.888672 0.519599 0.038420 0.075863
0 0.057988 0.455029 0.045677 0.064269
0 0.367262 0.985092 0.035791 0.029816
0 0.422097 0.910739 0.043378 0.052320
