0 0.558073 0.975 0.0322917 0.0490741
0 0.500781 0.748611 0.0390625 0.0675926
0 0.930339 0.354861 0.0502604 0.0958333
0 0.566927 0.71875 0.0395833 0.0819444
0 0.936068 0.57963 0.0570313 0.0981481
0 0.63112 0.605093 0.0497396 0.0592593
0 0.405599 0.481019 0.0419271 0.0805556
0 0.633854 0.414815 0.0286458 0.0453704
0 0.2875 0.556944 0.0453125 0.10463
0 0.634896 0.258333 0.0286458 0.05
0 0.27513 0.214815 0.0533854 0.0851852
0 0.239323 0.638194 0.0395833 0.0606481
0 0.3125 0.0400463 0.05625 0.0810185
0 0.541797 0.914815 0.0393229 0.0453704
0 0.475911 0.123148 0.0231771 0.0777778
1 0.408854 0.7875 0.0401042 0.0814815
1 0.855208 0.758102 0.0630208 0.108796
1 0.969661 0.658102 0.0351563 0.0967593
1 0.909635 0.430324 0.0489583 0.0939815
1 0.489583 0.27662 0.0541667 0.0939815
1 0.210156 0.559259 0.0614583 0.101852
2 0.455339 0.087037 0.0242187 0.0722222
0 0.713672 0.900694 0.0278646 0.0476852
0 0.202604 0.438426 0.0458333 0.062963
0 0.207031 0.242824 0.0463542 0.075463
0 0.516406 0.451157 0.0390625 0.0402778
