0 0.615104 0.994676 0.0307292 0.0467593
0 0.563542 0.755093 0.0390625 0.0675926
0 0.630729 0.728009 0.0395833 0.0819444
0 1 0.606019 0.0544271 0.0935185
0 0.696745 0.615741 0.0523437 0.062037
0 0.472266 0.485185 0.0398437 0.0768519
0 0.699479 0.424306 0.0302083 0.0476852
0 0.354167 0.556944 0.0453125 0.10463
0 0.70026 0.267593 0.0286458 0.05
0 0.347005 0.215046 0.0507813 0.0810185
0 0.30625 0.636343 0.0395833 0.0606481
0 0.384635 0.0418981 0.05625 0.0810185
0 0.602214 0.923611 0.0393229 0.0453704
0 0.547526 0.129167 0.0221354 0.0740741
1 0.471094 0.791204 0.0401042 0.0814815
1 0.91901 0.777083 0.0630208 0.108796
1 0.975521 0.447454 0.0489583 0.0939815
1 0.560156 0.282639 0.0515625 0.0893519
1 0.277344 0.55787 0.0614583 0.101852
2 0.527865 0.103472 0.0151042 0.105093
0 0.772005 0.915509 0.0278646 0.0476852
0 0.270573 0.437037 0.0458333 0.062963
0 0.279427 0.242361 0.0463542 0.075463
0 0.582292 0.458565 0.0390625 0.0402778
0 0.0714844 0.515046 0.0315104 0.0680556
