0 0.360749 0.215449 0.052851 0.079863
0 0.643396 0.730238 0.042055 0.080574
0 0.366611 0.556760 0.042744 0.102505
0 0.575171 0.754964 0.036749 0.061393
0 0.483112 0.486609 0.045247 0.084334
1 0.483761 0.792951 0.040986 0.087407
0 0.319331 0.638801 0.043500 0.066253
1 0.290525 0.559497 0.062182 0.101448
1 0.573464 0.285425 0.050938 0.093354
1 0.930812 0.780548 0.062047 0.110014
0 0.707711 0.615152 0.052873 0.061647
0 0.711275 0.269287 0.029210 0.053772
0 0.291536 0.241994 0.042296 0.068926
0 0.396366 0.042838 0.049200 0.073841
0 0.710643 0.423591 0.033169 0.046484
0 0.282485 0.440601 0.044551 0.061191
2 0.538462 0.098699 0.027167 0.087154
0 0.084246 0.512895 0.035035 0.064030
1 0.306082 0.172959 0.039167 0.084398
0 0.614623 0.924663 0.043266 0.051070
0 0.782808 0.917284 0.027552 0.047892
1 0.982316 0.455139 0.035369 0.079319
0 0.630891 0.987624 0.033660 0.024751
0 0.561475 0.131001 0.026876 0.078612
0 0.595537 0.459664 0.040224 0.047552
0 0.993879 0.376094 0.011670 0.061606
