0 0.645052 0.996759 0.0322917 0.0490741
0 0.59401 0.755556 0.0354167 0.0611111
0 0.661458 0.729398 0.0395833 0.0819444
0 0.726953 0.615741 0.0497396 0.0592593
0 0.502995 0.486111 0.0419271 0.0805556
0 0.729167 0.423843 0.0333333 0.0523148
0 0.385677 0.556019 0.0453125 0.10463
0 0.729948 0.266667 0.0286458 0.05
0 0.379818 0.21713 0.0533854 0.0851852
0 0.338281 0.637269 0.0395833 0.0606481
0 0.416797 0.0405093 0.0533854 0.0773148
0 0.632031 0.92338 0.0375 0.0430556
0 0.579557 0.127778 0.0221354 0.0740741
1 0.501562 0.790972 0.0421875 0.0856481
1 0.948958 0.778009 0.0630208 0.108796
1 0.59362 0.282407 0.0492188 0.0851852
1 0.308724 0.556944 0.0585938 0.0972222
2 0.560026 0.102778 0.0158854 0.110185
0 0.800651 0.915972 0.0278646 0.0476852
0 0.301562 0.437963 0.04375 0.0601852
0 0.311458 0.242824 0.0463542 0.075463
0 0.613281 0.458565 0.0390625 0.0402778
0 0.10013 0.515046 0.0315104 0.0680556
