0 0.646875 0.99838 0.0338542 0.0513889
0 0.594792 0.761111 0.0354167 0.0611111
0 0.661719 0.734954 0.0395833 0.0819444
0 0.725391 0.623148 0.0450521 0.0537037
0 0.505078 0.495139 0.0440104 0.0847222
0 0.728646 0.433102 0.0333333 0.0523148
0 0.388802 0.565046 0.0432292 0.099537
0 0.729036 0.278009 0.0273438 0.0476852
0 0.383203 0.22963 0.0533854 0.0851852
0 0.342187 0.644213 0.0395833 0.0606481
0 0.420573 0.0543981 0.0484375 0.0699074
0 0.632292 0.927083 0.0375 0.0430556
0 0.581901 0.141667 0.0231771 0.0777778
1 0.502865 0.796759 0.0401042 0.0814815
1 0.945573 0.784028 0.0630208 0.108796
1 0.595182 0.293981 0.0492188 0.0851852
1 0.313151 0.565278 0.0585938 0.0972222
1 0.332552 0.187037 0.0390625 0.087037
2 0.561849 0.115741 0.0143229 0.1
0 0.798568 0.920602 0.0278646 0.0476852
0 0.30625 0.446296 0.04375 0.0601852
0 0.316276 0.254398 0.0486979 0.0791667
0 0.613672 0.467824 0.0372396 0.0384259
0 0.10612 0.521991 0.0315104 0.0680556
