0 0.645312 1 0.0338542 0.0513889
0 0.59349 0.772685 0.0354167 0.0611111
0 0.658724 0.746991 0.0377604 0.0782407
0 0.720703 0.637269 0.0429688 0.0513889
0 0.505599 0.512037 0.0419271 0.0805556
0 0.724219 0.452083 0.0333333 0.0523148
0 0.391927 0.578935 0.0432292 0.099537
0 0.72513 0.299306 0.0273438 0.0476852
0 0.38737 0.254167 0.0533854 0.0851852
0 0.346354 0.658565 0.0395833 0.0606481
0 0.423307 0.0819444 0.0460938 0.0666667
0 0.629557 0.935185 0.0393229 0.0453704
0 0.580859 0.168981 0.0231771 0.0777778
1 0.503646 0.806713 0.0421875 0.0856481
1 0.935938 0.795139 0.0630208 0.108796
1 0.59375 0.316435 0.046875 0.0810185
1 0.318359 0.581481 0.0585938 0.0972222
1 0.33776 0.2125 0.0390625 0.087037
2 0.561589 0.143056 0.0143229 0.1
0 0.792969 0.927778 0.0265625 0.0453704
0 0.311719 0.464815 0.04375 0.0601852
0 0.322005 0.278472 0.0486979 0.0791667
0 0.611849 0.48588 0.0372396 0.0384259
0 0.115234 0.536806 0.0315104 0.0680556
