0 0.391731 0.275924 0.048054 0.077551
1 0.504506 0.818000 0.040966 0.085767
1 0.929206 0.804503 0.058743 0.103365
0 0.507052 0.528338 0.043074 0.076938
0 0.591591 0.783682 0.033808 0.062607
1 0.591202 0.339556 0.045620 0.085162
1 0.323868 0.598301 0.058767 0.091244
0 0.395291 0.592885 0.039448 0.093820
0 0.716674 0.651703 0.051017 0.063105
0 0.656392 0.758553 0.038082 0.075936
0 0.350399 0.670715 0.039635 0.061741
0 0.327739 0.300083 0.046344 0.066932
0 0.720753 0.320853 0.026362 0.048971
0 0.316428 0.480726 0.041603 0.061602
0 0.720095 0.468889 0.029683 0.045756
0 0.658755 0.041024 0.039744 0.080070
0 0.426079 0.112132 0.050863 0.073633
0 0.124881 0.547563 0.033182 0.063420
1 0.342211 0.233773 0.039004 0.082047
0 0.992212 0.638371 0.015576 0.079346
1 0.980171 0.497345 0.039658 0.080003
0 0.610980 0.505197 0.034757 0.043410
0 0.579920 0.197005 0.024907 0.067553
2 0.561869 0.168531 0.024635 0.091771
0 0.787465 0.935185 0.026170 0.045500
0 0.979866 0.496925 0.040209 0.081547
0 0.627666 0.942192 0.043576 0.054386
1 0.120890 0.620472 0.026048 0.049138
0 0.576698 0.202068 0.022113 0.075484
0 0.991483 0.425459 0.016100 0.046822
