0 0.617188 0.801852 0.0354167 0.0611111
0 0.678385 0.779398 0.0359375 0.074537
0 0.736719 0.676389 0.0473958 0.0564815
0 0.535286 0.560648 0.0419271 0.0805556
0 0.738281 0.50162 0.0333333 0.0523148
0 0.430208 0.621991 0.0390625 0.0902778
0 0.738802 0.359259 0.0260417 0.0453704
0 0.428255 0.321528 0.0440104 0.0699074
0 0.388542 0.696528 0.0359375 0.0550926
0 0.461068 0.165972 0.0440104 0.0634259
0 0.650651 0.953241 0.0393229 0.0453704
0 0.604036 0.246296 0.0210938 0.0703704
1 0.533464 0.833333 0.0382813 0.0777778
1 0.936198 0.820602 0.0630208 0.108796
1 0.617318 0.380324 0.0445312 0.0773148
1 0.3625 0.624537 0.053125 0.087963
1 0.38138 0.284954 0.0372396 0.0828704
2 0.58763 0.218981 0.0143229 0.087963
0 0.802214 0.944213 0.0252604 0.0430556
0 0.356771 0.516667 0.04375 0.0601852
0 0.366927 0.341435 0.0338542 0.0402778
0 0.634375 0.53588 0.0354167 0.0365741
0 0.169401 0.579167 0.0299479 0.0648148
0 0.678776 0.0791667 0.0361979 0.125926
0 0.241536 0.380787 0.0236979 0.049537
