1 0.620926 0.387827 0.044508 0.076521
1 0.547062 0.837513 0.035967 0.075912
0 0.687487 0.772891 0.036499 0.070794
1 0.936872 0.795534 0.055090 0.096070
1 0.374993 0.645927 0.054849 0.092129
0 0.627980 0.800271 0.033089 0.056571
0 0.544188 0.569296 0.040951 0.072467
0 0.440990 0.634725 0.036579 0.091825
0 0.434192 0.340342 0.044519 0.071381
0 0.401624 0.713094 0.037942 0.060672
0 0.738510 0.498444 0.031263 0.039772
0 0.463374 0.183631 0.039857 0.058865
0 0.736543 0.359299 0.028021 0.049852
0 0.740210 0.668099 0.048835 0.057702
0 0.675478 0.087845 0.037336 0.106502
0 0.640070 0.538638 0.034927 0.042752
0 0.365033 0.535967 0.037151 0.058145
0 0.374814 0.368729 0.037862 0.064195
1 0.385943 0.307957 0.038999 0.085164
0 0.178591 0.608168 0.031542 0.061070
1 0.980114 0.505776 0.039369 0.081609
0 0.663497 0.946680 0.038854 0.053746
0 0.809832 0.925634 0.024223 0.042825
0 0.607367 0.255929 0.026244 0.050870
2 0.587604 0.227453 0.021919 0.067386
0 0.248078 0.409068 0.024091 0.047166
0 0.993207 0.638445 0.013586 0.076304
0 0.933981 0.945221 0.026326 0.038688
