1 0.411208 0.658789 0.050373 0.089359
1 0.579250 0.845599 0.036921 0.077224
1 0.654350 0.405348 0.043642 0.077277
1 0.961377 0.803358 0.059401 0.100072
0 0.476525 0.647058 0.034669 0.087473
0 0.471153 0.362929 0.042843 0.069827
0 0.577867 0.583699 0.041280 0.074513
0 0.660267 0.809882 0.031953 0.058286
0 0.438482 0.724886 0.036351 0.055603
0 0.717563 0.783404 0.035155 0.074186
0 0.402540 0.552398 0.040996 0.055669
0 0.763699 0.375735 0.027738 0.046925
0 0.499006 0.209412 0.042526 0.064355
0 0.767743 0.511919 0.029463 0.042140
0 0.706711 0.111037 0.037219 0.105566
0 0.766537 0.680499 0.042208 0.051377
1 0.447732 0.037716 0.046566 0.075432
0 0.032444 0.287816 0.040792 0.060356
0 0.412639 0.387847 0.040503 0.061184
0 0.672184 0.553739 0.036359 0.044052
0 0.216882 0.622012 0.032351 0.057760
1 0.424385 0.328599 0.037274 0.084215
0 0.637448 0.278369 0.021129 0.063295
0 0.835329 0.932559 0.023783 0.041187
2 0.621134 0.257877 0.022708 0.082365
0 0.641343 0.275908 0.021830 0.060776
1 0.216664 0.692530 0.021814 0.046356
1 0.041144 0.093526 0.052686 0.085159
0 0.992566 0.516352 0.014867 0.043933
