0 0.668359 0.810648 0.0320312 0.0555556
0 0.725521 0.784954 0.0359375 0.074537
0 0.778255 0.68125 0.0429688 0.0513889
0 0.585547 0.585648 0.0419271 0.0805556
0 0.77526 0.514815 0.0317708 0.05
0 0.485547 0.649074 0.0372396 0.0861111
0 0.771224 0.378009 0.0247396 0.0430556
0 0.480859 0.364815 0.0419271 0.0666667
0 0.447656 0.725231 0.0359375 0.0550926
0 0.508203 0.212963 0.0419271 0.0601852
0 0.701563 0.952083 0.0375 0.0430556
0 0.647786 0.281481 0.0190104 0.0638889
0 0.714583 0.117361 0.0375 0.103241
1 0.588151 0.846759 0.0382813 0.0777778
1 0.966406 0.805093 0.0598958 0.103704
1 0.661849 0.408102 0.0445312 0.0773148
1 0.420833 0.659722 0.053125 0.087963
1 0.434635 0.332639 0.0354167 0.0791667
2 0.629557 0.259259 0.0143229 0.087963
0 0.842057 0.932176 0.0252604 0.0430556
0 0.4125 0.554861 0.0416667 0.0569444
0 0.422396 0.38588 0.0338542 0.0402778
0 0.679427 0.554861 0.0354167 0.0365741
0 0.226693 0.625 0.0299479 0.0648148
0 0.295182 0.43125 0.0236979 0.049537
0 0.0398437 0.28912 0.0338542 0.0606481
0 0.396745 0.025463 0.0210938 0.0509259
1 0.0557292 0.10162 0.0489583 0.0856481
