1 0.615617 0.844953 0.037180 0.078252
0 0.513771 0.647415 0.036994 0.084687
0 0.613728 0.584771 0.038409 0.077265
1 0.691945 0.409796 0.043676 0.073509
0 0.508896 0.365100 0.041663 0.068160
1 0.449262 0.659704 0.052599 0.085001
0 0.696193 0.809586 0.031227 0.059626
0 0.475872 0.724420 0.037854 0.056926
0 0.752914 0.783747 0.034292 0.071825
0 0.440217 0.551264 0.035963 0.058528
0 0.536760 0.214445 0.040900 0.062892
0 0.743064 0.115065 0.038540 0.104334
0 0.803382 0.682973 0.044065 0.050491
1 0.980673 0.802478 0.037995 0.083724
0 0.797009 0.378522 0.027282 0.047210
0 0.801554 0.514359 0.033255 0.043358
0 0.072539 0.291032 0.042093 0.057977
0 0.708158 0.555808 0.038133 0.043906
1 0.463152 0.333003 0.035473 0.076506
0 0.451889 0.391244 0.040437 0.058087
1 0.483672 0.039460 0.046444 0.078921
0 0.253419 0.623025 0.030774 0.055731
2 0.051766 0.487317 0.047751 0.059162
1 0.080857 0.097509 0.048834 0.078145
1 0.253383 0.692849 0.020976 0.044306
0 0.675675 0.280618 0.021640 0.062752
0 0.867109 0.930961 0.025045 0.044288
0 0.425525 0.026799 0.025427 0.053598
2 0.658571 0.259868 0.022660 0.077118
0 0.986130 0.950697 0.026312 0.042499
