0 0.713932 0.807407 0.0320312 0.0555556
0 0.771354 0.780787 0.0359375 0.074537
0 0.822786 0.678009 0.0408854 0.0486111
0 0.632161 0.583102 0.0440104 0.0847222
0 0.81849 0.51088 0.0333333 0.0523148
0 0.531771 0.647917 0.0338542 0.0782407
0 0.813672 0.374769 0.0247396 0.0430556
0 0.528255 0.363889 0.0419271 0.0666667
0 0.494271 0.723843 0.0359375 0.0550926
0 0.554818 0.213657 0.0440104 0.0634259
0 0.746484 0.946991 0.0356771 0.0412037
0 0.695182 0.278704 0.0190104 0.0638889
0 0.760677 0.115046 0.0375 0.103241
0 0.443099 0.0305556 0.0231771 0.0601852
1 0.633073 0.843518 0.0364583 0.0740741
1 1 0.802083 0.0572917 0.0986111
1 0.708203 0.405787 0.0445312 0.0773148
1 0.466927 0.65787 0.0557292 0.0925926
1 0.48125 0.333102 0.0354167 0.0791667
2 0.677083 0.253241 0.0130208 0.0796296
2 0.0710938 0.489583 0.0432292 0.0476852
0 0.883464 0.925694 0.0252604 0.0430556
0 0.458594 0.553472 0.0416667 0.0569444
0 0.470052 0.38588 0.0338542 0.0402778
0 0.72474 0.552546 0.0354167 0.0365741
0 0.270964 0.625232 0.0315104 0.0680556
0 0.338932 0.430787 0.0236979 0.049537
0 0.0864583 0.292361 0.0338542 0.0606481
0 0.441797 0.025463 0.0210938 0.0509259
1 0.271094 0.693056 0.0244792 0.0462963
1 0.0981771 0.100694 0.0489583 0.0856481
