0 0.770703 0.72963 0.0320312 0.0555556
0 0.820833 0.685417 0.034375 0.0708333
0 0.854948 0.570833 0.0390625 0.0462963
0 0.676172 0.539583 0.0440104 0.0847222
0 0.835286 0.41713 0.0278646 0.0435185
0 0.585286 0.633796 0.0372396 0.0861111
0 0.8125 0.291435 0.0234375 0.0412037
0 0.559505 0.358565 0.0440104 0.0699074
0 0.557943 0.722454 0.0377604 0.0578704
0 0.56888 0.203241 0.0419271 0.0601852
0 0.810807 0.851157 0.0356771 0.0412037
0 0.705339 0.232407 0.0190104 0.0638889
0 0.751953 0.0553241 0.0356771 0.0986111
0 0.0924479 0.424074 0.0401042 0.0703704
0 0.432422 0.0458333 0.0221354 0.0574074
0 0.834505 0.913889 0.0304688 0.0555556
1 0.699089 0.791204 0.0346354 0.0703704
1 0.73125 0.348843 0.046875 0.0810185
1 0.525 0.665741 0.053125 0.087963
1 0.509635 0.341898 0.0354167 0.0791667
1 0.322786 0.775694 0.0236979 0.0550926
2 0.688281 0.215741 0.0166667 0.100926
2 0.093099 0.631481 0.0486979 0.0648148
0 0.779036 0.945139 0.0278646 0.0476852
0 0.504948 0.566898 0.0416667 0.0569444
0 0.505469 0.394213 0.0354167 0.0421296
0 0.757292 0.483102 0.0338542 0.0347222
0 0.313672 0.700694 0.0315104 0.0680556
0 0.366276 0.48287 0.0226563 0.0472222
1 0.0795573 0.219444 0.0513021 0.0898148
1 0.154297 0.0597222 0.0455729 0.075
