0 0.819661 0.735648 0.0304688 0.0527778
0 0.870052 0.691435 0.034375 0.0708333
0 0.902995 0.577315 0.0372396 0.0444444
0 0.727734 0.544907 0.0419271 0.0805556
0 0.882552 0.422454 0.0291667 0.0458333
0 0.63737 0.640741 0.0372396 0.0861111
0 0.859115 0.297454 0.0234375 0.0412037
0 0.612891 0.364815 0.0419271 0.0666667
0 0.609635 0.727546 0.0359375 0.0550926
0 0.622005 0.210648 0.0419271 0.0601852
0 0.859375 0.855787 0.0375 0.0430556
0 0.757943 0.237037 0.0190104 0.0638889
0 0.802344 0.0631944 0.0375 0.103241
0 0.152344 0.432407 0.0421875 0.0740741
0 0.485026 0.0560185 0.0221354 0.0574074
0 0.883203 0.917593 0.0304688 0.0555556
0 0.55612 0.571296 0.0299479 0.0546296
0 0.365625 0.703935 0.0348958 0.0560185
1 0.749089 0.795833 0.0346354 0.0703704
1 0.783203 0.354398 0.0445312 0.0773148
1 0.578385 0.670833 0.053125 0.087963
1 0.563542 0.349306 0.0354167 0.0791667
1 0.374349 0.779398 0.0236979 0.0550926
1 0.0484375 0.11875 0.0291667 0.075463
1 0.135547 0.221991 0.0434896 0.0782407
2 0.741536 0.221759 0.0158854 0.0962963
2 0.151562 0.638194 0.0510417 0.0680556
0 0.828906 0.946296 0.034375 0.0601852
1 0.207943 0.0708333 0.0434896 0.0712963
