1 0.627670 0.684306 0.048727 0.084790
1 0.791490 0.806482 0.035321 0.071337
0 0.771679 0.562091 0.038774 0.073186
1 0.825790 0.377977 0.041188 0.079478
1 0.201558 0.251511 0.044933 0.074998
0 0.865815 0.950319 0.034098 0.060257
0 0.657241 0.740318 0.037618 0.054809
0 0.909774 0.705867 0.033962 0.066091
0 0.920791 0.921088 0.030698 0.052197
0 0.684091 0.655284 0.036422 0.091493
0 0.662124 0.386953 0.040416 0.061333
0 0.861472 0.745407 0.030627 0.053541
0 0.670590 0.239572 0.042764 0.058881
1 0.614293 0.370297 0.036214 0.074268
0 0.606040 0.589292 0.033806 0.055470
0 0.148804 0.114424 0.048942 0.084944
0 0.845209 0.090936 0.034481 0.094056
1 0.117096 0.151177 0.028522 0.073054
0 0.218884 0.451993 0.041857 0.075638
1 0.426423 0.787602 0.023743 0.053762
0 0.417328 0.715346 0.035976 0.057892
0 0.897423 0.864204 0.036548 0.047012
0 0.939238 0.591009 0.030879 0.049142
2 0.217150 0.654102 0.052252 0.060706
1 0.263477 0.114530 0.044766 0.074274
0 0.804985 0.261211 0.024545 0.055374
0 0.102339 0.807921 0.040813 0.062995
0 0.343331 0.035751 0.030309 0.066691
0 0.898567 0.316481 0.022993 0.044444
1 0.475239 0.119413 0.033751 0.080140
0 0.537525 0.090466 0.021051 0.055294
0 0.919732 0.439795 0.029614 0.039822
0 0.801859 0.268033 0.022003 0.062501
1 0.586830 0.073422 0.024728 0.060536
0 0.941070 0.583840 0.027742 0.049307
0 0.607848 0.430833 0.032962 0.063573
