1 0.788392 0.812845 0.036012 0.075197
0 0.655081 0.750046 0.037041 0.055651
0 0.903041 0.713997 0.031538 0.063876
0 0.767349 0.571978 0.039791 0.072020
1 0.624903 0.693343 0.049910 0.085731
1 0.822047 0.388746 0.041988 0.072081
1 0.205899 0.265302 0.045639 0.079078
0 0.682123 0.664497 0.035968 0.086744
0 0.914429 0.927052 0.030665 0.053349
0 0.860383 0.956511 0.033297 0.057844
0 0.840017 0.107605 0.035400 0.096947
0 0.222202 0.465979 0.042160 0.075035
0 0.605471 0.597055 0.032236 0.053820
0 0.659734 0.398835 0.039274 0.059849
0 0.855266 0.753935 0.033176 0.051606
0 0.156432 0.129411 0.049828 0.082672
1 0.123585 0.163361 0.029245 0.067894
1 0.613999 0.381505 0.036695 0.072110
0 0.668448 0.253504 0.042527 0.061581
0 0.419124 0.721408 0.035612 0.059196
1 0.269382 0.132740 0.038519 0.072470
0 0.345774 0.049994 0.029398 0.070142
0 0.108094 0.813229 0.040531 0.060953
2 0.221382 0.661135 0.050137 0.059986
0 0.891787 0.867859 0.037426 0.045915
1 0.427808 0.792042 0.023939 0.054698
0 0.893130 0.329759 0.023231 0.044701
0 0.798218 0.279871 0.024269 0.060055
0 0.933613 0.599515 0.031676 0.051221
0 0.913731 0.451755 0.029640 0.041001
0 0.536896 0.107288 0.025050 0.060008
0 0.991525 0.807016 0.016950 0.044303
1 0.475625 0.132741 0.031940 0.069743
1 0.405301 0.030881 0.031707 0.053561
