0 0.898696 0.717701 0.032624 0.062414
1 0.785360 0.818952 0.036797 0.073957
1 0.818465 0.398017 0.040534 0.067354
0 0.657686 0.410224 0.039843 0.064744
0 0.765093 0.580428 0.037243 0.072600
0 0.680738 0.670153 0.035827 0.081063
0 0.654114 0.754613 0.033891 0.052005
0 0.225955 0.472320 0.040181 0.070779
1 0.624430 0.699991 0.049969 0.080834
1 0.209651 0.274666 0.043237 0.074074
0 0.113443 0.815562 0.039592 0.060188
0 0.910146 0.929772 0.031345 0.053348
0 0.851892 0.757946 0.031815 0.051924
0 0.857849 0.960978 0.033893 0.058145
0 0.838065 0.119088 0.035760 0.096744
0 0.668043 0.266698 0.045547 0.062594
0 0.603967 0.602470 0.032206 0.051533
0 0.160781 0.139930 0.048073 0.081968
0 0.419636 0.727474 0.034295 0.058008
1 0.127099 0.173726 0.032572 0.074069
2 0.225612 0.665609 0.052511 0.062313
1 0.271665 0.144456 0.042122 0.070133
0 0.348137 0.064577 0.031652 0.072381
0 0.890646 0.340211 0.024002 0.042715
0 0.887806 0.873988 0.035135 0.045898
1 0.428403 0.797192 0.022470 0.053717
1 0.611760 0.393169 0.035777 0.071852
0 0.911186 0.461069 0.027413 0.040729
1 0.405845 0.041569 0.031307 0.057628
0 0.537288 0.119167 0.023915 0.060316
0 0.988435 0.811479 0.021708 0.037327
