0 0.851302 0.761343 0.0291667 0.050463
0 0.898568 0.720139 0.0309896 0.0643518
0 0.928776 0.611343 0.0320312 0.0384259
0 0.764974 0.581944 0.0398437 0.0768519
0 0.910286 0.464815 0.0278646 0.0435185
0 0.679688 0.671528 0.0354167 0.0819444
0 0.88776 0.343287 0.0234375 0.0412037
0 0.658854 0.411806 0.0380208 0.0606481
0 0.653385 0.75463 0.034375 0.0527778
0 0.666536 0.267593 0.0398437 0.0574074
0 0.88763 0.874768 0.0356771 0.0412037
0 0.795833 0.290046 0.0171875 0.0578704
0 0.836849 0.125694 0.0356771 0.0986111
0 0.226693 0.474769 0.0382813 0.0671296
0 0.536589 0.121759 0.0221354 0.0574074
0 0.909505 0.933333 0.0289063 0.0527778
0 0.603255 0.606944 0.0299479 0.0546296
0 0.420312 0.728009 0.0348958 0.0560185
0 0.348307 0.0664352 0.0320312 0.0662037
0 0.161589 0.144676 0.0486979 0.0828704
0 0.115104 0.813889 0.0427083 0.0564815
1 0.784375 0.818981 0.0364583 0.0740741
1 0.81888 0.403009 0.0424479 0.0736111
1 0.624609 0.700694 0.0481771 0.0800926
1 0.6125 0.397917 0.0354167 0.0791667
1 0.428255 0.8 0.0216146 0.05
1 0.128516 0.179398 0.0278646 0.0717593
1 0.211589 0.277546 0.0414063 0.074537
1 0.407682 0.04375 0.0315104 0.0523148
2 0.227083 0.667361 0.0463542 0.0615741
0 0.856771 0.962037 0.034375 0.0601852
1 0.275651 0.133796 0.0434896 0.0712963
