0 0.845703 0.771528 0.0278646 0.0476852
0 0.892578 0.731713 0.0309896 0.0643518
0 0.922526 0.624306 0.0304688 0.0365741
0 0.760807 0.59537 0.0398437 0.0768519
0 0.904297 0.47963 0.0278646 0.0435185
0 0.677083 0.683565 0.0338542 0.0782407
0 0.882813 0.359954 0.0234375 0.0412037
0 0.655859 0.42963 0.0419271 0.0666667
0 0.651042 0.765278 0.034375 0.0527778
0 0.664063 0.286111 0.0380208 0.0546296
0 0.881901 0.884028 0.0356771 0.0412037
0 0.791406 0.308565 0.0171875 0.0578704
0 0.831901 0.146991 0.0356771 0.0986111
0 0.232161 0.488657 0.0382813 0.0671296
0 0.536849 0.14213 0.0221354 0.0574074
0 0.903385 0.941898 0.0276042 0.050463
0 0.601563 0.618981 0.0286458 0.0518519
0 0.421615 0.736806 0.0348958 0.0560185
0 0.351953 0.0863426 0.0320312 0.0662037
0 0.168229 0.163426 0.0463542 0.0787037
0 0.122135 0.822222 0.0427083 0.0564815
1 0.779818 0.828241 0.0346354 0.0703704
1 0.814193 0.419213 0.0403646 0.0699074
1 0.622396 0.71088 0.0458333 0.0763889
1 0.611198 0.41412 0.0354167 0.0791667
1 0.429818 0.80787 0.0216146 0.05
1 0.136068 0.197917 0.0278646 0.0717593
1 0.217057 0.295139 0.0414063 0.074537
1 0.410026 0.0645833 0.0315104 0.0523148
2 0.232031 0.678472 0.0463542 0.0615741
0 0.851302 0.969444 0.0328125 0.0574074
1 0.279818 0.165509 0.0414063 0.0680556
