0 0.840234 0.783102 0.0278646 0.0476852
0 0.886458 0.743056 0.0296875 0.0611111
0 0.916276 0.638194 0.0304688 0.0365741
0 0.756901 0.609259 0.0361979 0.0694444
0 0.898047 0.494907 0.0278646 0.0435185
0 0.674479 0.695139 0.0338542 0.0782407
0 0.877604 0.377083 0.0234375 0.0412037
0 0.654036 0.446528 0.0398437 0.0634259
0 0.648958 0.775463 0.034375 0.0527778
0 0.662109 0.306481 0.0398437 0.0574074
0 0.875651 0.893519 0.0393229 0.0453704
0 0.786979 0.328472 0.0171875 0.0578704
0 0.826693 0.169444 0.0341146 0.0935185
0 0.238281 0.502778 0.0364583 0.0638889
0 0.53763 0.163889 0.0210938 0.0546296
0 0.897135 0.949306 0.0276042 0.050463
0 0.600521 0.632407 0.0286458 0.0518519
0 0.423698 0.746528 0.0333333 0.0532407
0 0.35638 0.108565 0.0320312 0.0662037
0 0.176563 0.183333 0.0463542 0.0787037
0 0.130208 0.829167 0.040625 0.0537037
1 0.775391 0.8375 0.0346354 0.0703704
1 0.809635 0.436574 0.0385417 0.0666667
1 0.620833 0.722917 0.0458333 0.0763889
1 0.610156 0.43125 0.0354167 0.0791667
1 0.431641 0.816667 0.0216146 0.05
1 0.144531 0.21713 0.0265625 0.0685185
1 0.224089 0.312731 0.0393229 0.0708333
1 0.413151 0.0872685 0.0315104 0.0523148
2 0.238542 0.68912 0.0442708 0.0587963
0 0.846094 0.972222 0.03125 0.0546296
1 0.284245 0.186806 0.0414063 0.0680556
1 0.478385 0.189352 0.0322917 0.0814815
