1 0.619468 0.731499 0.045856 0.079955
1 0.227863 0.327483 0.043862 0.068387
1 0.803652 0.448978 0.039266 0.065095
0 0.880089 0.750662 0.030576 0.056562
0 0.672899 0.707266 0.034547 0.080043
1 0.771393 0.844746 0.032848 0.068277
0 0.660285 0.319181 0.037787 0.055568
0 0.645539 0.783662 0.031732 0.049393
0 0.651235 0.461277 0.037776 0.060995
0 0.752159 0.618916 0.037409 0.064975
1 0.150403 0.231264 0.031251 0.064292
0 0.891131 0.953911 0.028345 0.049638
1 0.286064 0.200148 0.037996 0.070359
0 0.182690 0.199214 0.046129 0.080925
1 0.432675 0.823816 0.022936 0.049848
0 0.835773 0.789423 0.028433 0.050543
0 0.599734 0.642278 0.032519 0.050358
0 0.134962 0.837862 0.038715 0.054090
0 0.241753 0.514850 0.036788 0.069882
0 0.822456 0.184285 0.033535 0.086088
2 0.240726 0.698371 0.052188 0.062287
0 0.359711 0.126270 0.031679 0.068430
0 0.423914 0.753122 0.032640 0.054221
1 0.413614 0.105136 0.032377 0.052514
1 0.609431 0.444454 0.033556 0.064962
0 0.870407 0.901826 0.034053 0.047285
0 0.841040 0.976747 0.031913 0.046506
0 0.892549 0.504978 0.027028 0.039224
0 0.873510 0.387687 0.023430 0.036260
0 0.909254 0.643557 0.031117 0.048646
0 0.784162 0.342673 0.023599 0.044045
0 0.538097 0.179829 0.021136 0.051101
0 0.831588 0.054799 0.026233 0.059646
0 0.968194 0.838003 0.021015 0.038702
0 0.825176 0.568660 0.027954 0.034427
