0 0.455463 0.437374 0.036976 0.067506
0 0.572284 0.387591 0.042387 0.075895
2 0.480891 0.522085 0.030412 0.097840
0 0.284629 0.360746 0.031397 0.090658
0 0.578748 0.287299 0.023210 0.043881
0 0.616460 0.349031 0.022159 0.040848
1 0.266734 0.183066 0.067572 0.128106
0 0.495046 0.318058 0.025132 0.040552
0 0.037470 0.963140 0.055301 0.073719
0 0.478591 0.196996 0.029302 0.056997
0 0.630463 0.705837 0.027913 0.039904
0 0.051750 0.477608 0.103501 0.156209
0 0.527638 0.306842 0.028568 0.045917
0 0.585615 0.137761 0.017056 0.035148
0 0.657185 0.909124 0.040847 0.081819
0 0.542703 0.043145 0.015596 0.030169
0 0.408530 0.963866 0.071472 0.072269
