0 0.898568 0.782639 0.0278646 0.0476852
0 0.940365 0.74213 0.0296875 0.0611111
0 0.965885 0.642361 0.0291667 0.0347222
0 0.817969 0.621065 0.034375 0.0662037
0 0.946224 0.504398 0.0252604 0.0393519
0 0.741146 0.709028 0.0322917 0.074537
0 0.924479 0.39213 0.0213542 0.037037
0 0.720703 0.471528 0.0361979 0.0578704
0 0.717839 0.785648 0.0325521 0.05
0 0.725651 0.337963 0.0398437 0.0574074
0 0.93099 0.88588 0.0375 0.0430556
0 0.843099 0.352546 0.0164062 0.0550926
0 0.877995 0.19838 0.0325521 0.0893519
0 0.324479 0.54537 0.0364583 0.0638889
0 0.601693 0.206019 0.0210938 0.0546296
0 0.952344 0.936343 0.0276042 0.050463
0 0.670052 0.651157 0.0270833 0.049537
0 0.497656 0.767824 0.0333333 0.0532407
0 0.426172 0.1625 0.0304688 0.062963
0 0.258594 0.243056 0.0442708 0.075
0 0.228906 0.865278 0.040625 0.0537037
0 0.0446615 0.260648 0.0398437 0.0740741
1 0.83737 0.838889 0.0315104 0.0638889
1 0.866146 0.456019 0.0385417 0.0666667
1 0.691406 0.738194 0.0458333 0.0763889
1 0.678776 0.459954 0.0320312 0.0717593
1 0.507161 0.835648 0.0205729 0.0472222
1 0.228776 0.27662 0.0252604 0.0652778
1 0.30599 0.364352 0.0375 0.0675926
1 0.480339 0.139815 0.0299479 0.05
1 0.0445312 0.363889 0.0401042 0.062037
2 0.327604 0.724769 0.0442708 0.0587963
0 0.904427 0.966667 0.0296875 0.0518519
1 0.358724 0.239352 0.0393229 0.0648148
1 0.54349 0.233796 0.0291667 0.0740741
