1 0.666844 0.696509 0.042940 0.072880
1 0.811369 0.763007 0.030222 0.065540
0 0.695549 0.737082 0.030121 0.048610
0 0.899649 0.646290 0.028560 0.057816
0 0.713910 0.657855 0.031659 0.071635
1 0.812917 0.386551 0.037800 0.062550
1 0.303631 0.266497 0.037627 0.066825
0 0.678088 0.432339 0.035058 0.060063
1 0.173802 0.333764 0.030984 0.071198
2 0.305475 0.768515 0.049523 0.062640
0 0.780127 0.556384 0.032901 0.066756
0 0.922815 0.831913 0.025736 0.044439
0 0.863595 0.693113 0.026920 0.049227
0 0.202773 0.292378 0.047354 0.081978
1 0.260192 0.406439 0.040421 0.070745
0 0.291407 0.586430 0.037042 0.066128
0 0.809413 0.137505 0.029579 0.087219
0 0.881077 0.870225 0.027399 0.048618
0 0.480095 0.770755 0.034958 0.052990
0 0.675354 0.301327 0.034403 0.054344
1 0.494278 0.836579 0.021160 0.051511
0 0.369669 0.181064 0.032439 0.065544
0 0.900552 0.786860 0.028514 0.041815
1 0.637538 0.425539 0.030706 0.060385
0 0.213996 0.936140 0.037244 0.056510
0 0.643296 0.617607 0.030709 0.047297
0 0.863719 0.314081 0.019793 0.035601
0 0.890826 0.416579 0.023134 0.033922
0 0.917392 0.543352 0.017468 0.038127
1 0.421885 0.148894 0.029525 0.049517
0 0.788057 0.292758 0.022305 0.049808
2 0.012707 0.080932 0.025414 0.106592
0 0.546919 0.194835 0.020617 0.051950
1 0.492058 0.227012 0.028354 0.061078
0 0.981447 0.876523 0.019983 0.034315
0 0.917000 0.536698 0.019050 0.041904
