1 0.691143 0.690664 0.041738 0.075578
1 0.278988 0.418122 0.039989 0.068787
0 0.943272 0.811494 0.025411 0.045162
0 0.698464 0.427629 0.034301 0.060800
0 0.798437 0.545261 0.033992 0.065293
0 0.219728 0.307902 0.047891 0.077944
0 0.735333 0.647475 0.034270 0.070863
0 0.917960 0.629634 0.028340 0.058183
0 0.720447 0.729268 0.029808 0.047219
1 0.319833 0.276623 0.032843 0.061666
2 0.331190 0.780361 0.046357 0.059071
1 0.832612 0.747791 0.031836 0.063236
1 0.828442 0.374111 0.037669 0.064226
0 0.821521 0.125395 0.029861 0.084569
0 0.314443 0.598718 0.037149 0.070865
0 0.883681 0.678357 0.029459 0.050731
0 0.504166 0.773518 0.032742 0.054147
0 0.693416 0.293822 0.039791 0.055104
1 0.519776 0.838443 0.021653 0.050616
0 0.384936 0.188683 0.032586 0.065945
1 0.190765 0.351267 0.029682 0.070339
0 0.921140 0.768099 0.027735 0.043024
1 0.660762 0.420481 0.030306 0.061029
2 0.020664 0.101713 0.041327 0.119637
0 0.903287 0.850725 0.028066 0.051034
1 0.435362 0.155190 0.029084 0.046912
1 0.506829 0.228994 0.027645 0.063667
0 0.665180 0.613347 0.029619 0.043413
0 0.803226 0.284935 0.022180 0.051766
0 0.244145 0.956139 0.038073 0.060983
1 0.010637 0.487860 0.021275 0.069382
0 0.932373 0.522213 0.021088 0.045775
1 0.541771 0.433361 0.041516 0.102979
0 0.855492 0.478583 0.018427 0.029776
0 0.904933 0.400492 0.020829 0.034242
0 0.874316 0.300490 0.019956 0.038201
