0 0.898568 0.679398 0.0278646 0.0476852
0 0.934245 0.62662 0.0309896 0.0643518
0 0.817187 0.545602 0.0270833 0.049537
0 0.752604 0.64838 0.0307292 0.0708333
0 0.717057 0.429398 0.0361979 0.0578704
0 0.73737 0.731019 0.0325521 0.05
0 0.710286 0.294444 0.0398437 0.0574074
0 0.959375 0.812268 0.0208333 0.0412037
0 0.81888 0.286574 0.0148437 0.05
0 0.836328 0.123611 0.0299479 0.0722222
0 0.333594 0.6 0.0364583 0.0638889
0 0.622396 0.179861 0.0161458 0.0412037
0 0.918229 0.852546 0.0276042 0.050463
0 0.682292 0.613194 0.0270833 0.049537
0 0.521354 0.774306 0.0348958 0.0560185
0 0.401172 0.189352 0.0304688 0.062963
0 0.2375 0.309259 0.0442708 0.075
0 0.263281 0.949769 0.0369792 0.0486111
1 0.849349 0.749074 0.0346354 0.0703704
1 0.892187 0.487037 0.0385417 0.0666667
1 0.708854 0.690972 0.04375 0.0726852
1 0.536589 0.83912 0.0226563 0.0523148
1 0.297656 0.420833 0.0375 0.0675926
1 0.453255 0.155787 0.0315104 0.0523148
1 0.33763 0.282407 0.0351563 0.0703704
1 0.21263 0.349306 0.0382813 0.0615741
2 0.350521 0.780324 0.0463542 0.0615741
2 0.0351563 0.0974537 0.0453125 0.1125
1 0.522135 0.237037 0.0307292 0.0777778
