1 0.354869 0.425185 0.035927 0.070514
0 0.773033 0.433879 0.036019 0.061116
1 0.902552 0.755946 0.033008 0.066649
1 0.764279 0.698070 0.044970 0.074030
0 0.952436 0.686405 0.030732 0.051664
1 0.267474 0.356722 0.029221 0.067158
0 0.391027 0.603483 0.034574 0.068111
0 0.294907 0.314901 0.047598 0.081089
1 0.076350 0.492367 0.040533 0.063993
0 0.792947 0.738037 0.031247 0.048984
2 0.407532 0.787238 0.046868 0.061992
0 0.023897 0.527068 0.038064 0.085311
0 0.455790 0.195990 0.031561 0.063400
0 0.808310 0.654039 0.033533 0.069732
0 0.891203 0.131198 0.030881 0.083519
0 0.069801 0.384338 0.043837 0.067247
1 0.391826 0.283911 0.035088 0.063703
0 0.870038 0.550904 0.032330 0.067541
0 0.970370 0.859235 0.029970 0.044547
0 0.572963 0.779707 0.035752 0.054659
2 0.093057 0.106589 0.049798 0.117213
0 0.765559 0.299719 0.041203 0.055658
1 0.506708 0.160332 0.028844 0.052594
1 0.901133 0.380945 0.034812 0.061464
1 0.587967 0.845814 0.025466 0.049227
0 0.323278 0.962530 0.035765 0.056043
0 0.985642 0.773930 0.028715 0.045731
2 0.041285 0.342537 0.039356 0.074916
0 0.735163 0.619251 0.025190 0.046358
0 0.985168 0.636210 0.028675 0.050256
1 0.608228 0.436946 0.039289 0.101349
2 0.017295 0.737488 0.033292 0.064323
1 0.732989 0.427695 0.033325 0.064800
0 0.633031 0.199826 0.021060 0.052345
2 0.013731 0.734152 0.027463 0.078453
