0 0.656771 0.988194 0.04375 0.0976852
0 0.45599 0.502778 0.0385417 0.0685185
0 0.617969 0.40625 0.0229167 0.0384259
0 0.0503906 0.482407 0.11901 0.175926
0 0.574479 0.44838 0.0432292 0.0763889
0 0.284115 0.435417 0.0338542 0.105093
0 0.636198 0.773148 0.0255208 0.0324074
0 0.479036 0.258102 0.0367187 0.0643518
0 0.587109 0.190972 0.0143229 0.0430556
0 0.579687 0.34375 0.0239583 0.050463
0 0.527214 0.0532407 0.0226563 0.0490741
1 0.606771 0.946065 0.0354167 0.0912037
1 0.264323 0.256481 0.0729167 0.126852
2 0.478906 0.595139 0.0354167 0.103241
