0 0.935417 0.551852 0.0296875 0.0546296
0 0.871094 0.653935 0.0322917 0.074537
0 0.839453 0.433565 0.0361979 0.0578704
0 0.857161 0.740046 0.0309896 0.0476852
0 0.831641 0.299074 0.0398437 0.0574074
0 0.937891 0.292361 0.0164062 0.0550926
0 0.954557 0.127778 0.0299479 0.0722222
0 0.458464 0.604398 0.0346354 0.0606481
0 0.698307 0.195602 0.0169271 0.0430556
0 0.802865 0.620602 0.0270833 0.049537
0 0.635156 0.781713 0.0333333 0.0532407
0 0.518099 0.195833 0.0289063 0.0601852
0 0.36276 0.314815 0.0463542 0.0787037
0 0.395312 0.960648 0.040625 0.0537037
0 0.0923177 0.52662 0.0361979 0.0800926
0 0.139583 0.383333 0.0348958 0.062963
1 0.964453 0.757407 0.0346354 0.0703704
1 0.96276 0.378704 0.0385417 0.0666667
1 0.829948 0.698843 0.0416667 0.0689815
1 0.651172 0.847222 0.0205729 0.0472222
1 0.422526 0.429398 0.0393229 0.0708333
1 0.570182 0.161343 0.0315104 0.0523148
1 0.45638 0.28912 0.0335938 0.0671296
1 0.338672 0.358565 0.0382813 0.0615741
1 0.148177 0.495602 0.04375 0.0726852
2 0.476302 0.786806 0.0463542 0.0615741
2 0.16224 0.105324 0.0453125 0.1125
2 0.23138 0.102778 0.0315104 0.0759259
0 0.965885 0.915741 0.03125 0.0546296
2 0.11276 0.342824 0.0401042 0.0726852
