1 0.429942 0.427644 0.034431 0.070273
1 0.971960 0.758873 0.033672 0.063159
0 0.466520 0.605259 0.033643 0.067216
0 0.101270 0.523724 0.039582 0.083961
0 0.370532 0.315812 0.048165 0.079728
0 0.642603 0.782128 0.037284 0.054766
0 0.847445 0.435735 0.035640 0.064093
0 0.148960 0.384633 0.040787 0.064848
1 0.343756 0.358896 0.027119 0.061489
1 0.837297 0.700990 0.046859 0.072801
1 0.155651 0.493860 0.043810 0.066837
0 0.962797 0.128834 0.031550 0.082885
1 0.659242 0.848989 0.026420 0.055316
0 0.942423 0.553341 0.033162 0.064129
0 0.866683 0.739050 0.031619 0.047441
0 0.527483 0.197449 0.032105 0.064389
0 0.881066 0.656455 0.033904 0.070255
2 0.484256 0.787064 0.050055 0.061884
1 0.973599 0.383655 0.039068 0.070924
2 0.171017 0.109834 0.050464 0.115384
0 0.840115 0.299470 0.042162 0.058819
2 0.083974 0.732462 0.046806 0.065426
0 0.403194 0.962937 0.036903 0.057280
1 0.462475 0.286548 0.035415 0.065304
1 0.577545 0.161202 0.029625 0.052237
2 0.121931 0.343134 0.040268 0.072260
0 0.808402 0.622089 0.023918 0.045185
2 0.089086 0.738786 0.044831 0.054722
1 0.807501 0.428669 0.033550 0.066513
0 0.705928 0.197324 0.019461 0.044912
