0 0.879196 0.739164 0.032986 0.048745
1 0.984206 0.757938 0.031587 0.064196
1 0.445238 0.427771 0.035906 0.067552
1 0.850932 0.699527 0.045048 0.073085
0 0.385712 0.315955 0.045120 0.082307
1 0.357456 0.358198 0.030377 0.060793
0 0.480680 0.604389 0.032300 0.067506
0 0.115930 0.523243 0.039720 0.083006
1 0.169607 0.492816 0.043365 0.063835
0 0.861475 0.433385 0.033323 0.060695
0 0.853794 0.298350 0.038345 0.056012
0 0.164679 0.382914 0.039914 0.065603
0 0.976891 0.127906 0.031905 0.083543
1 0.672466 0.847378 0.025643 0.052584
0 0.655807 0.781732 0.036181 0.054063
0 0.540388 0.195161 0.032768 0.065981
2 0.184357 0.106466 0.049728 0.120183
0 0.894259 0.654758 0.036226 0.068974
0 0.956401 0.552336 0.033605 0.063994
1 0.591592 0.159994 0.028677 0.053268
2 0.497153 0.787060 0.046620 0.056339
0 0.419177 0.961951 0.037494 0.057690
2 0.099400 0.731878 0.049353 0.066713
2 0.135707 0.343544 0.038990 0.073918
1 0.983672 0.381224 0.032656 0.063367
1 0.476997 0.280187 0.033587 0.056904
0 0.293192 0.377052 0.020384 0.035891
1 0.688090 0.441689 0.038021 0.102521
