0 0.858203 0.851157 0.0382813 0.0689815
0 0.871354 0.907639 0.01875 0.0476852
0 0.949609 0.774306 0.0221354 0.0421296
0 0.683594 0.508333 0.0213542 0.05
0 0.671615 0.429398 0.028125 0.0458333
0 0.315495 0.685648 0.0304688 0.0555556
0 0.139323 0.48287 0.0515625 0.0777778
0 0.272396 0.251389 0.0395833 0.0638889
0 0.572786 0.155093 0.0231771 0.0462963
0 0.702214 0.307407 0.0221354 0.0592593
0 0.783594 0.368056 0.0197917 0.0527778
0 0.844661 0.439352 0.0190104 0.0388889
0 0.651953 0.094213 0.0174479 0.0625
0 0.439583 0.137963 0.0171875 0.0388889
0 0.856771 0.0284722 0.021875 0.0384259
0 0.797005 0.309954 0.0179687 0.049537
1 0.653776 0.497685 0.0304688 0.0740741
1 0.7625 0.45625 0.0286458 0.050463
1 0.315625 0.18588 0.0296875 0.0662037
1 0.234505 0.544676 0.0388021 0.0736111
2 0.379557 0.840046 0.0408854 0.0634259
0 0.948698 0.939815 0.0328125 0.0574074
0 0.607943 0.271296 0.0226563 0.0703704
0 0.748568 0.988194 0.0335938 0.0430556
1 0.546094 0.750926 0.0302083 0.0490741
