0 0.858203 0.884491 0.0382813 0.0689815
0 0.871094 0.941435 0.01875 0.0476852
0 0.95013 0.802083 0.0221354 0.0421296
0 0.68099 0.538889 0.0213542 0.05
0 0.66849 0.458565 0.028125 0.0458333
0 0.30638 0.727315 0.0304688 0.0555556
0 0.127083 0.521296 0.0515625 0.0777778
0 0.263542 0.281944 0.0395833 0.0638889
0 0.56862 0.181944 0.0231771 0.0462963
0 0.699609 0.334259 0.0221354 0.0592593
0 0.782292 0.392593 0.0197917 0.0527778
0 0.844401 0.464352 0.0190104 0.0388889
0 0.649089 0.117824 0.0174479 0.0625
0 0.433594 0.165741 0.0171875 0.0388889
0 0.85625 0.0483796 0.021875 0.0384259
0 0.796224 0.334028 0.0179687 0.049537
0 0.603906 0.299537 0.0260417 0.0703704
1 0.650911 0.528241 0.0304688 0.0740741
1 0.760677 0.483102 0.0286458 0.050463
1 0.307031 0.216435 0.0296875 0.0662037
1 0.223958 0.582176 0.040625 0.0773148
1 0.689193 0.174306 0.0289063 0.0560185
2 0.371224 0.883102 0.0408854 0.0634259
0 0.94974 0.97037 0.03125 0.0546296
1 0.541667 0.785417 0.0317708 0.0513889
