0 0.86237 0.930787 0.0382813 0.0689815
0 0.875781 0.987731 0.01875 0.0476852
0 0.954818 0.842824 0.0221354 0.0421296
0 0.68151 0.583333 0.0213542 0.05
0 0.66849 0.501157 0.028125 0.0458333
0 0.297786 0.785648 0.0304688 0.0555556
0 0.114063 0.577778 0.0541667 0.0814815
0 0.255469 0.327315 0.0395833 0.0638889
0 0.566797 0.221528 0.0221354 0.0439815
0 0.700911 0.372222 0.0231771 0.062037
0 0.784635 0.430093 0.0208333 0.0555556
0 0.847526 0.501389 0.0190104 0.0388889
0 0.649089 0.153472 0.0174479 0.0625
0 0.429427 0.207407 0.0171875 0.0388889
0 0.859375 0.0756944 0.021875 0.0384259
0 0.798307 0.369676 0.0179687 0.049537
0 0.602604 0.340741 0.0260417 0.0703704
1 0.650911 0.571759 0.0304688 0.0740741
1 0.7625 0.522454 0.0286458 0.050463
1 0.300521 0.259259 0.03125 0.0694444
1 0.213802 0.638194 0.0427083 0.0810185
1 0.689453 0.210417 0.0289063 0.0560185
2 0.365234 0.94537 0.0429688 0.0666667
1 0.539583 0.836806 0.0317708 0.0513889
