1 0.764975 0.558934 0.028172 0.055064
1 0.652230 0.610810 0.032814 0.069390
0 0.603099 0.376486 0.028913 0.063580
0 0.787614 0.466681 0.023255 0.052064
0 0.866271 0.972960 0.033264 0.054079
0 0.292614 0.839266 0.037403 0.064466
0 0.251110 0.368592 0.037571 0.067943
0 0.702130 0.408394 0.023380 0.053339
0 0.683831 0.622500 0.023027 0.053324
0 0.508733 0.834971 0.033558 0.059922
1 0.537401 0.881703 0.030298 0.053615
0 0.565815 0.258060 0.025505 0.053910
0 0.832551 0.596366 0.021255 0.051107
1 0.206942 0.690248 0.038291 0.080380
2 0.052101 0.748872 0.031905 0.060904
0 0.851133 0.537366 0.022304 0.038507
0 0.673056 0.538497 0.027699 0.044233
0 0.827502 0.512769 0.019232 0.037640
1 0.295412 0.297348 0.028579 0.053516
0 0.862439 0.105851 0.021807 0.051686
0 0.105908 0.627699 0.058230 0.087055
0 0.959903 0.879737 0.024812 0.041869
0 0.427824 0.249594 0.022844 0.052203
0 0.272172 0.120719 0.031583 0.072819
1 0.891829 0.735136 0.020472 0.035458
0 0.013469 0.793292 0.023660 0.045246
1 0.205124 0.503728 0.034636 0.049719
0 0.650449 0.181482 0.019037 0.055353
0 0.579657 0.445528 0.024829 0.063076
0 0.892364 0.531569 0.015686 0.028345
0 0.742638 0.221313 0.016540 0.030887
