0 0.713663 0.740820 0.028262 0.045215
0 0.466795 0.558825 0.025568 0.035307
0 0.536494 0.402797 0.019678 0.049363
1 0.470669 0.643295 0.030112 0.064525
0 0.671957 0.965561 0.027369 0.048351
0 0.022472 0.177827 0.044215 0.109506
1 0.543894 0.496457 0.025205 0.047541
0 0.364603 0.487501 0.032585 0.074139
0 0.599435 0.404979 0.017599 0.037725
0 0.294205 0.411877 0.027160 0.055127
0 0.736299 0.781632 0.019452 0.044688
0 0.751724 0.586083 0.016033 0.030860
0 0.601082 0.469816 0.017544 0.042517
0 0.348694 0.264627 0.020328 0.051763
0 0.124528 0.191905 0.042178 0.087157
0 0.497594 0.624296 0.021734 0.048735
0 0.456180 0.423118 0.021121 0.051834
1 0.019773 0.725074 0.032050 0.061104
0 0.284979 0.146987 0.037469 0.056522
0 0.152556 0.532655 0.030302 0.053577
0 0.459101 0.029955 0.020679 0.039052
0 0.500371 0.037628 0.019261 0.046929
0 0.582554 0.447529 0.016719 0.033014
0 0.529435 0.336864 0.021713 0.038552
0 0.437229 0.225779 0.015893 0.036292
0 0.726430 0.878986 0.023766 0.033710
0 0.496926 0.949571 0.020434 0.047211
1 0.124763 0.645435 0.030187 0.064016
0 0.450599 0.318822 0.014977 0.030281
0 0.844705 0.285309 0.015138 0.025766
0 0.576631 0.406359 0.017010 0.039894
0 0.045566 0.083020 0.045525 0.070242
0 0.452354 0.493996 0.015688 0.030106
