0 0.456771 0.641667 0.0385417 0.0685185
0 0.620833 0.516435 0.0229167 0.0384259
0 0.043099 0.727778 0.113281 0.167593
0 0.576823 0.57338 0.0432292 0.0763889
0 0.28099 0.584259 0.0322917 0.1
0 0.63151 0.896065 0.0359375 0.0393519
0 0.479688 0.374537 0.0333333 0.0583333
0 0.588932 0.299769 0.0138021 0.0412037
0 0.582292 0.459722 0.0265625 0.0555556
0 0.527604 0.16412 0.025 0.0541667
0 0.410286 0.103704 0.0658854 0.10463
0 0.350391 0.135648 0.0283854 0.0805556
0 0.18737 0.0949074 0.0757812 0.0583333
0 0.496484 0.511806 0.0273438 0.0412037
0 0.530859 0.495833 0.0335938 0.0462963
0 0.546484 0.211343 0.0174479 0.0347222
0 0.500391 0.0581019 0.0304688 0.0532407
1 0.259766 0.403241 0.0804688 0.139815
2 0.480469 0.73125 0.0354167 0.103241
