1 0.532581 0.658376 0.028009 0.063124
1 0.786269 0.635369 0.026052 0.059841
1 0.598204 0.683929 0.024023 0.045832
1 0.421678 0.295826 0.029269 0.060113
1 0.478121 0.650506 0.024942 0.051871
0 0.501709 0.066131 0.026840 0.074232
1 0.651062 0.789893 0.027621 0.066059
0 0.648883 0.166111 0.025681 0.085131
0 0.842028 0.332625 0.023544 0.042279
0 0.469445 0.425933 0.017451 0.052650
0 0.733128 0.048691 0.024191 0.050516
1 0.107436 0.692769 0.036912 0.071329
1 0.401978 0.783326 0.018547 0.038611
0 0.655617 0.707794 0.019824 0.035261
0 0.629126 0.349282 0.023560 0.048027
0 0.706330 0.024868 0.021185 0.049736
0 0.808510 0.709155 0.019519 0.042133
0 0.410360 0.734137 0.019061 0.036249
0 0.592515 0.020066 0.026033 0.040132
1 0.125985 0.046914 0.036670 0.067402
0 0.507413 0.773391 0.020825 0.040684
1 0.520167 0.606986 0.019156 0.039670
0 0.556554 0.299704 0.020768 0.047885
0 0.941463 0.621518 0.018967 0.055769
0 0.691019 0.606115 0.017095 0.025642
1 0.627822 0.099429 0.023909 0.058567
1 0.586252 0.647195 0.014744 0.029954
0 0.696710 0.547173 0.013828 0.031747
0 0.458717 0.385610 0.014049 0.028810
0 0.283108 0.732587 0.024703 0.050993
0 0.547495 0.618322 0.016946 0.047623
