0 0.73724 0.469907 0.0770833 0.137037
0 0.508724 0.398843 0.0627604 0.0828704
0 0.571745 0.400463 0.0216146 0.0481481
0 0.404818 0.497222 0.0377604 0.0638889
0 0.380599 0.725463 0.0315104 0.0583333
0 0.477734 0.149074 0.0377604 0.0814815
0 0.3875 0.315972 0.0244792 0.0384259
0 0.505078 0.478009 0.0236979 0.0689815
0 0.392318 0.113889 0.0221354 0.0518519
0 0.367057 0.0458333 0.0200521 0.0574074
0 0.48138 0.0319444 0.0242187 0.0638889
0 0.382682 0.940278 0.0429688 0.0833333
0 0.39375 0.389583 0.0286458 0.0365741
1 0.688672 0.0768519 0.0601562 0.151852
2 0.643229 0.316667 0.0260417 0.0537037
