1 0.532985 0.658201 0.027257 0.063102
1 0.786958 0.635433 0.025401 0.061286
1 0.478369 0.649442 0.024448 0.052216
1 0.421821 0.294541 0.029308 0.060215
1 0.598603 0.684373 0.023800 0.045335
0 0.649676 0.166793 0.025284 0.082867
0 0.502416 0.065680 0.026552 0.079360
1 0.651586 0.790144 0.026649 0.066708
0 0.842725 0.332354 0.023555 0.042088
1 0.402178 0.782911 0.018879 0.038795
0 0.734025 0.049564 0.024271 0.050697
1 0.107523 0.691297 0.033938 0.069440
0 0.470219 0.425405 0.017611 0.053450
0 0.656042 0.707860 0.019931 0.036192
0 0.507894 0.772387 0.020655 0.040717
1 0.127219 0.045266 0.037628 0.066261
0 0.808980 0.709193 0.019250 0.042376
0 0.410333 0.733554 0.019544 0.036633
0 0.629647 0.349046 0.023227 0.047978
0 0.707300 0.024675 0.020903 0.049350
1 0.520750 0.606713 0.019496 0.039796
0 0.593223 0.020145 0.025906 0.040290
0 0.941971 0.622037 0.018461 0.055773
0 0.691645 0.605389 0.016736 0.025449
0 0.557372 0.298514 0.020601 0.049576
0 0.697498 0.547455 0.014295 0.031953
1 0.585843 0.646123 0.014389 0.030693
