0 0.506641 0.77338 0.0221354 0.0393519
0 0.409375 0.735417 0.0213542 0.0365741
0 0.654688 0.711574 0.0192708 0.0324074
0 0.809766 0.708102 0.0179687 0.0393519
0 0.629167 0.347454 0.0234375 0.0486111
0 0.649219 0.16875 0.0276042 0.0875
0 0.469661 0.42662 0.0169271 0.0532407
0 0.586068 0.648148 0.0143229 0.0305556
0 0.546875 0.620139 0.0161458 0.0476852
0 0.733854 0.050463 0.0229167 0.0509259
0 0.707161 0.0231481 0.0231771 0.0462963
0 0.594271 0.0189815 0.0302083 0.0388889
0 0.691406 0.606481 0.0177083 0.0240741
1 0.531901 0.659722 0.0263021 0.062963
1 0.107422 0.695602 0.0351563 0.0615741
1 0.477083 0.647222 0.0223958 0.0444444
1 0.651563 0.79213 0.0296875 0.0703704
1 0.786198 0.636574 0.0255208 0.0592593
1 0.597266 0.682407 0.0226563 0.0453704
1 0.421354 0.296759 0.0328125 0.0611111
1 0.401172 0.784491 0.0200521 0.0402778
0 0.502734 0.0673611 0.0252604 0.0763889
0 0.841797 0.332639 0.0242187 0.0430556
1 0.519661 0.605787 0.0190104 0.0393519
1 0.127604 0.0493056 0.040625 0.0726852
