1 0.504627 0.657585 0.025716 0.063059
1 0.759954 0.637440 0.026317 0.060442
1 0.392499 0.295821 0.033329 0.065948
1 0.450482 0.648204 0.024635 0.048297
1 0.373114 0.783049 0.020144 0.040783
0 0.817648 0.333776 0.024474 0.042891
0 0.624071 0.167037 0.024803 0.084743
1 0.072561 0.690962 0.033299 0.067508
0 0.476541 0.066448 0.026961 0.076188
1 0.570920 0.684608 0.022511 0.047473
0 0.709579 0.049858 0.023879 0.050603
0 0.442081 0.427188 0.018220 0.055682
1 0.624458 0.789835 0.028399 0.068381
1 0.491833 0.605651 0.018524 0.036843
0 0.380590 0.732717 0.020725 0.037437
0 0.628905 0.709732 0.019977 0.038438
1 0.095780 0.047452 0.036259 0.064227
0 0.479159 0.773030 0.021576 0.039150
0 0.603272 0.350223 0.024749 0.050136
0 0.531043 0.300887 0.022236 0.051498
0 0.782839 0.709615 0.019603 0.040121
0 0.682160 0.025133 0.021147 0.050266
0 0.567704 0.020761 0.025934 0.041522
0 0.916075 0.621297 0.020880 0.061674
0 0.558657 0.645584 0.015153 0.035702
1 0.602239 0.100385 0.022747 0.059430
0 0.933694 0.594084 0.022933 0.052578
1 0.018268 0.143675 0.023123 0.046238
0 0.664652 0.606947 0.017262 0.026348
