0 0.576949 0.625984 0.041514 0.075046
0 0.411983 0.158782 0.064120 0.103372
0 0.457305 0.701601 0.036934 0.067419
0 0.637549 0.967743 0.034071 0.048889
0 0.529169 0.211648 0.022691 0.041654
0 0.582667 0.509273 0.025710 0.047234
0 0.500944 0.108496 0.033354 0.054903
0 0.278308 0.645308 0.032831 0.088538
0 0.621718 0.575944 0.023363 0.043056
1 0.259837 0.458631 0.078388 0.133394
0 0.589885 0.344004 0.017467 0.035933
0 0.185808 0.154295 0.071250 0.083370
2 0.481197 0.787488 0.031607 0.093763
0 0.498539 0.566664 0.025995 0.040905
0 0.546773 0.263373 0.018626 0.037530
2 0.282106 0.252496 0.032985 0.061539
0 0.044420 0.800220 0.088840 0.162940
0 0.480433 0.433034 0.031125 0.057457
0 0.350168 0.189201 0.024798 0.075655
0 0.530436 0.549783 0.029137 0.044185
