0 0.45612 0.769213 0.0221354 0.0393519
0 0.355729 0.730787 0.0223958 0.0384259
0 0.60651 0.70787 0.0192708 0.0324074
0 0.763672 0.704861 0.0179687 0.0393519
0 0.582031 0.342824 0.0234375 0.0486111
0 0.603385 0.164583 0.0276042 0.0875
0 0.419922 0.421528 0.0169271 0.0532407
0 0.536849 0.643981 0.0158854 0.0333333
0 0.497396 0.615972 0.0161458 0.0476852
0 0.690104 0.0462963 0.0229167 0.0509259
0 0.662891 0.0243056 0.0242187 0.0486111
0 0.548177 0.0199074 0.0317708 0.0407407
0 0.64349 0.602315 0.0177083 0.0240741
1 0.481641 0.656018 0.0263021 0.062963
1 0.0433594 0.690046 0.0351563 0.0615741
1 0.427083 0.64375 0.0234375 0.0467593
1 0.603776 0.78912 0.0283854 0.0671296
1 0.739583 0.633796 0.0255208 0.0592593
1 0.548828 0.678241 0.0226563 0.0453704
1 0.36901 0.290278 0.0328125 0.0611111
1 0.347786 0.780324 0.0200521 0.0402778
0 0.45651 0.0627315 0.0239583 0.0726852
0 0.797526 0.329861 0.0242187 0.0430556
0 0.894661 0.615972 0.0226563 0.0782407
1 0.46888 0.602083 0.0190104 0.0393519
1 0.0697917 0.0428241 0.040625 0.0726852
