1 0.455130 0.635080 0.027288 0.062705
1 0.525630 0.665945 0.027726 0.051042
1 0.342103 0.251531 0.033119 0.062677
1 0.723161 0.626454 0.025464 0.062443
0 0.585299 0.694091 0.020065 0.037255
1 0.579793 0.781162 0.029452 0.067700
1 0.399346 0.622800 0.023178 0.049603
0 0.395426 0.394495 0.018934 0.052776
0 0.564948 0.321144 0.022351 0.048525
0 0.439995 0.032059 0.027294 0.064117
1 0.314729 0.757628 0.022773 0.039627
0 0.589933 0.135522 0.025387 0.087793
0 0.789329 0.316061 0.026085 0.042885
0 0.492854 0.267931 0.018324 0.054363
1 0.444055 0.583275 0.021528 0.041997
0 0.681071 0.020895 0.022577 0.041791
0 0.428455 0.752428 0.022210 0.039394
0 0.322751 0.707017 0.020047 0.037580
0 0.382973 0.350152 0.013393 0.027154
0 0.747109 0.705871 0.018775 0.048297
0 0.885265 0.613914 0.020792 0.071135
0 0.472945 0.594613 0.017102 0.051585
