1 0.421384 0.702347 0.025215 0.062000
1 0.684635 0.688109 0.026074 0.061788
0 0.409026 0.099665 0.026964 0.079536
1 0.282619 0.824256 0.019306 0.039021
0 0.502983 0.042678 0.027280 0.062167
0 0.555320 0.212432 0.027451 0.091748
0 0.645149 0.093273 0.024429 0.052291
0 0.394331 0.815707 0.022403 0.039970
0 0.749749 0.384663 0.025555 0.043224
1 0.366732 0.689262 0.022468 0.045472
1 0.410817 0.649384 0.019507 0.040201
0 0.842954 0.673983 0.018509 0.074031
1 0.309965 0.330981 0.030926 0.059112
0 0.291721 0.774758 0.019395 0.036437
0 0.530372 0.393469 0.023206 0.047859
0 0.361560 0.464034 0.019028 0.054324
1 0.546780 0.834843 0.026394 0.061747
0 0.478551 0.688314 0.013535 0.031292
0 0.550751 0.756912 0.019184 0.041883
0 0.460113 0.335819 0.021909 0.054367
0 0.868144 0.655198 0.022317 0.056980
0 0.231690 0.951639 0.020500 0.035822
0 0.708748 0.759293 0.015039 0.041875
1 0.492567 0.728805 0.022004 0.045521
1 0.015956 0.077971 0.030633 0.068937
0 0.588554 0.652224 0.013851 0.023434
1 0.439007 0.661884 0.014914 0.044711
0 0.619967 0.065658 0.019831 0.043192
0 0.410295 0.102488 0.033996 0.092113
1 0.533383 0.142140 0.026225 0.061079
0 0.596665 0.596095 0.012739 0.031322
