0 0.38737 0.968287 0.0231771 0.0412037
0 0.283854 0.93125 0.0223958 0.0384259
0 0.545573 0.902778 0.0192708 0.0324074
0 0.705208 0.902315 0.0197917 0.0435185
0 0.525 0.529398 0.0234375 0.0486111
0 0.549349 0.347685 0.0263021 0.0833333
0 0.356771 0.610417 0.0177083 0.0560185
0 0.473437 0.838426 0.0166667 0.0351852
0 0.432422 0.808796 0.0169271 0.05
0 0.640365 0.226389 0.0229167 0.0509259
0 0.613672 0.197222 0.0231771 0.0462963
0 0.584635 0.793981 0.0177083 0.0240741
0 0.495964 0.18125 0.0257812 0.0587963
0 0.455469 0.473843 0.028125 0.0662037
1 0.414974 0.852778 0.0263021 0.062963
1 0.358854 0.839583 0.0234375 0.0467593
1 0.541797 0.982639 0.0283854 0.0671296
1 0.68138 0.82963 0.0268229 0.062037
1 0.485286 0.87338 0.0236979 0.0476852
1 0.303646 0.483102 0.034375 0.0643518
1 0.27487 0.977315 0.0221354 0.0444444
0 0.403906 0.233102 0.0322917 0.0865741
0 0.744792 0.519213 0.0270833 0.0421296
0 0.839714 0.810648 0.0153646 0.0666667
1 0.402734 0.798843 0.0200521 0.0412037
