0 0.548949 0.399771 0.025072 0.082725
1 0.682005 0.884334 0.024948 0.064065
0 0.401812 0.287857 0.029804 0.080632
1 0.412794 0.909875 0.026373 0.053533
1 0.483988 0.929653 0.028423 0.053978
0 0.353886 0.668377 0.017873 0.048984
1 0.357680 0.897033 0.022078 0.038855
0 0.640011 0.276053 0.023152 0.054519
0 0.453036 0.533595 0.020707 0.050076
1 0.301805 0.541482 0.032929 0.065692
0 0.495358 0.234671 0.029808 0.064258
0 0.544731 0.958415 0.022230 0.039964
0 0.745371 0.570140 0.024841 0.043159
0 0.524222 0.584992 0.023455 0.048475
1 0.401313 0.857074 0.017501 0.037434
1 0.526807 0.334472 0.025150 0.061401
0 0.611916 0.245639 0.020369 0.043798
0 0.841294 0.864489 0.017957 0.067623
0 0.431388 0.866634 0.015916 0.049526
0 0.703942 0.961995 0.019610 0.049894
0 0.976575 0.177797 0.029464 0.052952
