0 0.542969 0.998148 0.0192708 0.0324074
0 0.705729 0.989352 0.0197917 0.0435185
0 0.523958 0.618981 0.0244792 0.0509259
0 0.548568 0.433796 0.0263021 0.0833333
0 0.353906 0.705324 0.0177083 0.0560185
0 0.471354 0.935648 0.0166667 0.0351852
0 0.430339 0.905093 0.0169271 0.05
0 0.639323 0.309722 0.0229167 0.0509259
0 0.612891 0.281481 0.0231771 0.0462963
0 0.585026 0.893287 0.0184896 0.025463
0 0.494792 0.266435 0.0244792 0.0560185
0 0.453385 0.561343 0.028125 0.0662037
1 0.41237 0.952315 0.0263021 0.062963
1 0.35625 0.939352 0.0244792 0.0490741
1 0.681901 0.92037 0.0294271 0.0685185
1 0.483203 0.969676 0.0236979 0.0476852
1 0.30026 0.580324 0.034375 0.0643518
1 0.526953 0.365509 0.0263021 0.0569444
0 0.402083 0.320139 0.0322917 0.0865741
0 0.745443 0.605556 0.0283854 0.0444444
0 0.840885 0.902083 0.0161458 0.0699074
1 0.4 0.898611 0.0208333 0.0435185
1 0.429036 0.0821759 0.0325521 0.0717593
