0 0.457422 0.72338 0.0403646 0.0717593
0 0.633203 0.590509 0.0242187 0.0402778
0 0.00859375 0.838194 0.107813 0.159722
0 0.586068 0.643981 0.0476562 0.0842593
0 0.267708 0.668287 0.0338542 0.105093
0 0.646354 1 0.0375 0.0412037
0 0.484115 0.446296 0.0317708 0.0555556
0 0.598047 0.346065 0.0143229 0.0430556
0 0.591667 0.518981 0.0265625 0.0555556
0 0.532161 0.205093 0.0226563 0.0490741
0 0.409505 0.144213 0.0726563 0.115278
0 0.34375 0.176852 0.0255208 0.0731481
0 0.169401 0.138889 0.0877604 0.0675926
0 0.500521 0.580324 0.0286458 0.0430556
0 0.536719 0.561343 0.0354167 0.0486111
0 0.552214 0.257407 0.0184896 0.0361111
0 0.505078 0.09375 0.0320312 0.0560185
1 0.244922 0.468056 0.0804688 0.139815
2 0.484635 0.817824 0.0354167 0.103241
2 0.271224 0.243519 0.0388021 0.0722222
