0 0.586320 0.642091 0.046381 0.080354
0 0.263040 0.664758 0.038637 0.095333
0 0.458218 0.723348 0.039362 0.071281
1 0.242202 0.462368 0.088366 0.146448
2 0.484086 0.819447 0.031940 0.104466
0 0.534757 0.558553 0.034993 0.049241
0 0.407613 0.139104 0.069695 0.105009
0 0.592587 0.515308 0.026454 0.047646
0 0.505328 0.085830 0.033440 0.057606
0 0.165045 0.133520 0.083236 0.088072
0 0.634186 0.587693 0.025098 0.047900
0 0.501486 0.577533 0.028963 0.046447
2 0.270071 0.236458 0.037339 0.065854
0 0.533369 0.198431 0.022901 0.047320
0 0.599271 0.339151 0.015897 0.039527
0 0.553575 0.251422 0.017232 0.035534
0 0.342774 0.174551 0.026736 0.076463
0 0.482771 0.432304 0.033672 0.059115
0 0.030416 0.837993 0.059796 0.142694
0 0.485349 0.445953 0.028436 0.045032
0 0.488692 0.451424 0.022020 0.039310
