0 0.591796 0.637895 0.050052 0.083746
0 0.403832 0.111517 0.071014 0.108403
0 0.455531 0.723363 0.042499 0.073618
0 0.505610 0.059199 0.034051 0.058980
0 0.596536 0.506833 0.027385 0.049763
0 0.603889 0.324142 0.017471 0.035802
0 0.150591 0.102384 0.084540 0.088569
1 0.230558 0.448062 0.087699 0.157047
2 0.483935 0.822901 0.032494 0.103076
0 0.251396 0.659159 0.039764 0.100211
0 0.502559 0.570268 0.027742 0.044544
0 0.538959 0.551062 0.034867 0.050860
0 0.640865 0.580651 0.024234 0.046871
2 0.258865 0.213905 0.035856 0.074321
0 0.555297 0.231317 0.017978 0.038357
0 0.535867 0.175254 0.022447 0.050602
0 0.481736 0.416637 0.035774 0.062435
0 0.336434 0.145460 0.026922 0.086789
0 0.484969 0.428811 0.031948 0.062238
0 0.486058 0.435970 0.027691 0.046926
