0 0.454818 0.721528 0.0445312 0.0791667
0 0.646745 0.578009 0.0252604 0.0421296
0 0.595573 0.635417 0.05 0.0884259
0 0.243229 0.659954 0.0401042 0.105093
0 0.483464 0.417361 0.0367187 0.0643518
0 0.607813 0.314815 0.0151042 0.0453704
0 0.600521 0.5 0.0265625 0.0555556
0 0.536589 0.15787 0.0226563 0.0490741
0 0.401432 0.0916667 0.0763021 0.121296
0 0.33138 0.126852 0.0268229 0.0768519
0 0.136979 0.0784722 0.0921875 0.0708333
0 0.501823 0.565046 0.0317708 0.0476852
0 0.541667 0.545139 0.0390625 0.0532407
0 0.558594 0.214815 0.0192708 0.037963
0 0.507161 0.0391204 0.0335938 0.0587963
1 0.217448 0.43588 0.0885417 0.154167
2 0.484635 0.826157 0.0354167 0.103241
2 0.250391 0.19537 0.0408854 0.0759259
