0 0.451623 0.736310 0.055409 0.094232
0 0.611290 0.631263 0.059724 0.096274
1 0.175847 0.392152 0.106270 0.172425
0 0.667612 0.564731 0.032652 0.055115
0 0.201867 0.659287 0.055083 0.116885
0 0.505224 0.551988 0.032488 0.054789
0 0.549344 0.529065 0.041435 0.059937
0 0.615857 0.478646 0.029187 0.054920
0 0.481834 0.373740 0.043515 0.074786
2 0.484529 0.846970 0.041319 0.123093
0 0.568281 0.156917 0.021286 0.044245
0 0.622761 0.273663 0.019549 0.054381
2 0.216397 0.130841 0.049860 0.096195
0 0.545049 0.096488 0.025689 0.057117
0 0.390778 0.042901 0.084221 0.085803
0 0.309981 0.054735 0.037136 0.109064
0 0.088478 0.025955 0.086565 0.051909
