0 0.474055 0.491712 0.038352 0.060756
0 0.581360 0.391923 0.058967 0.079747
0 0.547404 0.143874 0.033965 0.074559
0 0.455647 0.106958 0.021130 0.041779
0 0.816593 0.462787 0.073493 0.128828
0 0.451644 0.933057 0.041077 0.085561
0 0.577664 0.472623 0.025419 0.079818
0 0.549493 0.022579 0.022828 0.045158
0 0.455354 0.313972 0.024455 0.036985
0 0.429374 0.038778 0.022838 0.054755
0 0.645661 0.395285 0.021434 0.044981
0 0.516075 0.034591 0.022989 0.050965
0 0.445464 0.715151 0.031893 0.056823
2 0.720066 0.313047 0.030621 0.049020
2 0.014777 0.792207 0.028899 0.122945
1 0.773354 0.065786 0.061993 0.131573
0 0.460280 0.381329 0.025580 0.034710
1 0.439257 0.780225 0.024630 0.047898
