0 0.610825 0.713127 0.059231 0.100543
0 0.447014 0.827289 0.056157 0.094333
0 0.502972 0.637388 0.035113 0.055420
0 0.193685 0.760658 0.055630 0.113783
0 0.547886 0.610613 0.045478 0.062406
0 0.614402 0.554849 0.030734 0.062723
1 0.166009 0.496995 0.111364 0.187222
0 0.566907 0.229599 0.020518 0.044551
0 0.622660 0.338270 0.019110 0.050207
0 0.388641 0.089959 0.084112 0.138081
0 0.507981 0.032326 0.041127 0.064652
2 0.212681 0.210880 0.044359 0.091532
0 0.479370 0.455913 0.046415 0.080028
0 0.543898 0.164467 0.027657 0.056198
2 0.481975 0.942947 0.048904 0.114107
0 0.081876 0.075804 0.112535 0.108601
0 0.305568 0.129525 0.034763 0.105202
0 0.669919 0.645113 0.030830 0.047454
0 0.483921 0.470330 0.039379 0.064774
0 0.479203 0.439711 0.041025 0.063181
0 0.715066 0.081667 0.020327 0.047429
