0 0.446354 0.859722 0.0598958 0.106481
0 0.669401 0.671296 0.0294271 0.0490741
0 0.611068 0.743056 0.0638021 0.112963
0 0.192188 0.797222 0.0536458 0.140741
0 0.479557 0.485417 0.0424479 0.074537
0 0.623828 0.361806 0.0158854 0.0476852
0 0.616146 0.57963 0.0322917 0.0675926
0 0.541797 0.188657 0.0263021 0.0569444
0 0.388151 0.113194 0.0882813 0.140278
0 0.304167 0.15463 0.03125 0.0888889
0 0.0803385 0.0914352 0.117448 0.0902778
0 0.502865 0.666435 0.0385417 0.0578704
0 0.547917 0.639352 0.0473958 0.0648148
0 0.567708 0.254167 0.0234375 0.0462963
0 0.507292 0.0541667 0.0421875 0.0703704
1 0.161979 0.533102 0.113021 0.196759
2 0.484115 0.965741 0.0578125 0.113889
2 0.209896 0.235185 0.0546875 0.101852
