0 0.672396 0.803472 0.0322917 0.0541667
0 0.612891 0.886111 0.0638021 0.112963
0 0.176172 0.984259 0.0513021 0.134259
0 0.478646 0.621528 0.0447917 0.0782407
0 0.625 0.470833 0.0166667 0.05
0 0.619271 0.706481 0.0338542 0.0712963
0 0.542188 0.310417 0.0276042 0.0597222
0 0.385417 0.24213 0.0927083 0.147222
0 0.30026 0.284259 0.03125 0.0888889
0 0.0695312 0.221296 0.129688 0.1
0 0.502995 0.821991 0.0367187 0.0550926
0 0.547526 0.783565 0.0497396 0.0680556
0 0.568099 0.376852 0.0257812 0.0509259
0 0.508073 0.168056 0.0442708 0.0740741
1 0.152734 0.709028 0.12474 0.21713
2 0.203516 0.367361 0.0601562 0.1125
