0 0.443342 0.395234 0.058498 0.082050
0 0.666394 0.464121 0.070489 0.131040
0 0.321768 0.936317 0.046033 0.084205
0 0.342668 0.493170 0.042376 0.061578
0 0.417962 0.145589 0.033715 0.075081
0 0.440875 0.475494 0.026490 0.080330
0 0.318627 0.717996 0.034763 0.064171
0 0.336072 0.106208 0.019342 0.038416
0 0.326661 0.313463 0.027471 0.040680
0 0.311871 0.037699 0.023592 0.059944
0 0.333586 0.380895 0.028132 0.043526
0 0.421580 0.022405 0.021368 0.044810
0 0.505171 0.396344 0.017696 0.046185
0 0.388771 0.033955 0.022681 0.049856
1 0.619800 0.052173 0.054892 0.102927
