0 0.508020 0.268848 0.046056 0.070934
0 0.618095 0.818972 0.034731 0.067447
0 0.383936 0.357385 0.093394 0.152505
0 0.545175 0.412454 0.030834 0.056568
0 0.477057 0.744772 0.054766 0.105933
0 0.568394 0.483973 0.025139 0.046374
2 0.198902 0.505323 0.045341 0.097686
0 0.057293 0.368610 0.108832 0.128142
0 0.297710 0.406963 0.035581 0.086600
0 0.501275 0.949510 0.039324 0.068275
0 0.675208 0.920956 0.030127 0.062785
0 0.626413 0.570690 0.021509 0.051231
0 0.511912 0.082944 0.028200 0.051001
0 0.547885 0.909664 0.044744 0.071372
1 0.149753 0.894284 0.111859 0.149131
1 0.149479 0.870791 0.131818 0.204889
2 0.415792 0.039532 0.023257 0.070110
0 0.620917 0.972323 0.030351 0.055353
