1 0.545075 0.446148 0.049675 0.089406
0 0.883601 0.721576 0.042601 0.075803
0 0.736673 0.904574 0.029789 0.067294
2 0.085933 0.582411 0.047898 0.084040
0 0.463347 0.363301 0.036256 0.062578
0 0.138888 0.250294 0.102369 0.149284
1 0.046439 0.062996 0.079431 0.059815
1 0.332367 0.035762 0.065244 0.071524
2 0.640249 0.586497 0.018710 0.060971
0 0.570492 0.907759 0.033869 0.044519
0 0.096941 0.153513 0.052957 0.060736
0 0.040700 0.174296 0.075003 0.091092
0 0.043005 0.161986 0.062987 0.074059
2 0.569069 0.376855 0.028364 0.068448
1 0.633937 0.441627 0.038784 0.049549
0 0.773520 0.952522 0.035417 0.049196
