0 0.249089 0.24838 0.0971354 0.15787
0 0.55638 0.359722 0.0315104 0.0648148
0 0.95651 0.719444 0.0427083 0.0694444
0 0.817057 0.90463 0.0315104 0.0675926
0 0.657943 0.907176 0.0330729 0.0458333
0 0.849479 0.952315 0.0364583 0.0435185
0 0.205339 0.146296 0.0455729 0.0611111
0 0.155729 0.152083 0.0526042 0.0615741
0 0.129688 0.175926 0.119271 0.12037
0 0.086849 0.338657 0.0736979 0.0810185
0 0.106901 0.468981 0.0783854 0.117593
1 0.634766 0.443287 0.0554687 0.0967593
1 0.724609 0.432176 0.0440104 0.0421296
1 0.43099 0.0344907 0.0614583 0.0699074
1 0.151562 0.0578704 0.0682292 0.075
2 0.727083 0.577778 0.021875 0.0638889
2 0.735677 0.473611 0.0182292 0.0333333
2 0.201172 0.58125 0.0533854 0.0856481
