0 0.323698 0.242593 0.102083 0.165741
0 0.620703 0.353241 0.0315104 0.0648148
0 1 0.718287 0.0447917 0.0726852
0 0.870182 0.900231 0.0299479 0.0643518
0 0.716016 0.90162 0.0330729 0.0458333
0 0.901172 0.947685 0.0346354 0.0416667
0 0.279036 0.14213 0.0434896 0.0583333
0 0.233594 0.146528 0.0526042 0.0615741
0 0.207031 0.171296 0.119271 0.12037
0 0.165755 0.335417 0.0736979 0.0810185
0 0.187109 0.464352 0.0783854 0.117593
0 0.19362 0.571991 0.0346354 0.0486111
1 0.695703 0.437731 0.0554687 0.0967593
1 0.785807 0.427083 0.0419271 0.0402778
1 0.497396 0.0349537 0.0614583 0.0699074
1 0.223438 0.0527778 0.0682292 0.075
2 0.785677 0.573148 0.021875 0.0638889
2 0.794531 0.467593 0.0182292 0.0333333
2 0.277734 0.574537 0.0507813 0.0814815
2 0.0789063 0.54537 0.0526042 0.0509259
