0 0.396484 0.240046 0.0971354 0.15787
0 0.684505 0.346296 0.0315104 0.0648148
0 0.923568 0.896528 0.0299479 0.0643518
0 0.773568 0.89838 0.0330729 0.0458333
0 0.951172 0.943519 0.0346354 0.0416667
0 0.351693 0.138426 0.0434896 0.0583333
0 0.309375 0.140972 0.05 0.0587963
0 0.285677 0.168519 0.113542 0.114815
0 0.241536 0.331713 0.0736979 0.0810185
0 0.265234 0.459722 0.0783854 0.117593
0 0.26888 0.565741 0.0330729 0.0462963
0 0.129948 0.616898 0.0921875 0.138426
0 0.0579427 0.621065 0.0559896 0.109722
1 0.757161 0.432407 0.0580729 0.101852
1 0.847266 0.421528 0.0419271 0.0402778
1 0.564062 0.0243056 0.0614583 0.0699074
1 0.29349 0.0486111 0.0682292 0.075
2 0.843229 0.569444 0.0229167 0.0666667
2 0.854427 0.463426 0.0192708 0.0351852
2 0.353255 0.569907 0.0486979 0.087037
2 0.15625 0.540278 0.0526042 0.0509259
