1 0.912966 0.427094 0.059196 0.097512
0 0.200328 0.366273 0.094039 0.153220
0 0.324981 0.611812 0.086785 0.131800
2 0.542333 0.560581 0.051067 0.083172
0 0.581160 0.235097 0.094382 0.152811
0 0.428416 0.326408 0.087056 0.083709
0 0.257757 0.615434 0.056644 0.102772
1 0.469405 0.044504 0.067101 0.072826
0 0.534684 0.134102 0.041035 0.065846
0 0.455618 0.454179 0.076876 0.112415
0 0.479684 0.195071 0.124613 0.165895
1 0.731606 0.026525 0.066075 0.053051
2 0.350134 0.535504 0.045253 0.056579
0 0.457062 0.559815 0.028013 0.041408
0 0.847727 0.338408 0.034764 0.059694
0 0.193138 0.647871 0.038997 0.059937
0 0.495453 0.135406 0.053068 0.056817
