0 0.63763 0.23588 0.0924479 0.150463
0 0.897526 0.340046 0.0330729 0.0680556
0 0.96849 0.899769 0.0364583 0.050463
0 0.590234 0.131481 0.0434896 0.0583333
0 0.552604 0.13588 0.0526042 0.0615741
0 0.538542 0.200463 0.119271 0.194444
0 0.488021 0.327778 0.0963542 0.0851852
0 0.517057 0.458333 0.0747396 0.112037
0 0.514063 0.557407 0.0364583 0.0509259
0 0.384505 0.609491 0.0835937 0.125463
0 0.317318 0.615509 0.0559896 0.109722
0 0.260807 0.367593 0.0919271 0.151852
1 0.961849 0.428009 0.0611979 0.106944
1 0.78724 0.0173611 0.0645833 0.0736111
1 0.524479 0.0465278 0.0619792 0.0680556
2 0.600781 0.561806 0.0536458 0.0958333
2 0.411068 0.535185 0.0361979 0.0425926
