0 0.794792 0.23125 0.0880208 0.143056
0 0.745703 0.12963 0.0414063 0.0555556
0 0.701302 0.193056 0.113542 0.185185
0 0.643229 0.324769 0.117188 0.0893519
0 0.677995 0.456481 0.0747396 0.112037
0 0.663281 0.554167 0.0208333 0.0351852
0 0.542578 0.611343 0.0835937 0.125463
0 0.480599 0.613426 0.0533854 0.10463
0 0.42513 0.366667 0.0919271 0.151852
1 0.93099 0.0145833 0.0645833 0.0736111
1 0.672656 0.0444444 0.0651042 0.0712963
2 0.758203 0.560185 0.0486979 0.087037
2 0.569792 0.53287 0.034375 0.0407407
