0 0.587593 0.359155 0.083838 0.147684
0 0.841629 0.447345 0.085589 0.114636
0 0.701404 0.604821 0.096489 0.133351
0 0.644168 0.608690 0.052113 0.095015
0 0.952086 0.228316 0.095828 0.149180
2 0.301818 0.455309 0.053267 0.087750
2 0.917977 0.553743 0.053709 0.085983
1 0.829867 0.044676 0.075555 0.073466
0 0.803301 0.316904 0.114605 0.089365
2 0.734504 0.527359 0.041852 0.049027
0 0.863236 0.183775 0.140636 0.192084
0 0.572252 0.635866 0.036251 0.055233
0 0.792127 0.325972 0.106436 0.081639
0 0.829671 0.130880 0.044462 0.055600
