0 0.46862 0.710417 0.0320312 0.0467593
0 0.453255 0.647685 0.0278646 0.0546296
0 0.473047 0.728009 0.0205729 0.0578704
0 0.188151 0.496296 0.0372396 0.112963
0 0.228516 0.59838 0.0486979 0.0930556
0 0.123828 0.941435 0.0304688 0.0439815
0 0.264583 0.959259 0.0338542 0.0509259
1 0.804036 0.547454 0.0252604 0.0875
1 0.115104 0.506481 0.034375 0.062963
1 0.197656 0.812268 0.0197917 0.0375
2 0.695833 0.202778 0.0255208 0.0611111
2 0.165885 0.455324 0.028125 0.0875
2 0.323958 0.110648 0.0182292 0.0583333
