1 0.646099 0.600515 0.035016 0.086453
0 0.743475 0.411115 0.039585 0.133226
2 0.162615 0.277114 0.043855 0.085312
1 0.361878 0.744417 0.028491 0.055447
0 0.797190 0.597002 0.025647 0.052212
0 0.448559 0.248868 0.025364 0.059147
1 0.188143 0.692491 0.036448 0.072399
0 0.309582 0.722618 0.027514 0.060292
1 0.807283 0.782415 0.026657 0.053513
0 0.785872 0.520743 0.019707 0.035266
0 0.783713 0.561436 0.017853 0.033754
2 0.837114 0.502715 0.020032 0.042488
0 0.785743 0.570000 0.021727 0.044209
2 0.083888 0.394974 0.033978 0.070256
0 0.013103 0.136018 0.026206 0.083509
