1 0.342868 0.704100 0.036085 0.078596
0 0.913092 0.563372 0.046098 0.129490
1 0.792908 0.732203 0.031196 0.088388
0 0.635950 0.328747 0.024208 0.062366
2 0.357647 0.290660 0.038491 0.081200
0 0.951496 0.773633 0.029187 0.053824
1 0.502797 0.807009 0.027661 0.059744
0 0.258954 0.375012 0.032662 0.077079
0 0.945678 0.690911 0.022305 0.036785
0 0.450536 0.762824 0.023991 0.062503
0 0.941140 0.733079 0.019764 0.038124
1 0.943187 0.970995 0.028474 0.058009
2 0.426563 0.226018 0.025887 0.051015
2 0.993754 0.683836 0.012492 0.061502
