1 0.737459 0.581562 0.028790 0.085836
1 0.315435 0.798553 0.039496 0.079453
0 0.815206 0.369241 0.038664 0.120264
1 0.491146 0.805155 0.027655 0.055523
2 0.262601 0.383171 0.043720 0.088518
0 0.540973 0.284752 0.023674 0.056827
1 0.900457 0.722061 0.022774 0.047116
0 0.434464 0.796882 0.023588 0.059764
0 0.877132 0.543331 0.021729 0.047483
0 0.861838 0.512806 0.018360 0.034866
0 0.860077 0.471098 0.019491 0.034543
2 0.904882 0.441193 0.020093 0.045011
0 0.170465 0.519945 0.040896 0.075659
0 0.865585 0.525115 0.024317 0.049748
