0 0.847949 0.376873 0.039294 0.119445
1 0.356526 0.808620 0.039452 0.080142
1 0.770107 0.586236 0.028196 0.080270
2 0.303083 0.391983 0.046595 0.087452
1 0.528286 0.815144 0.029329 0.057910
0 0.578584 0.290325 0.023039 0.058838
1 0.932034 0.729786 0.026270 0.051624
0 0.894413 0.516407 0.017300 0.034884
0 0.472461 0.804460 0.023853 0.062458
0 0.908484 0.547957 0.021489 0.046290
2 0.935055 0.445828 0.018603 0.037541
0 0.894330 0.521720 0.018638 0.038916
0 0.891407 0.478018 0.021597 0.039540
2 0.205929 0.526794 0.042491 0.072651
