1 0.798005 0.573534 0.030288 0.085840
1 0.959022 0.701754 0.022725 0.047982
1 0.399954 0.828257 0.037760 0.076810
2 0.339806 0.412849 0.044978 0.084174
0 0.870071 0.355878 0.036802 0.117497
0 0.918005 0.493636 0.017860 0.034971
0 0.515162 0.814177 0.024281 0.060666
0 0.609621 0.291755 0.021974 0.057299
1 0.570862 0.820888 0.028029 0.053478
0 0.931973 0.523646 0.021770 0.042994
2 0.955396 0.417906 0.020693 0.048593
0 0.913394 0.455103 0.021995 0.040197
2 0.239018 0.556926 0.044824 0.078693
0 0.918537 0.501331 0.018012 0.039095
0 0.662598 0.635700 0.024783 0.069089
