0 0.550781 0.823148 0.0239583 0.0648148
0 0.632813 0.290509 0.0229167 0.0615741
0 0.883333 0.334028 0.0375 0.120833
0 0.932552 0.467593 0.0197917 0.0435185
0 0.945964 0.495833 0.0231771 0.0462963
1 0.977865 0.670602 0.028125 0.0467593
1 0.81901 0.558333 0.0296875 0.0814815
1 0.398568 0.0858796 0.0257812 0.0393519
2 0.36875 0.434028 0.0463542 0.0856481
1 0.439193 0.847685 0.0398437 0.0814815
0 0.926693 0.428935 0.0231771 0.0356481
1 0.607031 0.828472 0.0276042 0.0606481
2 0.967188 0.393056 0.0213542 0.0407407
