0 0.620834 0.399365 0.033542 0.084803
0 0.457704 0.891703 0.039463 0.088303
2 0.699399 0.334488 0.036658 0.056428
2 0.240659 0.653172 0.029841 0.053892
1 0.713003 0.720790 0.032148 0.051902
0 0.357937 0.669465 0.026460 0.058879
2 0.296149 0.553575 0.030013 0.064229
1 0.558898 0.495893 0.037441 0.082221
0 0.569954 0.319792 0.036886 0.083823
0 0.275773 0.940685 0.025003 0.044237
2 0.844799 0.584736 0.038313 0.058131
2 0.353735 0.802468 0.032745 0.061436
1 0.805573 0.740097 0.063087 0.103848
0 0.557641 0.761403 0.022008 0.047457
