0 0.601953 0.413194 0.0283854 0.0939815
0 0.553125 0.328009 0.0286458 0.0819444
0 0.442318 0.894213 0.0424479 0.0847222
0 0.540234 0.762963 0.0216146 0.0324074
0 0.185026 0.35625 0.0226563 0.0606481
1 0.541276 0.502778 0.0377604 0.087037
1 0.782682 0.743519 0.0669271 0.110185
1 0.692187 0.725231 0.0276042 0.0467593
2 0.228646 0.659722 0.0354167 0.0537037
2 0.285026 0.559722 0.0283854 0.0555556
2 0.676823 0.347917 0.0322917 0.0550926
2 0.419792 0.597222 0.0276042 0.0731481
2 0.823307 0.589815 0.0341146 0.0601852
