1 0.261509 0.395771 0.048968 0.122367
1 0.485513 0.611930 0.032203 0.106311
0 0.683807 0.334796 0.045499 0.092936
0 0.583924 0.202999 0.042238 0.117341
0 0.380547 0.452307 0.081555 0.107980
0 0.063296 0.444398 0.066249 0.117148
2 0.462993 0.355594 0.038466 0.091255
1 0.108394 0.159886 0.039082 0.067484
2 0.705517 0.703498 0.033092 0.071137
0 0.289707 0.232505 0.062857 0.093269
1 0.157224 0.086361 0.038221 0.069524
0 0.736794 0.694890 0.030559 0.060699
0 0.879174 0.648255 0.039866 0.093087
0 0.634834 0.408801 0.042420 0.120056
0 0.840495 0.656491 0.045121 0.087189
0 0.632127 0.410715 0.033676 0.102874
2 0.951975 0.123481 0.060802 0.121202
0 0.856057 0.651272 0.072915 0.110654
