1 0.255313 0.380613 0.052238 0.123970
0 0.582583 0.182409 0.042715 0.124070
0 0.377042 0.436320 0.088456 0.108570
1 0.483656 0.600748 0.034243 0.113700
0 0.054493 0.429120 0.070059 0.122990
0 0.684440 0.319255 0.044123 0.095473
1 0.099608 0.136229 0.040376 0.071308
2 0.705938 0.692930 0.034883 0.071621
1 0.149631 0.061099 0.038845 0.070892
0 0.285654 0.210318 0.068012 0.103094
0 0.737657 0.684709 0.031854 0.067644
0 0.882727 0.636674 0.040556 0.092669
0 0.634570 0.392756 0.041881 0.120807
2 0.460874 0.337837 0.040647 0.096735
0 0.840887 0.642042 0.043784 0.087301
1 0.205459 0.709845 0.043219 0.076148
2 0.955974 0.105212 0.062271 0.118459
