0 0.0450521 0.412037 0.0708333 0.125
0 0.283854 0.180324 0.0671875 0.100463
0 0.378516 0.420833 0.0861979 0.112037
0 0.596875 0.152546 0.0447917 0.116204
0 0.701563 0.294676 0.0458333 0.0967593
0 0.756901 0.676157 0.0330729 0.0763889
0 0.866276 0.628009 0.0518229 0.0939815
2 0.468099 0.314815 0.0388021 0.0861111
2 0.550521 0.0569444 0.0239583 0.0555556
2 0.723958 0.680093 0.0348958 0.0685185
1 0.090625 0.105324 0.040625 0.0671296
1 0.145833 0.024537 0.0390625 0.0675926
1 0.254167 0.356019 0.0515625 0.126852
1 0.202083 0.702778 0.0421875 0.0796296
1 0.491927 0.583565 0.0333333 0.114352
0 0.653255 0.36088 0.0393229 0.103241
