0 0.0757812 0.410185 0.0744792 0.131481
0 0.31875 0.174306 0.0671875 0.100463
0 0.413542 0.417593 0.090625 0.117593
0 0.638932 0.143981 0.0471354 0.122222
0 0.745833 0.288657 0.0458333 0.0967593
0 0.80599 0.681481 0.0364583 0.0842593
0 0.916797 0.631019 0.0570313 0.103704
2 0.50599 0.31088 0.0369792 0.0819444
2 0.592448 0.0453704 0.0239583 0.0555556
2 0.771745 0.684491 0.0367187 0.0717593
1 0.122396 0.0981481 0.0427083 0.0703704
1 0.178646 0.0157407 0.0390625 0.0675926
1 0.288542 0.353241 0.0541667 0.133333
1 0.235156 0.706944 0.0421875 0.0796296
1 0.529557 0.584259 0.0367187 0.125926
0 0.690365 0.36713 0.0432292 0.113889
