1 0.358102 0.358320 0.049509 0.134667
1 0.194865 0.100309 0.045938 0.078293
0 0.817824 0.284416 0.051131 0.109271
0 0.764495 0.362495 0.048103 0.116474
2 0.576502 0.309916 0.045732 0.094493
0 0.480180 0.415289 0.095039 0.115881
0 0.147398 0.406905 0.083088 0.133341
0 0.884167 0.677934 0.033480 0.074425
0 0.391732 0.175515 0.075260 0.099596
1 0.598088 0.583441 0.036844 0.117629
0 0.981501 0.637741 0.036999 0.079398
2 0.850025 0.687988 0.039093 0.088304
0 0.711791 0.141141 0.041533 0.123653
1 0.302454 0.708489 0.044283 0.087168
1 0.249187 0.028206 0.039612 0.056412
1 0.036649 0.336267 0.050940 0.057434
