0 0.178385 0.419907 0.0744792 0.131481
0 0.418359 0.184259 0.0705729 0.105556
0 0.509635 0.426389 0.090625 0.117593
0 0.740495 0.152546 0.0518229 0.134722
0 0.845833 0.295139 0.0458333 0.0967593
0 0.915234 0.690972 0.0382813 0.0884259
0 1 0.637963 0.0570313 0.103704
2 0.606641 0.318981 0.0388021 0.0861111
2 0.694661 0.0546296 0.0252604 0.0583333
2 0.88099 0.689583 0.0385417 0.075463
1 0.227865 0.111111 0.0427083 0.0703704
1 0.282292 0.0333333 0.0390625 0.0675926
1 0.389583 0.363426 0.0515625 0.126852
1 0.332812 0.713889 0.0421875 0.0796296
1 0.627083 0.587269 0.0333333 0.114352
0 0.796615 0.365278 0.0453125 0.119444
