0 0.525521 0.492824 0.0265625 0.0384259
0 0.484896 0.500463 0.0244792 0.0388889
0 0.503385 0.538657 0.0390625 0.0578704
0 0.697656 0.301157 0.0401042 0.103241
0 0.785417 0.417361 0.040625 0.074537
0 0.836328 0.750463 0.0278646 0.0518519
0 0.428385 0.32037 0.0552083 0.0833333
0 0.314453 0.0650463 0.0653646 0.0828704
0 0.741536 0.481019 0.0528646 0.102778
0 0.224219 0.512037 0.0708333 0.117593
2 0.809115 0.757639 0.0359375 0.0699074
2 0.585807 0.436111 0.0346354 0.0814815
1 0.401432 0.45625 0.0346354 0.0773148
1 0.133594 0.446759 0.0223958 0.0416667
1 0.226823 0.59213 0.0161458 0.0333333
1 0.601953 0.661343 0.0309896 0.0819444
1 0.315234 0.192593 0.0299479 0.0546296
1 0.267708 0.259028 0.0401042 0.0625
2 0.658724 0.22963 0.0236979 0.0648148
