0 0.517581 0.519616 0.075106 0.093909
1 0.616077 0.658860 0.030549 0.096231
0 0.240055 0.508054 0.069324 0.113806
1 0.416868 0.467453 0.038673 0.099268
0 0.712972 0.299702 0.036767 0.107668
1 0.282718 0.259154 0.040212 0.061970
0 0.800838 0.417244 0.041876 0.091998
0 0.757522 0.477707 0.045368 0.101813
0 0.443315 0.319269 0.059641 0.085997
1 0.329288 0.190798 0.029889 0.056445
0 0.978265 0.706659 0.034261 0.084289
2 0.599615 0.433385 0.033635 0.076960
1 0.366504 0.760481 0.037258 0.068903
2 0.824791 0.757747 0.034419 0.064009
0 0.852090 0.748897 0.030494 0.059987
0 0.322842 0.064961 0.041302 0.056359
1 0.761922 0.062720 0.045424 0.088560
0 0.938384 0.713102 0.045679 0.080378
