0 0.564062 0.478935 0.0265625 0.0384259
0 0.524219 0.490741 0.0244792 0.0388889
0 0.544271 0.527083 0.0390625 0.0578704
0 0.732031 0.270139 0.0401042 0.103241
0 0.819792 0.378472 0.040625 0.074537
0 0.882813 0.699537 0.0291667 0.0546296
0 0.463802 0.31713 0.0552083 0.0833333
0 0.345443 0.0696759 0.0653646 0.0828704
0 0.780339 0.44375 0.0502604 0.0976852
0 0.265625 0.527778 0.0708333 0.117593
2 0.857682 0.710185 0.0341146 0.0666667
2 0.62526 0.416435 0.0364583 0.0856481
1 0.441797 0.454398 0.0346354 0.0773148
1 0.173958 0.474769 0.0260417 0.0430556
1 0.269531 0.609722 0.0161458 0.0333333
1 0.646484 0.6375 0.0325521 0.0861111
1 0.348698 0.200463 0.0286458 0.0518519
1 0.302604 0.270602 0.0401042 0.0625
2 0.691667 0.203472 0.025 0.0680556
