0 0.582552 0.464815 0.0734375 0.130556
0 0.364583 0.393519 0.0598958 0.0787037
0 0.424609 0.390278 0.0164062 0.037963
0 0.268229 0.491204 0.04375 0.0740741
0 0.247526 0.716667 0.0315104 0.0583333
0 0.344531 0.14537 0.0359375 0.0777778
0 0.253906 0.312269 0.0270833 0.0421296
0 0.364062 0.478704 0.0302083 0.087963
0 0.26888 0.105093 0.0184896 0.0407407
0 0.245573 0.0333333 0.0234375 0.0601852
0 0.348047 0.025 0.0252604 0.0509259
0 0.24987 0.934259 0.0429688 0.0833333
0 0.26224 0.382639 0.0302083 0.0384259
1 0.528776 0.0430556 0.0518229 0.0805556
2 0.483984 0.314352 0.0252604 0.0472222
