0 0.489457 0.821348 0.085920 0.141727
0 0.799196 0.063342 0.050462 0.081677
0 0.283241 0.366084 0.049576 0.076819
1 0.834496 0.215963 0.041473 0.084325
1 0.446057 0.567139 0.044429 0.072462
0 0.896561 0.186503 0.056565 0.122740
0 0.401492 0.339190 0.047466 0.088657
1 0.268662 0.456831 0.064967 0.105165
0 0.514506 0.350200 0.041952 0.094952
0 0.064312 0.703882 0.050060 0.100630
0 0.409383 0.772330 0.038096 0.092864
0 0.965753 0.453331 0.065758 0.104778
0 0.254067 0.788249 0.033055 0.062050
2 0.252861 0.843967 0.037770 0.058121
0 0.746051 0.453451 0.029114 0.056766
1 0.043067 0.280630 0.038364 0.087819
