0 0.48763 0.611343 0.0346354 0.050463
2 0.0532552 0.646065 0.0736979 0.0523148
2 0.352474 0.401157 0.0283854 0.0699074
2 0.44349 0.594907 0.0286458 0.0564815
2 0.42526 0.678935 0.0265625 0.0532407
1 0.472917 0.534722 0.0567708 0.0962963
1 0.477734 0.452546 0.0690104 0.0921296
1 0.253385 0.880787 0.0473958 0.0912037
1 0.0203125 0.155556 0.05625 0.143519
1 0.638281 0.0662037 0.0609375 0.132407
1 0.476432 0.20625 0.0684896 0.121759
1 0.391146 0.686111 0.0380208 0.0722222
1 0.251693 0.793519 0.0273438 0.0574074
1 0.204167 0.819213 0.0520833 0.0912037
