0 0.40013 0.35162 0.0471354 0.0921296
0 0.51263 0.357639 0.0440104 0.0949074
0 0.282031 0.375231 0.0442708 0.0699074
0 0.0539063 0.698611 0.071875 0.116667
0 0.252083 0.803935 0.0328125 0.0541667
0 0.897396 0.188889 0.053125 0.130556
0 0.799609 0.068287 0.0528646 0.0791667
0 0.0717448 0.809722 0.0278646 0.05
0 0.486719 0.831481 0.0864583 0.137963
1 0.267057 0.471759 0.0627604 0.113889
1 0.444922 0.575463 0.0471354 0.075
1 0.835156 0.222222 0.0395833 0.0805556
2 0.502474 0.577778 0.0414063 0.0907407
2 0.255208 0.856944 0.0416667 0.0583333
0 0.408464 0.784954 0.0403646 0.0949074
1 0.0427083 0.29537 0.0447917 0.0907407
