0 0.396484 0.408102 0.0471354 0.0921296
0 0.511328 0.413657 0.0460938 0.099537
0 0.274479 0.436343 0.0463542 0.0736111
0 0.0414063 0.767593 0.071875 0.116667
0 0.244792 0.879398 0.0328125 0.0541667
0 0.902344 0.236574 0.0557292 0.137037
0 0.802995 0.111574 0.0554687 0.0833333
0 0.0595052 0.880556 0.0278646 0.05
0 0.485026 0.911343 0.0908854 0.144907
1 0.260026 0.535648 0.0658854 0.119444
1 0.442057 0.64213 0.0471354 0.075
1 0.839844 0.269676 0.0416667 0.0847222
2 0.500391 0.641204 0.0434896 0.0953704
2 0.248177 0.931944 0.04375 0.0611111
0 0.404557 0.859028 0.0403646 0.0949074
1 0.0286458 0.35463 0.0447917 0.0907407
