0 0.565625 0.466204 0.0734375 0.130556
0 0.350521 0.396296 0.0598958 0.0787037
0 0.409766 0.393056 0.0164062 0.037963
0 0.255339 0.493519 0.0377604 0.0638889
0 0.235807 0.718056 0.0330729 0.0611111
0 0.331641 0.151852 0.0325521 0.0703704
0 0.241276 0.315972 0.0257812 0.0402778
0 0.35026 0.480556 0.0302083 0.087963
0 0.257161 0.109259 0.0184896 0.0407407
0 0.234115 0.037963 0.0234375 0.0601852
0 0.333724 0.025463 0.0252604 0.0509259
0 0.238672 0.934491 0.0450521 0.0875
0 0.25 0.386806 0.0302083 0.0384259
1 0.511068 0.0481481 0.0471354 0.0731481
2 0.466016 0.316204 0.0252604 0.0472222
