0 0.392188 0.499306 0.0494792 0.0967593
0 0.511328 0.503472 0.0460938 0.099537
0 0.264583 0.536806 0.0510417 0.0810185
0 0.0231771 0.876389 0.071875 0.116667
0 0.234635 0.987731 0.034375 0.0569444
0 0.913932 0.311343 0.0585938 0.143981
0 0.810807 0.181944 0.0554687 0.0833333
0 0.0416667 0.996528 0.0291667 0.0523148
0 0.488542 1 0.0953125 0.152315
1 0.25013 0.639815 0.0658854 0.119444
1 0.438932 0.751389 0.0471354 0.075
1 0.849219 0.346065 0.0416667 0.0847222
2 0.499609 0.749537 0.0455729 0.1
0 0.400651 0.982639 0.0424479 0.099537
1 0.00963542 0.448148 0.0447917 0.0907407
0 0.245833 0.0671296 0.0557292 0.118519
