0 0.716797 0.261574 0.0643229 0.127778
0 0.221484 0.515741 0.0382813 0.0592593
2 0.591536 0.580093 0.0320312 0.0398148
2 0.628776 0.684028 0.108073 0.109722
2 0.491016 0.172222 0.0330729 0.0583333
2 0.0983073 0.515278 0.0606771 0.062963
2 0.49987 0.250463 0.0278646 0.0675926
1 0.637891 0.25162 0.0513021 0.0800926
1 0.816276 0.452546 0.0606771 0.0837963
1 0.736458 0.665278 0.04375 0.0833333
1 0.954427 0.801157 0.0463542 0.0819444
1 0.581641 0.387269 0.0684896 0.0837963
1 0.467578 0.426389 0.0518229 0.0768519
1 0.470052 0.258796 0.0453125 0.0768519
1 0.447917 0.16412 0.0895833 0.116204
1 0.402083 0.4125 0.0661458 0.0972222
1 0.287109 0.148148 0.0716146 0.0694444
