1 0.454807 0.418517 0.071313 0.087181
1 0.501781 0.170283 0.093717 0.114036
1 0.514443 0.429231 0.051108 0.072659
1 0.339553 0.151665 0.075167 0.076967
2 0.148060 0.519489 0.063228 0.068906
1 0.631090 0.391974 0.066332 0.077864
1 0.522106 0.266562 0.043576 0.071770
0 0.764768 0.266672 0.068460 0.124418
1 0.869545 0.454049 0.060094 0.080695
2 0.677703 0.691302 0.092673 0.101249
1 0.691765 0.259535 0.051719 0.086379
1 0.831946 0.674579 0.042936 0.077923
2 0.637639 0.583580 0.034714 0.043596
1 0.857191 0.386858 0.051754 0.073827
1 0.228173 0.078428 0.069723 0.105404
1 0.590367 0.235838 0.071860 0.094182
0 0.271600 0.519905 0.041392 0.057682
1 0.839779 0.753042 0.055240 0.089031
1 0.613005 0.764608 0.051794 0.085718
1 0.337977 0.447020 0.052637 0.077247
1 0.511730 0.360538 0.038096 0.067221
1 0.860736 0.381682 0.039935 0.065778
2 0.541681 0.189644 0.030001 0.054042
