0 0.812166 0.202471 0.057902 0.084614
1 0.851740 0.369699 0.043999 0.089051
0 0.920784 0.333039 0.067325 0.135587
1 0.439990 0.789177 0.048032 0.082407
0 0.391593 0.526272 0.053972 0.100812
0 0.513767 0.530902 0.046890 0.098576
0 0.261498 0.567417 0.051182 0.076245
1 0.248149 0.663294 0.071196 0.110171
1 0.328362 0.066363 0.044840 0.111569
0 0.027026 0.915869 0.053265 0.128434
2 0.499325 0.787577 0.051773 0.116644
0 0.239243 0.086020 0.051800 0.109874
0 0.980954 0.088535 0.038093 0.084751
0 0.978959 0.654483 0.040848 0.115315
0 0.760426 0.630713 0.032479 0.068090
0 0.982847 0.664694 0.033442 0.103147
