1 0.736905 0.283751 0.049611 0.082727
1 0.722405 0.185774 0.100189 0.120998
1 0.715798 0.450994 0.049579 0.074208
1 0.547750 0.172253 0.074151 0.070943
1 0.542117 0.465277 0.049420 0.081029
2 0.349055 0.539601 0.066249 0.075490
1 0.656492 0.443048 0.071078 0.089354
1 0.845431 0.414052 0.069669 0.086940
1 0.365486 0.628676 0.071291 0.113378
2 0.867251 0.716812 0.096530 0.103577
1 0.281819 0.566690 0.079659 0.142787
0 0.469078 0.539839 0.036581 0.058147
0 0.967771 0.283752 0.064459 0.112547
1 0.612881 0.398425 0.065844 0.102115
1 0.907528 0.272673 0.053666 0.082985
1 0.425847 0.548703 0.057917 0.097012
2 0.835415 0.606318 0.038571 0.048845
1 0.731053 0.386625 0.063149 0.077776
1 0.263246 0.275990 0.072407 0.116971
