0 0.54349 0.549537 0.0364583 0.0564815
2 0.939193 0.72338 0.108073 0.109722
2 0.426172 0.546759 0.0606771 0.062963
1 0.994271 0.278009 0.0489583 0.0763889
1 0.926172 0.425694 0.0684896 0.0837963
1 0.79401 0.455787 0.0421875 0.0791667
1 0.815365 0.293519 0.0526042 0.0888889
1 0.807813 0.196528 0.0942708 0.121759
1 0.736589 0.445833 0.0695312 0.101852
1 0.632422 0.181019 0.0716146 0.0694444
1 0.615365 0.472454 0.0588542 0.0837963
1 0.349349 0.291204 0.0658854 0.124074
1 0.359766 0.576852 0.0648438 0.134259
1 0.443359 0.633565 0.0710938 0.106019
