0 0.385603 0.565024 0.070751 0.122275
0 0.806361 0.833967 0.066399 0.115327
0 0.160643 0.890962 0.084902 0.130724
2 0.041094 0.831344 0.051849 0.069207
1 0.761797 0.352540 0.116123 0.161078
0 0.388817 0.941898 0.044638 0.084112
2 0.801258 0.577665 0.054146 0.117877
2 0.422085 0.051000 0.042708 0.089504
2 0.028967 0.083098 0.055143 0.097034
2 0.837849 0.710446 0.084079 0.112039
2 0.794027 0.763267 0.048674 0.095180
0 0.193909 0.665397 0.037324 0.092295
2 0.699168 0.414342 0.032119 0.048364
2 0.247821 0.828685 0.045221 0.082835
