0 0.694792 0.563657 0.0708333 0.116204
0 0.71875 0.937963 0.0484375 0.075
0 0.522396 0.662037 0.0369792 0.126852
0 0.496615 0.904167 0.08125 0.130556
0 0.288672 0.28912 0.0757812 0.115278
2 0.570573 0.829398 0.0453125 0.0856481
2 0.532031 0.998611 0.0447917 0.0740741
2 0.731901 0.0414352 0.0429688 0.0708333
2 0.914844 0.0277778 0.0416667 0.0555556
2 0.371224 0.845602 0.0507813 0.074537
2 0.347917 0.094213 0.0578125 0.126389
2 0.369141 0.981481 0.0330729 0.0657407
2 0.210938 0.423843 0.0677083 0.0976852
2 0.0886719 0.160417 0.0414063 0.0967593
1 0.977995 0.0305556 0.0726563 0.110185
