2 0.681580 0.608992 0.043196 0.068085
2 0.647058 0.410412 0.062756 0.117174
1 0.385311 0.323376 0.078155 0.160506
2 0.531189 0.776601 0.062394 0.156538
1 0.461741 0.795227 0.082270 0.157357
1 0.208347 0.711669 0.104227 0.148582
2 0.426393 0.635404 0.059478 0.082706
2 0.581252 0.895909 0.059896 0.127929
2 0.321893 0.125709 0.106674 0.185703
2 0.311998 0.107864 0.120619 0.215728
2 0.864245 0.343258 0.038424 0.088780
2 0.572141 0.896589 0.080643 0.155714
2 0.331626 0.135804 0.090855 0.153004
2 0.301420 0.090246 0.105835 0.180492
2 0.560754 0.901957 0.067043 0.149612
