0 0.390836 0.509538 0.056897 0.093254
0 0.553166 0.740499 0.069351 0.098183
0 0.651183 0.538168 0.083618 0.147032
0 0.594752 0.863467 0.063494 0.101358
0 0.854436 0.300152 0.064687 0.106738
0 0.209794 0.383322 0.033642 0.084973
0 0.769440 0.415902 0.049973 0.079797
0 0.444018 0.394280 0.056973 0.106658
0 0.767398 0.131394 0.031377 0.066161
1 0.103328 0.350597 0.031697 0.069786
0 0.505305 0.702861 0.027011 0.050927
0 0.445456 0.379538 0.053867 0.076216
0 0.141354 0.202763 0.048805 0.065037
0 0.119305 0.276893 0.028110 0.045746
