0 0.594792 0.938657 0.0609375 0.101389
0 0.651953 0.596296 0.0690104 0.155556
0 0.55625 0.817361 0.075 0.126389
0 0.866276 0.353009 0.0690104 0.129167
0 0.774479 0.48125 0.0526042 0.0958333
0 0.389323 0.562732 0.0578125 0.0967593
0 0.442839 0.461343 0.0580729 0.123611
0 0.204167 0.431481 0.0302083 0.0861111
0 0.138281 0.240278 0.0473958 0.0611111
0 0.774349 0.183333 0.0304688 0.0685185
1 0.505729 0.766667 0.0276042 0.0546296
1 0.0985677 0.397685 0.0377604 0.0685185
2 0.279036 0.756481 0.0429688 0.0694444
2 0.227865 0.740046 0.0354167 0.0569444
