0 0.304445 0.302352 0.033214 0.066640
0 0.753534 0.254795 0.039536 0.079365
2 0.765577 0.477712 0.039942 0.076749
1 0.169373 0.429524 0.053637 0.071903
2 0.100533 0.538605 0.068552 0.124931
1 0.561275 0.539467 0.046422 0.082012
1 0.684524 0.054896 0.041803 0.086074
2 0.763111 0.733962 0.051859 0.092137
2 0.691921 0.191970 0.031960 0.076708
2 0.480301 0.944102 0.062479 0.099901
2 0.431295 0.278791 0.039097 0.061990
1 0.605256 0.471094 0.029379 0.076064
0 0.082969 0.305092 0.041908 0.066249
2 0.633360 0.447839 0.032344 0.078411
2 0.911811 0.339334 0.030424 0.060962
2 0.309795 0.798391 0.059317 0.100405
0 0.890656 0.693934 0.036470 0.064876
1 0.734880 0.570186 0.040266 0.051866
2 0.815132 0.950644 0.029409 0.051370
0 0.149568 0.033446 0.061382 0.066891
0 0.420056 0.917140 0.036542 0.052710
2 0.777528 0.971204 0.049008 0.057591
0 0.825781 0.904761 0.026642 0.043792
1 0.825227 0.905196 0.028744 0.043238
