0 0.675074 0.261870 0.042105 0.083837
0 0.224060 0.309324 0.035728 0.065002
2 0.681087 0.737903 0.046347 0.093059
1 0.608257 0.057505 0.041923 0.084925
2 0.353132 0.283181 0.036451 0.060677
0 0.811875 0.697509 0.037787 0.061198
2 0.837928 0.342683 0.031714 0.066260
2 0.552966 0.449830 0.032970 0.073280
2 0.685698 0.484329 0.041078 0.078334
1 0.079571 0.433680 0.048302 0.070252
2 0.615284 0.198391 0.033142 0.078475
2 0.020892 0.544673 0.041784 0.117190
1 0.478106 0.548115 0.043139 0.084105
0 0.068102 0.030739 0.060405 0.061479
2 0.393262 0.951603 0.061002 0.096794
0 0.648552 0.666835 0.019942 0.043589
1 0.654436 0.575444 0.039994 0.053693
1 0.529528 0.480132 0.025544 0.062390
2 0.221817 0.808280 0.059346 0.103777
0 0.737460 0.909416 0.029153 0.043758
2 0.727342 0.959206 0.028464 0.056937
0 0.334053 0.916387 0.049149 0.063542
2 0.692407 0.974632 0.044032 0.050737
0 0.007966 0.324353 0.015932 0.057798
