2 0.750252 0.593242 0.049082 0.082883
0 0.775243 0.359690 0.045939 0.092821
2 0.722959 0.270454 0.037179 0.085493
1 0.733870 0.124353 0.044566 0.087462
0 0.330231 0.221341 0.032783 0.067138
2 0.117000 0.358630 0.063097 0.128642
2 0.452828 0.248678 0.036499 0.054699
2 0.617032 0.493924 0.037361 0.081692
0 0.968253 0.065239 0.060727 0.083070
0 0.344550 0.832623 0.050204 0.069040
0 0.855326 0.872909 0.047531 0.062712
2 0.705968 0.843367 0.056206 0.096252
2 0.391928 0.896852 0.057583 0.092290
1 0.190522 0.284523 0.048387 0.066298
2 0.946087 0.521033 0.037387 0.069878
1 0.529954 0.551742 0.045063 0.085675
0 0.134905 0.142292 0.033092 0.067866
1 0.706134 0.663625 0.035422 0.050545
0 0.683854 0.754686 0.022326 0.044183
