0 0.932154 0.072094 0.060385 0.076499
0 0.731375 0.365034 0.047487 0.089027
0 0.291027 0.219248 0.032606 0.065027
2 0.703691 0.598055 0.046253 0.083919
2 0.411610 0.249080 0.037919 0.051578
2 0.902917 0.528309 0.035841 0.075813
0 0.807410 0.879230 0.045959 0.059932
2 0.341494 0.896935 0.055973 0.092382
1 0.149913 0.279240 0.050491 0.070327
2 0.573217 0.497776 0.037883 0.081581
1 0.693671 0.130677 0.044545 0.084302
2 0.679410 0.273168 0.037891 0.084986
0 0.296175 0.832543 0.049815 0.066461
2 0.656622 0.847535 0.052206 0.092556
2 0.074219 0.349649 0.066722 0.120958
1 0.655041 0.668528 0.040717 0.058179
1 0.485089 0.554557 0.043218 0.085637
0 0.095673 0.138125 0.032702 0.067732
0 0.634697 0.758274 0.022713 0.044652
