0 0.670052 0.934491 0.0796875 0.180093
0 0.909115 0.647454 0.0838542 0.0837963
0 0.811979 0.80162 0.0552083 0.100463
0 0.377344 0.834259 0.0666667 0.112037
0 0.436979 0.720602 0.0671875 0.143056
0 0.176302 0.662963 0.0302083 0.0861111
0 0.111068 0.415046 0.0497396 0.0643518
0 0.803646 0.434491 0.0333333 0.075463
0 0.0828125 0.52338 0.0390625 0.0606481
0 0.932943 0.578704 0.0591146 0.0601852
1 0.0628906 0.620139 0.0403646 0.0847222
1 0.0632813 0.614583 0.0416667 0.075463
1 0.885286 0.157176 0.0705729 0.146759
