2 0.652308 0.600045 0.047534 0.084837
0 0.885274 0.074339 0.061313 0.075741
0 0.681147 0.367901 0.045653 0.086361
2 0.288017 0.899152 0.055962 0.091513
0 0.754706 0.880744 0.041835 0.059081
0 0.244061 0.220608 0.033834 0.065260
2 0.629517 0.276430 0.037320 0.084712
2 0.365998 0.251495 0.037680 0.056400
1 0.644777 0.133044 0.044548 0.085948
2 0.601309 0.847991 0.053503 0.089384
0 0.243023 0.831371 0.051304 0.072372
1 0.603965 0.671338 0.038300 0.058719
1 0.099742 0.278949 0.052989 0.069248
2 0.854010 0.531602 0.033695 0.073220
1 0.434452 0.554960 0.045799 0.085364
2 0.520989 0.502459 0.039205 0.080442
0 0.048078 0.138274 0.035225 0.070589
2 0.026894 0.348939 0.053787 0.131946
