2 0.616444 0.619317 0.043402 0.082455
0 0.654015 0.385248 0.043113 0.087373
0 0.873852 0.106966 0.064501 0.078727
2 0.241091 0.871761 0.058662 0.084686
1 0.624183 0.147400 0.047045 0.088411
0 0.227718 0.197905 0.037847 0.067976
2 0.345614 0.242086 0.037296 0.062456
0 0.710254 0.912880 0.040081 0.059747
2 0.487976 0.505700 0.036989 0.079858
2 0.607187 0.291534 0.035618 0.085603
2 0.556982 0.846563 0.044653 0.062762
2 0.827072 0.569018 0.033310 0.076259
1 0.564020 0.682542 0.037187 0.056070
0 0.203650 0.798513 0.046526 0.072140
1 0.084943 0.243074 0.052999 0.068510
2 0.020560 0.306185 0.041121 0.127664
0 0.041043 0.100984 0.032415 0.069531
1 0.401061 0.545413 0.042065 0.079110
2 0.017254 0.304922 0.034509 0.106195
2 0.126666 0.642364 0.053367 0.098109
