2 0.516315 0.638966 0.044611 0.085190
0 0.570228 0.412398 0.043342 0.088266
0 0.812185 0.160056 0.065660 0.082801
2 0.133529 0.834904 0.061052 0.087948
1 0.553442 0.171382 0.046737 0.086188
2 0.738483 0.621492 0.035032 0.080304
2 0.277830 0.229556 0.041580 0.068931
0 0.104038 0.755238 0.047338 0.070270
0 0.169120 0.168561 0.035275 0.067563
1 0.460384 0.695810 0.042679 0.065959
0 0.595707 0.948920 0.036992 0.058825
2 0.439417 0.869979 0.047130 0.085993
2 0.527644 0.310501 0.037365 0.086201
1 0.306703 0.538790 0.055056 0.084793
2 0.398404 0.509314 0.037198 0.073520
1 0.403439 0.675666 0.033955 0.054818
1 0.627381 0.155269 0.031868 0.070559
