2 0.292318 0.516435 0.0325521 0.0819444
2 0.419922 0.311806 0.0398437 0.0921296
2 0.171354 0.241435 0.0453125 0.049537
2 0.333984 0.871065 0.0466146 0.0699074
2 0.0342448 0.858333 0.0684896 0.0842593
2 0.408854 0.640972 0.0411458 0.0791667
0 0.461198 0.413194 0.0463542 0.0912037
0 0 0.772685 0.0489583 0.075
0 0.699479 0.155324 0.0692708 0.0819444
1 0.445182 0.168519 0.0492188 0.0981481
0 0.489062 0.947917 0.0421875 0.0736111
0 0.061849 0.184491 0.0403646 0.0699074
0 0.319141 0.78912 0.0263021 0.0486111
1 0.194401 0.555324 0.0570313 0.0930556
1 0.353906 0.699769 0.0401042 0.0615741
