0 0.556459 0.878036 0.074434 0.167701
1 0.657647 0.295921 0.047086 0.085622
2 0.687651 0.544634 0.049774 0.109232
0 0.832604 0.868011 0.048779 0.090672
2 0.792251 0.908734 0.047810 0.089423
0 0.914860 0.612187 0.057417 0.124391
2 0.143285 0.350043 0.050604 0.093938
1 0.601407 0.310783 0.054314 0.101102
2 0.621102 0.212323 0.055918 0.095855
1 0.861089 0.461946 0.051800 0.099708
2 0.617409 0.058154 0.037310 0.091726
2 0.608561 0.184402 0.081966 0.161551
2 0.147299 0.557083 0.066882 0.092026
2 0.936383 0.690480 0.034384 0.072481
