0 0.0259115 0.9375 0.0658854 0.0981481
0 0.311719 0.190741 0.0557292 0.087037
0 0.951042 0.238657 0.0375 0.102315
0 0.909505 0.204861 0.0648438 0.0800926
0 0.99362 0.163194 0.0440104 0.0949074
1 0.996094 0.777546 0.0979167 0.178241
1 0.766016 0.14213 0.0388021 0.0509259
1 0.548698 0.0305556 0.0416667 0.0574074
2 0.345182 0.810648 0.0471354 0.075
2 0.892708 0.115046 0.0505208 0.105093
0 0.612891 0.294907 0.0372396 0.0601852
0 0.673307 0.246296 0.0330729 0.0731481
0 0.758203 0.194213 0.0315104 0.0615741
0 0.791276 0.170139 0.0231771 0.0347222
