2 0.896162 0.143865 0.052291 0.105784
0 0.957328 0.263102 0.042614 0.083251
0 0.309832 0.211854 0.051848 0.086690
0 0.673411 0.275430 0.038742 0.079459
0 0.909302 0.236830 0.065874 0.076989
1 0.802751 0.139832 0.025346 0.042209
2 0.343544 0.848672 0.045307 0.076469
0 0.613897 0.317563 0.035310 0.048750
0 0.987325 0.191359 0.024896 0.078930
0 0.795653 0.197927 0.022037 0.038544
1 0.761800 0.173031 0.032521 0.048063
0 0.968598 0.118196 0.062803 0.114198
0 0.975951 0.104710 0.046149 0.085323
0 0.761839 0.222345 0.042709 0.065432
