0 0.305208 0.259259 0.0557292 0.087037
0 0.970443 0.338889 0.0393229 0.107407
0 0.926693 0.302546 0.0648438 0.0800926
0 1 0.266435 0.0460938 0.099537
0 0.678906 0.331481 0.0401042 0.0888889
0 0.977344 0.191204 0.0453125 0.115741
1 1 0.936806 0.0932292 0.169907
1 0.776563 0.227546 0.0427083 0.0560185
1 0.55 0.0944444 0.0416667 0.0574074
2 0.336458 0.929167 0.0494792 0.0787037
2 0.908594 0.198148 0.053125 0.110185
0 0.614714 0.374074 0.0372396 0.0601852
0 0.767839 0.279167 0.0330729 0.0648148
0 0.802734 0.258102 0.0242187 0.0365741
