0 0.561719 0.687963 0.0697917 0.124074
0 0.338542 0.60463 0.0598958 0.0787037
0 0.402214 0.586111 0.0179687 0.0416667
0 0.240885 0.694907 0.0416667 0.0703704
0 0.219922 0.917824 0.0346354 0.0643518
0 0.31901 0.334259 0.0359375 0.0777778
0 0.226563 0.505324 0.0244792 0.0384259
0 0.3375 0.680556 0.0302083 0.087963
0 0.24388 0.278009 0.0205729 0.0449074
0 0.219531 0.198611 0.0234375 0.0601852
0 0.321484 0.201389 0.0252604 0.0509259
0 0.236719 0.580787 0.0317708 0.0402778
0 0.959505 0.956481 0.0929687 0.197222
0 0.2625 0.15463 0.0453125 0.0740741
0 0.51263 0.135648 0.0309896 0.0555556
0 0.375 0.0902778 0.0421875 0.0611111
1 0.501562 0.2625 0.0494792 0.0768519
1 0.669531 0.150926 0.0375 0.0537037
2 0.463932 0.522454 0.0263021 0.049537
