2 0.313411 0.694907 0.0440104 0.062037
2 0.570052 0.520833 0.0328125 0.062963
2 0.686719 0.498148 0.0328125 0.0444444
2 0.79388 0.538194 0.0346354 0.0578704
2 0.597917 0.759954 0.040625 0.0486111
2 0.469141 0.546065 0.0268229 0.0365741
2 0.423177 0.47963 0.0348958 0.0527778
2 0.55 0.0655093 0.0234375 0.0476852
2 0.472917 0.113889 0.0333333 0.037963
2 0.448958 0.905787 0.0536458 0.109722
2 0.791536 0.287731 0.0299479 0.0625
2 0.0264323 0.741898 0.0393229 0.0606481
0 0.471354 0.187731 0.0276042 0.0699074
0 0.495833 0.178241 0.0244792 0.0703704
0 0.538802 0.109491 0.025 0.0634259
0 0.0596354 0.29537 0.0359375 0.0481481
0 0.229167 0.884954 0.0359375 0.075463
0 0.250521 0.661343 0.0276042 0.0513889
0 0.0575521 0.887037 0.053125 0.0583333
0 0.466797 0.298611 0.0393229 0.0805556
0 0.558464 0.975694 0.0289063 0.0476852
0 0.22513 0.398843 0.0283854 0.0541667
0 0.149609 0.390278 0.0221354 0.0305556
0 0.37513 0.787963 0.0148437 0.0305556
0 0.790625 0.630093 0.0239583 0.0342593
0 0.812109 0.437037 0.0153646 0.0305556
0 0.602214 0.149074 0.0236979 0.0351852
0 0.324219 0.190741 0.0546875 0.0833333
0 0.431641 0.394444 0.0330729 0.0675926
2 0.243229 0.766898 0.0255208 0.049537
2 0.264193 0.8125 0.0315104 0.0462963
2 0.332031 0.576389 0.0270833 0.0425926
2 0.58112 0.9375 0.0341146 0.0564815
2 0.663802 0.753472 0.0229167 0.0476852
2 0.397135 0.93588 0.028125 0.0430556
2 0.360026 0.932639 0.0205729 0.0337963
2 0.132552 0.479861 0.0244792 0.050463
2 0.251563 0.392824 0.0244792 0.0634259
2 0.155729 0.302083 0.0328125 0.050463
2 0.508984 0.41088 0.0257812 0.0513889
2 0.576953 0.266898 0.0257812 0.0541667
2 0.626693 0.161574 0.0242187 0.0694444
2 0.624479 0.403704 0.01875 0.0398148
2 0.753255 0.531944 0.0200521 0.0490741
2 0.834245 0.804398 0.0289063 0.0560185
1 0.628776 0.0724537 0.0268229 0.074537
