0 0.227003 0.886079 0.035245 0.064551
0 0.466644 0.299554 0.036931 0.076581
0 0.323532 0.192868 0.049303 0.090307
0 0.250724 0.661534 0.029793 0.053632
2 0.132451 0.480160 0.029157 0.052918
2 0.313189 0.697541 0.039431 0.068175
2 0.791576 0.292619 0.034820 0.066363
2 0.263119 0.817089 0.027177 0.048934
2 0.793948 0.537791 0.039594 0.061937
0 0.469497 0.189951 0.033649 0.061377
1 0.628315 0.076083 0.028767 0.063887
0 0.430048 0.392004 0.030090 0.061273
0 0.052973 0.887759 0.035615 0.046872
0 0.792993 0.634776 0.031385 0.050904
2 0.550182 0.068724 0.025163 0.049978
2 0.153131 0.303261 0.028119 0.048575
2 0.023049 0.744938 0.034654 0.059868
2 0.570239 0.520213 0.032049 0.074766
2 0.330096 0.579546 0.027435 0.050542
0 0.601375 0.147492 0.020883 0.032079
0 0.540631 0.109288 0.028499 0.061078
2 0.469212 0.546329 0.028707 0.058155
0 0.495302 0.173069 0.022210 0.055911
0 0.149951 0.391460 0.023700 0.035481
2 0.252883 0.396147 0.022858 0.056916
2 0.431622 0.906933 0.057549 0.080885
0 0.221852 0.399410 0.025782 0.049986
2 0.592973 0.762498 0.025482 0.048293
2 0.752372 0.534849 0.026586 0.054167
2 0.574982 0.267922 0.027532 0.051919
2 0.421361 0.476381 0.020614 0.045006
0 0.057846 0.293120 0.026812 0.039112
2 0.832641 0.802847 0.028848 0.059142
2 0.687364 0.503076 0.033887 0.058630
2 0.509657 0.411642 0.030250 0.053590
2 0.622880 0.401306 0.021645 0.043581
2 0.546353 0.504085 0.021750 0.072201
2 0.517893 0.165097 0.020209 0.046825
2 0.643824 0.428170 0.026827 0.043920
2 0.625740 0.156383 0.023591 0.062600
2 0.662794 0.755260 0.020037 0.047034
2 0.472174 0.117870 0.022183 0.043900
2 0.553371 0.510988 0.025716 0.075546
2 0.805519 0.449137 0.033668 0.059698
2 0.243419 0.770312 0.025571 0.046115
2 0.581389 0.933596 0.032416 0.064657
