0 0.467759 0.250674 0.035497 0.075852
0 0.230409 0.841286 0.037329 0.071187
2 0.314584 0.652111 0.039816 0.067433
0 0.326485 0.147569 0.047726 0.090282
0 0.471231 0.142411 0.033621 0.058850
2 0.134494 0.440116 0.030144 0.050614
2 0.792210 0.248005 0.035229 0.065544
2 0.027298 0.708101 0.035017 0.061839
0 0.253664 0.616641 0.030871 0.057169
2 0.265659 0.771282 0.029370 0.050932
0 0.496331 0.126332 0.022491 0.052819
2 0.793978 0.494102 0.040050 0.061431
0 0.431636 0.344746 0.030509 0.058898
0 0.056497 0.850459 0.035537 0.047434
0 0.792891 0.589759 0.030706 0.048694
1 0.629487 0.030852 0.025768 0.055284
2 0.570397 0.471937 0.031092 0.071011
2 0.593843 0.713746 0.027840 0.051900
0 0.603245 0.100858 0.022208 0.035362
0 0.540958 0.062253 0.027492 0.057646
2 0.581672 0.887129 0.032577 0.066025
2 0.436007 0.861495 0.051151 0.075442
0 0.559179 0.930605 0.031409 0.053292
2 0.470804 0.497003 0.030092 0.058035
2 0.832423 0.759996 0.029602 0.060920
0 0.152653 0.351574 0.024731 0.036518
2 0.664178 0.709713 0.022972 0.048787
0 0.061299 0.256161 0.029834 0.044539
2 0.752517 0.490323 0.027262 0.055263
2 0.473960 0.069378 0.019685 0.041068
2 0.575573 0.219197 0.029967 0.052259
2 0.155886 0.261685 0.027036 0.047264
2 0.332456 0.532743 0.028797 0.051407
2 0.510939 0.361665 0.029650 0.048181
2 0.422488 0.427394 0.021950 0.040681
2 0.518798 0.118224 0.020036 0.048153
2 0.688328 0.457157 0.034359 0.060559
0 0.224646 0.356981 0.027975 0.052707
2 0.551646 0.463274 0.025465 0.072626
2 0.550636 0.022967 0.024815 0.036336
2 0.627028 0.109234 0.024926 0.065228
2 0.245994 0.723012 0.023058 0.042933
2 0.546203 0.457616 0.024850 0.067191
2 0.623024 0.354329 0.020967 0.042237
2 0.398100 0.887802 0.028212 0.044878
0 0.223121 0.692461 0.018432 0.035838
2 0.267388 0.258113 0.021978 0.051211
2 0.805764 0.405615 0.033555 0.059561
2 0.254375 0.351021 0.023095 0.060498
