2 0.323047 0.443519 0.0440104 0.062037
2 0.572656 0.263194 0.034375 0.0662037
2 0.686979 0.248843 0.0380208 0.0513889
2 0.790104 0.308102 0.0364583 0.0606481
2 0.604427 0.515741 0.0447917 0.0537037
2 0.47474 0.284028 0.028125 0.0384259
2 0.445833 0.668981 0.0510417 0.10463
2 0.792057 0.0502315 0.0299479 0.0625
2 0.0382813 0.552546 0.0375 0.0578704
0 0.0726563 0.0983796 0.0375 0.050463
0 0.240495 0.647454 0.0377604 0.0791667
0 0.261328 0.418981 0.0320312 0.0592593
0 0.0697917 0.696296 0.053125 0.0583333
0 0.471224 0.0412037 0.0393229 0.0805556
0 0.559896 0.727083 0.0333333 0.0550926
0 0.234766 0.171065 0.0283854 0.0541667
0 0.160807 0.170139 0.0231771 0.0319444
0 0.38112 0.531482 0.0148437 0.0305556
0 0.799609 0.533333 0.0278646 0.0398148
0 0.786458 0.398611 0.0223958 0.0490741
0 0.335677 0.04375 0.0572917 0.0875
0 0.437891 0.133102 0.0346354 0.0708333
2 0.253906 0.534028 0.0255208 0.049537
2 0.273698 0.578009 0.0286458 0.0532407
2 0.340495 0.333565 0.0299479 0.0467593
2 0.580208 0.682407 0.0359375 0.0592593
2 0.6625 0.509722 0.0239583 0.05
2 0.39375 0.731713 0.028125 0.0430556
2 0.372005 0.720602 0.0216146 0.0356481
2 0.144271 0.272454 0.0244792 0.050463
2 0.260938 0.15787 0.0234375 0.0601852
2 0.167187 0.0863426 0.0328125 0.050463
2 0.58112 0.0270833 0.0257812 0.0541667
2 0.74987 0.330324 0.0210938 0.0513889
2 0.828516 0.571528 0.0304688 0.0587963
2 0.302474 0.859028 0.0351563 0.0865741
