0 0.245778 0.501606 0.039559 0.075896
2 0.326775 0.303148 0.039757 0.071526
2 0.281045 0.424365 0.029359 0.057165
2 0.443049 0.514898 0.056031 0.097239
0 0.268171 0.268593 0.031349 0.071567
0 0.560343 0.569995 0.033466 0.058305
2 0.374318 0.802069 0.031132 0.085234
0 0.208405 0.821124 0.036741 0.058454
2 0.581063 0.529287 0.034296 0.060107
2 0.786288 0.161156 0.039092 0.067027
0 0.337423 0.920918 0.023748 0.042066
0 0.784076 0.253392 0.033301 0.053947
2 0.045915 0.429629 0.038408 0.065507
2 0.823372 0.424361 0.029100 0.058243
2 0.591794 0.356277 0.031080 0.060595
2 0.519912 0.723158 0.026325 0.048013
0 0.077982 0.568002 0.038173 0.060742
2 0.307117 0.726732 0.032141 0.063715
2 0.343441 0.183140 0.030783 0.053846
2 0.215832 0.917821 0.038929 0.062065
0 0.468905 0.972150 0.026801 0.040269
2 0.407864 0.545933 0.031773 0.055635
2 0.574353 0.110938 0.041722 0.098778
0 0.382295 0.926851 0.024555 0.050498
2 0.261508 0.379305 0.022669 0.043620
2 0.520413 0.565446 0.033107 0.069410
0 0.281049 0.887326 0.018835 0.036417
2 0.150721 0.137264 0.031280 0.056575
2 0.476480 0.130298 0.032099 0.067264
0 0.279190 0.795091 0.031926 0.061535
2 0.659370 0.353443 0.019788 0.051233
2 0.308434 0.711020 0.038736 0.079244
2 0.373936 0.814465 0.035340 0.109372
0 0.239030 0.355502 0.023364 0.042594
2 0.360237 0.347453 0.023958 0.041937
2 0.644001 0.441244 0.033752 0.062869
2 0.373005 0.541298 0.027001 0.046668
0 0.468865 0.970788 0.031337 0.050099
0 0.700880 0.803270 0.017017 0.030986
