2 0.409505 0.477315 0.0429688 0.0648148
2 0.427604 0.629398 0.0369792 0.0837963
2 0.505078 0.734954 0.0476562 0.0930556
2 0.588542 0.475 0.0432292 0.0657407
2 0.654297 0.658333 0.0309896 0.0509259
2 0.765234 0.30787 0.0450521 0.0703704
0 0.59375 0.5875 0.0197917 0.0333333
0 0.708073 0.58287 0.025 0.0333333
2 0.720052 0.768981 0.0328125 0.0564815
0 0.075651 0.5375 0.0299479 0.0638889
0 0.141536 0.67338 0.0294271 0.0486111
0 0.183333 0.553704 0.0317708 0.0712963
0 0.159505 0.723843 0.0320312 0.0486111
2 0.145964 0.841898 0.0179687 0.0310185
2 0.157292 0.863426 0.0197917 0.0342593
2 0.599349 0.427083 0.0273438 0.0513889
0 0.61263 0.318519 0.0445312 0.0675926
