2 0.410547 0.33912 0.0450521 0.0680556
2 0.429818 0.487963 0.0388021 0.087963
2 0.509375 0.588194 0.05 0.0976852
2 0.59401 0.320602 0.0453125 0.0689815
2 0.661849 0.508102 0.0325521 0.0532407
2 0.776693 0.149537 0.0450521 0.0703704
0 0.60026 0.43287 0.0197917 0.0333333
0 0.717578 0.431481 0.0263021 0.0351852
2 0.642448 0.879861 0.0875 0.0662037
2 0.729167 0.626389 0.034375 0.0592593
0 0.0714844 0.415972 0.0315104 0.0671296
0 0.138932 0.546296 0.0309896 0.0509259
0 0.181771 0.425463 0.0333333 0.075
0 0.156901 0.599306 0.0320312 0.0486111
2 0.154036 0.742361 0.0179687 0.0310185
2 0.145313 0.727778 0.0208333 0.0361111
2 0.60599 0.271065 0.0286458 0.0541667
2 0.166927 0.891667 0.0338542 0.05
0 0.619792 0.156713 0.046875 0.0708333
