2 0.515507 0.625834 0.044687 0.085676
2 0.436163 0.534269 0.032109 0.079855
2 0.418938 0.404972 0.048148 0.071452
0 0.085127 0.505968 0.038791 0.066021
0 0.143997 0.621290 0.034471 0.051981
2 0.663986 0.537723 0.028720 0.056774
0 0.603221 0.463592 0.019506 0.039224
2 0.734332 0.662501 0.027380 0.050998
0 0.616834 0.216638 0.048694 0.069136
2 0.763795 0.215369 0.049072 0.085566
2 0.597721 0.350398 0.046154 0.114115
0 0.717341 0.471436 0.027513 0.044433
0 0.191688 0.503161 0.033225 0.067311
0 0.648473 0.679869 0.023586 0.048479
2 0.143847 0.822485 0.034517 0.059565
2 0.665153 0.948816 0.077401 0.096791
2 0.696081 0.434076 0.024737 0.051948
2 0.648540 0.954471 0.051397 0.083107
2 0.605864 0.600609 0.030734 0.055848
