2 0.517857 0.511065 0.039935 0.086479
2 0.439328 0.426341 0.029902 0.070837
2 0.423955 0.313547 0.046161 0.068997
0 0.097718 0.425805 0.036524 0.066542
0 0.153549 0.526698 0.032216 0.050096
2 0.728845 0.547793 0.028728 0.055720
2 0.156309 0.903087 0.042353 0.077320
2 0.754056 0.126974 0.049903 0.093928
2 0.151385 0.726098 0.033352 0.068226
0 0.201837 0.415947 0.031337 0.063915
0 0.711707 0.361846 0.028177 0.047693
2 0.597717 0.241482 0.041597 0.100867
0 0.614336 0.122565 0.047792 0.076733
0 0.600195 0.350463 0.019314 0.042395
2 0.656084 0.830922 0.082684 0.103700
2 0.660535 0.423638 0.029871 0.052221
2 0.650873 0.826990 0.071755 0.081823
2 0.603343 0.485971 0.033495 0.051810
0 0.164377 0.573887 0.024837 0.042182
2 0.644986 0.558343 0.026183 0.054915
2 0.557610 0.584338 0.023411 0.057943
2 0.340237 0.944012 0.074679 0.111977
