2 0.516202 0.657536 0.038818 0.087137
0 0.112375 0.619476 0.034316 0.065743
0 0.599728 0.321511 0.038741 0.064899
2 0.723816 0.323814 0.044794 0.080474
0 0.162112 0.704092 0.032286 0.048402
2 0.442005 0.585252 0.027350 0.063492
0 0.214651 0.602368 0.030497 0.061180
2 0.428445 0.496113 0.043242 0.072489
2 0.718602 0.693695 0.025052 0.049568
0 0.591579 0.506555 0.021573 0.042600
2 0.638989 0.702964 0.027393 0.056922
2 0.465827 0.143675 0.047815 0.093599
0 0.695150 0.524111 0.025468 0.043399
2 0.584264 0.419807 0.040464 0.089286
2 0.148050 0.908622 0.042459 0.079336
2 0.641865 0.967772 0.045589 0.064456
2 0.465788 0.137701 0.038667 0.078731
2 0.648552 0.575063 0.027219 0.048147
