2 0.516559 0.626290 0.041811 0.085701
0 0.115968 0.595145 0.034727 0.067526
0 0.217388 0.577382 0.031811 0.062191
2 0.721379 0.296336 0.044684 0.074169
0 0.165271 0.678051 0.032790 0.050155
2 0.430087 0.470261 0.045214 0.070509
2 0.152066 0.878778 0.040762 0.073623
2 0.443171 0.556933 0.026401 0.063962
2 0.716242 0.660240 0.026897 0.049693
2 0.638513 0.669656 0.029513 0.057358
0 0.599592 0.294549 0.038233 0.062198
2 0.466324 0.123142 0.048423 0.094305
0 0.591656 0.477218 0.021920 0.044705
2 0.647627 0.546252 0.027510 0.046468
2 0.646773 0.937804 0.063661 0.089794
2 0.640374 0.933115 0.050827 0.075860
0 0.693318 0.494162 0.026042 0.043608
2 0.584579 0.386713 0.040507 0.093723
