2 0.518161 0.607807 0.039500 0.084552
0 0.124190 0.589244 0.034404 0.064045
0 0.224780 0.567769 0.030126 0.062900
0 0.173553 0.664316 0.030859 0.051033
2 0.715926 0.293053 0.044097 0.070431
2 0.445281 0.542203 0.026165 0.063422
2 0.159252 0.862427 0.038602 0.068083
0 0.597166 0.292832 0.036157 0.064420
2 0.468288 0.134473 0.046606 0.086691
2 0.432988 0.462474 0.042300 0.071138
2 0.711089 0.639697 0.023410 0.046689
0 0.689056 0.479417 0.025331 0.040904
0 0.589515 0.463602 0.021366 0.044202
2 0.636223 0.647199 0.026145 0.054429
2 0.643388 0.527932 0.027758 0.047701
2 0.653391 0.918963 0.086654 0.115960
2 0.644365 0.910801 0.070507 0.093777
2 0.555101 0.686980 0.020120 0.052523
