1 0.757031 0.0810185 0.0895833 0.0935185
0 0.209115 0.380324 0.0359375 0.0875
0 0.476563 0.69375 0.103646 0.134722
0 0.427474 0.116435 0.0523437 0.075463
0 0.555339 0.242824 0.0486979 0.122685
0 0.91901 0.373148 0.0651042 0.125926
1 0.692057 0.134722 0.0440104 0.0851852
2 0.448958 0.222222 0.08125 0.173148
2 0.614193 0.216898 0.0768229 0.0921296
2 0.914323 0.733102 0.0708333 0.106019
1 0.90013 0.871759 0.10651 0.175926
2 0.627474 0.385648 0.0377604 0.0787037
2 0.659505 0.329167 0.0596354 0.0796296
2 0.67513 0.394676 0.0575521 0.0967593
