0 0.865625 0.405093 0.0463542 0.087037
0 0.775651 0.500926 0.0309896 0.0787037
0 0.466927 0.747454 0.065625 0.0976852
0 0.226432 0.270602 0.0497396 0.105093
1 0.301172 0.204167 0.0361979 0.0824074
1 0.127865 0.0835648 0.0598958 0.146759
2 0.836849 0.621065 0.0492188 0.0847222
2 0.874479 0.325231 0.065625 0.0819444
2 0.601042 0.599306 0.0416667 0.0699074
2 0.364583 0.150463 0.0677083 0.125
2 0.553516 0.182176 0.0471354 0.0625
2 0.263542 0.676389 0.0671875 0.116667
2 0.137891 0.458796 0.0304688 0.0805556
