0 0.866536 0.664583 0.0533854 0.0837963
0 0.543359 0.274306 0.0497396 0.105093
0 0.320703 0.463889 0.0533854 0.105556
0 0.278255 0.188194 0.0773437 0.16713
0 0.224349 0.440741 0.0507813 0.103704
1 0.609115 0.180787 0.0432292 0.0782407
1 0.414583 0.107639 0.0552083 0.118981
2 0.860547 0.109722 0.0221354 0.0657407
2 0.96888 0.497685 0.0403646 0.0740741
2 0.640365 0.656018 0.0541667 0.124074
2 0.466797 0.478241 0.0455729 0.103704
2 0.678385 0.110417 0.0338542 0.153241
2 0.640495 0.101852 0.0231771 0.0898148
