0 0.842448 0.37963 0.0588542 0.0972222
0 0.520573 0.714815 0.0598958 0.0935185
0 0.990104 0.243519 0.0234375 0.075
0 0.887109 0.470833 0.0617188 0.0907407
1 0.108724 0.10787 0.0643229 0.117593
1 0.429948 0.190046 0.0385417 0.0699074
1 0.895443 0.97338 0.0382813 0.0458333
2 0.261849 0.0944444 0.0476562 0.0842593
2 0.323828 0.108796 0.0393229 0.0759259
2 0.346745 0.0854167 0.0268229 0.074537
2 0.142318 0.781713 0.0544271 0.0828704
2 0.609635 0.597685 0.0479167 0.0805556
2 0.520573 0.514815 0.0385417 0.0907407
2 0.38138 0.334954 0.0377604 0.0875
2 0.423568 0.352778 0.0341146 0.143519
2 0.883594 0.55463 0.06875 0.118519
2 0.782031 0.808102 0.0505208 0.0587963
1 0.74375 0.127546 0.0682292 0.179167
