2 0.500852 0.587293 0.043248 0.074166
0 0.725867 0.376942 0.066578 0.106471
2 0.667231 0.799650 0.043446 0.058334
0 0.410527 0.704458 0.054066 0.092817
1 0.834735 0.203372 0.055698 0.121554
1 0.821497 0.341544 0.041656 0.081469
1 0.803877 0.421484 0.038699 0.085756
2 0.773075 0.543344 0.055408 0.116724
2 0.314055 0.333816 0.034264 0.089321
0 0.766748 0.470258 0.060757 0.108251
0 0.867781 0.234269 0.030010 0.068295
2 0.412230 0.505540 0.037464 0.086700
2 0.238136 0.081300 0.037696 0.093732
0 0.322941 0.174586 0.036955 0.073869
2 0.275147 0.328427 0.040857 0.073457
2 0.444676 0.148593 0.033205 0.094913
1 0.532205 0.340667 0.039040 0.062420
2 0.215462 0.095955 0.033640 0.083816
2 0.036894 0.767237 0.057208 0.092590
2 0.226068 0.087035 0.042588 0.099808
