0 0.444401 0.379861 0.0648438 0.106944
0 0.121354 0.65787 0.0598958 0.0935185
0 0.546224 0.254398 0.0268229 0.0800926
0 0.448177 0.466435 0.0588542 0.0865741
1 0.508724 0.224537 0.0507813 0.113889
1 0.574479 0.239583 0.0380208 0.0976852
1 0.44974 0.96412 0.040625 0.0763889
1 0.96888 0.754861 0.0622396 0.156019
2 0.204427 0.553241 0.0338542 0.0574074
2 0.129167 0.484722 0.0385417 0.0907407
2 0.458203 0.539352 0.0549479 0.106481
2 0.365104 0.779398 0.0458333 0.0578704
2 0.822786 0.220602 0.0731771 0.164352
2 0.636198 0.127778 0.0541667 0.117593
1 0.251172 0.312037 0.0294271 0.037037
1 0.503516 0.349769 0.0434896 0.0875
1 0.32513 0.119444 0.0752604 0.197222
