0 0.272266 0.402083 0.0648438 0.106944
0 0 0.67963 0.0598958 0.0935185
0 0.378125 0.28912 0.0255208 0.0763889
0 0.870182 0.665972 0.0601562 0.0976852
0 0.305339 0.483796 0.0559896 0.0824074
1 0.339453 0.277315 0.0507813 0.113889
1 0.403776 0.284954 0.0361979 0.0930556
1 0.763021 0.770602 0.0583333 0.145833
1 0.297135 0.96875 0.0427083 0.0800926
2 0.0717448 0.572222 0.0518229 0.0666667
2 0.305859 0.55625 0.0523437 0.101389
2 0.206771 0.783333 0.0395833 0.05
2 0.626953 0.257407 0.0643229 0.134259
2 0.777734 0.343981 0.120573 0.233333
2 0.4625 0.166435 0.0567708 0.123611
1 0.113411 0.338426 0.0268229 0.0333333
0 0.851563 0.931944 0.0755208 0.118519
1 0.169141 0.14537 0.0752604 0.197222
1 0.341667 0.383565 0.0354167 0.0791667
