0 0.199742 0.416128 0.065885 0.103262
0 0.770145 0.670496 0.056180 0.082861
2 0.541800 0.283149 0.063737 0.120594
2 0.672175 0.365661 0.112319 0.231282
1 0.660023 0.783563 0.069365 0.136385
2 0.382848 0.189498 0.047170 0.100159
0 0.299439 0.306797 0.030939 0.074407
0 0.225474 0.498537 0.051545 0.082847
2 0.230646 0.572281 0.050294 0.096479
1 0.265018 0.297237 0.040767 0.084614
1 0.749099 0.923555 0.052425 0.076022
1 0.223492 0.962136 0.041397 0.075729
1 0.267057 0.395274 0.038631 0.079547
2 0.137481 0.790547 0.042130 0.054800
2 0.016012 0.589162 0.032024 0.080995
0 0.223998 0.501672 0.043289 0.068049
