0 0.132943 0.411343 0.0648438 0.106944
0 0.231641 0.307407 0.0231771 0.0694444
0 0.685026 0.681944 0.0632813 0.102778
0 0.167839 0.491204 0.0559896 0.0824074
1 0.195443 0.290509 0.0460938 0.103241
1 0.255859 0.310417 0.0361979 0.0930556
1 0.569922 0.775 0.0580729 0.116667
1 0.151823 0.95 0.0447917 0.0842593
2 0.167578 0.575 0.0549479 0.106481
2 0.0734375 0.781482 0.0395833 0.05
2 0.463932 0.293981 0.0611979 0.127778
2 0.595443 0.377315 0.114844 0.222222
2 0.313542 0.191667 0.0541667 0.117593
0 0.663021 0.931944 0.0755208 0.118519
0 0.933333 0.612963 0.0401042 0.0694444
1 0.199479 0.400231 0.0322917 0.0717593
