0 0.0199219 0.374074 0.0617188 0.101852
0 0.104948 0.273611 0.0255208 0.0768519
0 0.533984 0.67662 0.0601562 0.0976852
0 0.0384115 0.451389 0.0559896 0.0824074
1 0.130339 0.268287 0.0320312 0.0800926
1 0.417969 0.771528 0.0609375 0.122685
1 0.024349 0.911343 0.0471354 0.0884259
2 0.0436198 0.522454 0.0523437 0.101389
2 0.330339 0.27963 0.0611979 0.127778
2 0.45 0.376157 0.104167 0.201389
2 0.18763 0.175926 0.0596354 0.12963
0 0.496615 0.934491 0.0791667 0.124537
0 0.767187 0.6375 0.0453125 0.0694444
1 0.0778646 0.35787 0.034375 0.0787037
1 0.0699219 0.23912 0.0544271 0.1375
