0 0.327484 0.808775 0.060841 0.082241
0 0.308859 0.513834 0.038594 0.079414
0 0.560477 0.904086 0.068092 0.119153
0 0.366409 0.259404 0.045617 0.066205
0 0.227456 0.890330 0.038596 0.065064
0 0.253562 0.311798 0.048254 0.085048
0 0.213407 0.690810 0.023299 0.041747
1 0.494479 0.461549 0.049548 0.070228
0 0.327531 0.887280 0.033242 0.069421
0 0.225023 0.764240 0.028327 0.041050
0 0.313375 0.377498 0.028684 0.051978
0 0.231971 0.441135 0.020113 0.043656
0 0.281431 0.387101 0.027985 0.049849
0 0.208146 0.358422 0.023361 0.059977
0 0.509020 0.326426 0.033314 0.060979
0 0.394844 0.808511 0.023920 0.043205
2 0.361580 0.189687 0.043531 0.079760
0 0.854470 0.032772 0.058378 0.065544
0 0.258462 0.026186 0.030963 0.052372
0 0.735337 0.194058 0.106732 0.135507
