0 0.73112 0.399074 0.0424479 0.0796296
0 0.779557 0.440509 0.0367187 0.111574
0 0.622266 0.899769 0.0544271 0.0939815
0 0.338672 0.195833 0.0325521 0.0953704
0 0.417839 0.658333 0.0132813 0.0287037
1 0.338542 0.262963 0.0369792 0.0398148
1 0.0621094 0.840972 0.0554687 0.10787
2 0.796094 0.481944 0.04375 0.114815
2 0.645052 0.72662 0.04375 0.0717593
2 0.43763 0.69213 0.0466146 0.109259
2 0.402604 0.741435 0.0421875 0.0847222
2 0.305469 0.556481 0.0364583 0.062037
2 0.28776 0.600926 0.0447917 0.0759259
2 0.221484 0.649074 0.0528646 0.0833333
1 0.907422 0.773148 0.0507813 0.0898148
