0 0.724903 0.885086 0.052740 0.094519
1 0.169076 0.930946 0.073470 0.121837
0 0.789095 0.370861 0.041070 0.077814
2 0.490192 0.579271 0.032514 0.090415
2 0.560549 0.452679 0.028003 0.087688
2 0.383191 0.647662 0.046816 0.082310
0 0.409945 0.240009 0.037657 0.074324
2 0.535685 0.720489 0.048653 0.086390
2 0.733975 0.711301 0.042516 0.076131
0 0.837412 0.395950 0.038112 0.071374
2 0.849847 0.443858 0.042432 0.105435
2 0.390566 0.594794 0.037267 0.057648
2 0.621951 0.647547 0.054458 0.093368
0 0.829651 0.186872 0.019712 0.047710
2 0.646107 0.730738 0.032600 0.061739
2 0.323332 0.707012 0.041180 0.085534
2 0.666399 0.757673 0.027945 0.047733
2 0.625749 0.640877 0.043962 0.080771
2 0.497635 0.766900 0.033415 0.085593
2 0.661429 0.751252 0.033247 0.058087
0 0.842138 0.402936 0.045204 0.085592
0 0.409055 0.249531 0.044670 0.092139
