0 0.817187 0.467824 0.0755208 0.139352
0 0.581901 0.395139 0.0627604 0.0828704
0 0.645964 0.396065 0.0205729 0.0458333
0 0.474349 0.493056 0.0377604 0.0638889
0 0.447526 0.719444 0.0330729 0.0611111
0 0.546354 0.146296 0.0359375 0.0777778
0 0.455208 0.313194 0.0234375 0.0365741
0 0.577214 0.474537 0.0273438 0.0796296
0 0.454818 0.112963 0.0221354 0.0518519
0 0.429557 0.0439815 0.0190104 0.0546296
0 0.548828 0.0303241 0.0231771 0.0606481
0 0.450911 0.937268 0.0408854 0.0791667
0 0.460417 0.386574 0.0260417 0.0333333
1 0.770052 0.0726852 0.0572917 0.144444
2 0.723047 0.313194 0.0236979 0.0486111
