0 0.558073 0.984722 0.0734375 0.130556
0 0.324609 0.88287 0.0658854 0.087037
0 0.392188 0.887963 0.01875 0.0435185
0 0.223438 0.961343 0.0395833 0.0671296
0 0.305469 0.577778 0.0359375 0.0777778
0 0.209766 0.756713 0.0299479 0.0467593
0 0.323698 0.9625 0.0317708 0.0648148
0 0.229297 0.500694 0.0205729 0.0449074
0 0.203906 0.411343 0.0223958 0.0393519
0 0.310807 0.440741 0.0263021 0.0537037
0 0.218229 0.834259 0.0270833 0.0416667
0 0.251172 0.376157 0.0523437 0.0856481
0 0.507943 0.394907 0.0325521 0.0583333
0 0.363411 0.322222 0.0539063 0.0777778
0 0.759245 0.309491 0.0502604 0.0875
0 0.721484 0.318056 0.0533854 0.0407407
0 0.864974 0.0847222 0.0559896 0.0768519
0 0.742839 0.224769 0.0492188 0.0523148
1 0.495443 0.534722 0.0471354 0.0509259
1 0.666406 0.452778 0.0375 0.0537037
2 0.460026 0.812963 0.0252604 0.0472222
2 0.357292 0.243981 0.0432292 0.0731481
