0 0.266978 0.481822 0.050765 0.128764
0 0.497293 0.569915 0.047018 0.112982
2 0.319276 0.450811 0.042293 0.101498
2 0.616733 0.642039 0.027050 0.083457
2 0.452566 0.627389 0.053511 0.089181
2 0.301233 0.801652 0.069615 0.106735
2 0.802590 0.453296 0.032483 0.053685
2 0.616240 0.966097 0.049978 0.067806
2 0.636487 0.214401 0.048722 0.148709
0 0.593473 0.859185 0.047329 0.076351
2 0.376856 0.618938 0.028296 0.073607
2 0.640714 0.818563 0.025592 0.046735
0 0.402173 0.569589 0.028352 0.097857
2 0.098009 0.458135 0.031930 0.086442
2 0.876780 0.563732 0.025528 0.059296
2 0.574411 0.118950 0.043008 0.147504
2 0.918368 0.529018 0.029096 0.047346
2 0.124149 0.520215 0.039743 0.059553
1 0.707961 0.879260 0.044097 0.099396
2 0.892118 0.458531 0.029247 0.068040
