0 0.512109 0.571991 0.0492188 0.120833
0 0.611589 0.859491 0.0455729 0.074537
0 0.416927 0.569444 0.0296875 0.0898148
0 0.282292 0.483102 0.0510417 0.131019
2 0.334245 0.453009 0.0388021 0.105093
2 0.152865 0.0439815 0.0515625 0.0787037
2 0.630729 0.965741 0.0442708 0.0648148
2 0.652083 0.222685 0.0479167 0.153704
2 0.589583 0.127546 0.0401042 0.143981
2 0.817969 0.457639 0.0286458 0.0467593
2 0.893099 0.570139 0.0304688 0.0652778
2 0.871484 0.53125 0.0174479 0.0532407
2 0.317318 0.803241 0.0716146 0.110185
2 0.222005 0.930324 0.0398437 0.075463
2 0.114453 0.46412 0.0273438 0.0689815
2 0.13737 0.52338 0.0320312 0.0541667
1 0.726953 0.874768 0.0434896 0.0865741
2 0.46888 0.632176 0.0559896 0.0949074
