0 0.221655 0.536940 0.051352 0.127712
2 0.276882 0.495148 0.043220 0.110301
0 0.468226 0.569747 0.044081 0.112191
2 0.286278 0.855638 0.069713 0.116214
2 0.591616 0.615961 0.025178 0.082148
0 0.968494 0.083109 0.063013 0.133013
2 0.617781 0.933255 0.052133 0.083409
2 0.348615 0.654369 0.030562 0.070585
0 0.584809 0.833664 0.045969 0.074417
2 0.065954 0.613835 0.044074 0.074169
0 0.371241 0.594255 0.029889 0.091040
2 0.430500 0.641125 0.050356 0.085129
2 0.045901 0.101015 0.069710 0.131015
2 0.579272 0.188950 0.046551 0.146233
1 0.696583 0.816652 0.043123 0.095076
2 0.507404 0.126728 0.040648 0.144148
2 0.627995 0.777459 0.023842 0.043974
2 0.751261 0.391064 0.028986 0.048724
2 0.034334 0.552956 0.035857 0.087077
