0 0.281193 0.513527 0.052356 0.131718
2 0.496430 0.613983 0.056264 0.097474
2 0.663882 0.582136 0.025452 0.083649
2 0.336608 0.466488 0.045894 0.112128
2 0.354078 0.835107 0.073547 0.120787
0 0.534067 0.544093 0.046461 0.118953
0 0.661038 0.804640 0.046613 0.081123
2 0.414897 0.626959 0.028555 0.077134
2 0.120325 0.599878 0.048418 0.073285
2 0.694318 0.909349 0.055924 0.088699
2 0.822020 0.350897 0.029466 0.051990
2 0.642258 0.144982 0.043520 0.144272
1 0.777319 0.792025 0.046540 0.100202
2 0.083717 0.538307 0.038324 0.096314
0 0.436895 0.566107 0.032885 0.093499
2 0.089364 0.075448 0.061831 0.123184
2 0.569309 0.092959 0.044541 0.124499
2 0.901498 0.437529 0.024988 0.059077
