0 0.491667 0.528935 0.0473958 0.123611
0 0.631771 0.766898 0.0479167 0.0782407
0 0.227083 0.54213 0.0583333 0.153704
0 0.393229 0.572685 0.03125 0.0935185
2 0.284635 0.486343 0.0453125 0.0976852
2 0 0.118056 0.0611979 0.133333
2 0.570313 0.127315 0.0479167 0.153704
2 0.620443 0.54537 0.0221354 0.0925926
2 0.672005 0.69838 0.0263021 0.0476852
2 0.0566406 0.663657 0.0528646 0.0606481
2 0.0117188 0.592361 0.0421875 0.0847222
2 0.510807 0.0668981 0.0377604 0.134722
2 0.497266 0.0921296 0.0325521 0.0787037
2 0.375651 0.640972 0.0257812 0.0689815
2 0.514583 0.89213 0.0453125 0.0805556
2 0.66875 0.862963 0.0505208 0.087037
2 0.758333 0.294213 0.025 0.0365741
2 0.838021 0.37037 0.0317708 0.0592593
2 0.814583 0.341898 0.0192708 0.0486111
2 0.321875 0.865741 0.0828125 0.127778
1 0.741797 0.726852 0.0471354 0.0916667
2 0.45612 0.606944 0.0507813 0.0925926
