0 0.489974 0.483796 0.0497396 0.12963
0 0.639714 0.734722 0.0502604 0.0824074
0 0.208464 0.496528 0.0611979 0.161574
0 0.385938 0.529167 0.0328125 0.0981481
2 0.269922 0.437963 0.0476562 0.102778
2 0.569401 0.080787 0.0502604 0.161574
2 0.626953 0.5 0.0231771 0.0972222
2 0.68151 0.663889 0.0276042 0.05
2 0.0264323 0.628472 0.0502604 0.0578704
2 0.00182292 0.591667 0.0442708 0.0888889
2 0.366797 0.605324 0.0257812 0.0689815
2 0.513932 0.869676 0.0476562 0.0847222
2 0.678646 0.837269 0.053125 0.0912037
2 0.771224 0.242824 0.0263021 0.0384259
2 0.855469 0.321759 0.0317708 0.0592593
2 0.830469 0.29213 0.0203125 0.0509259
2 0.30638 0.838889 0.0752604 0.115741
1 0.755599 0.69537 0.0471354 0.0916667
2 0.452474 0.565741 0.0533854 0.0972222
