0 0.520964 0.573611 0.0523437 0.136111
0 0.68112 0.84375 0.0731771 0.0976852
0 0.228255 0.587963 0.0643229 0.169444
0 0.4125 0.616435 0.034375 0.103241
2 0.292448 0.52662 0.05 0.10787
2 0.598698 0.150463 0.0479167 0.153704
2 0.666927 0.600463 0.0348958 0.102778
2 0.726693 0.771065 0.0320312 0.0578704
2 0.036849 0.729167 0.0466146 0.0935185
2 0.391016 0.693519 0.0341146 0.0777778
2 0.543229 0.978241 0.0526042 0.0935185
2 0.729557 0.948843 0.0585938 0.100463
2 0.520833 0.0831019 0.0489583 0.122685
2 0.322656 0.944907 0.0828125 0.127778
2 0.483464 0.658796 0.0559896 0.101852
