2 0.689112 0.597951 0.031616 0.093363
0 0.249768 0.592784 0.063320 0.159079
2 0.315910 0.532282 0.058754 0.128411
0 0.541922 0.579919 0.053220 0.136341
2 0.823904 0.329496 0.033939 0.060073
0 0.705194 0.850287 0.057297 0.099114
2 0.412840 0.697671 0.035115 0.087602
2 0.505041 0.660077 0.056911 0.099748
2 0.620367 0.151247 0.049553 0.150567
2 0.054952 0.734662 0.057828 0.090222
2 0.750511 0.952828 0.056254 0.094345
1 0.829116 0.807284 0.049889 0.119337
2 0.354582 0.944146 0.076578 0.111708
2 0.916408 0.407037 0.028516 0.071337
2 0.020980 0.145682 0.041959 0.142975
2 0.014816 0.655935 0.029413 0.115739
0 0.909101 0.297674 0.023565 0.079433
2 0.749494 0.770883 0.029548 0.053138
2 0.546109 0.106471 0.042624 0.120275
2 0.833848 0.253310 0.034564 0.054465
