0 0.377214 0.591160 0.058149 0.162715
2 0.815329 0.596656 0.031665 0.096920
2 0.442402 0.523917 0.047098 0.139929
0 0.667117 0.577950 0.060483 0.140047
2 0.116896 0.144150 0.072935 0.145811
2 0.183924 0.731241 0.056427 0.094205
2 0.731316 0.145922 0.046140 0.149895
0 0.836168 0.849881 0.067840 0.102673
2 0.890596 0.951658 0.063707 0.096685
2 0.635481 0.658994 0.054774 0.094126
2 0.940402 0.325263 0.034155 0.056052
2 0.540918 0.702127 0.032450 0.097079
2 0.139826 0.677811 0.049289 0.118480
2 0.134448 0.670270 0.041650 0.107749
2 0.490665 0.941482 0.074540 0.117036
2 0.885272 0.773176 0.026178 0.048083
0 0.634734 0.660051 0.051380 0.092813
