0 0.469286 0.411712 0.057201 0.162656
2 0.532808 0.349380 0.050865 0.159181
2 0.595022 0.776686 0.073444 0.134417
2 0.637740 0.532548 0.039189 0.106759
2 0.919583 0.420531 0.035954 0.100644
2 0.273167 0.558291 0.055485 0.091921
2 0.226904 0.499073 0.052552 0.125813
0 0.939210 0.672252 0.062048 0.104411
0 0.734815 0.485574 0.050447 0.090262
0 0.768521 0.409321 0.060247 0.144028
2 0.981345 0.784315 0.037311 0.115023
2 0.762665 0.777104 0.052937 0.128624
0 0.773341 0.412100 0.046853 0.128419
2 0.720967 0.805533 0.050007 0.096953
2 0.799950 0.806719 0.051225 0.116948
2 0.986008 0.598422 0.027985 0.061192
2 0.603520 0.777022 0.054721 0.126164
