2 0.632036 0.719899 0.085856 0.138185
2 0.574047 0.293465 0.050040 0.162517
0 0.510350 0.356671 0.059411 0.167285
2 0.318861 0.503313 0.054242 0.095028
0 0.808002 0.348482 0.055989 0.146394
2 0.680182 0.472304 0.038412 0.101012
0 0.777882 0.426612 0.051989 0.095661
2 0.958094 0.359754 0.036773 0.097472
2 0.265954 0.437250 0.046337 0.114858
0 0.971510 0.609866 0.056979 0.119235
2 0.836998 0.742974 0.056665 0.126737
2 0.537039 0.935538 0.057105 0.113485
1 0.647997 0.875570 0.096232 0.156738
2 0.797153 0.721357 0.042547 0.124029
