0 0.508322 0.351720 0.053547 0.153649
2 0.568542 0.292873 0.046408 0.146835
2 0.924825 0.356571 0.031049 0.092032
2 0.619488 0.686853 0.078286 0.125843
0 0.756693 0.415747 0.048312 0.086305
0 0.788613 0.346084 0.051975 0.144029
2 0.328027 0.488125 0.049076 0.091147
0 0.943525 0.589079 0.066366 0.106464
2 0.281350 0.428756 0.045164 0.105243
2 0.666493 0.464452 0.039036 0.110193
2 0.532893 0.890728 0.054360 0.098122
2 0.980205 0.694147 0.039590 0.123836
1 0.634321 0.830578 0.080317 0.148219
0 0.680793 0.365357 0.041179 0.103656
2 0.811582 0.717616 0.053279 0.120705
2 0.776868 0.689741 0.042738 0.122219
