0 0.945573 0.682176 0.0609375 0.108796
0 0.305208 0.172454 0.0348958 0.0976852
0 0.15651 0.628241 0.115104 0.197222
0 0.0949219 0.441898 0.0757812 0.101389
0 0.226563 0.165046 0.03125 0.0402778
2 0.601042 0.100926 0.0453125 0.0694444
2 0.563932 0.0701389 0.0528646 0.104167
2 0.911198 0.529861 0.0260417 0.0513889
2 0.969531 0.180556 0.0447917 0.1
2 0.840885 0.181019 0.0567708 0.101852
2 0.753516 0.630093 0.0684896 0.119444
2 0.221224 0.772917 0.0252604 0.0662037
2 0.253776 0.741435 0.0263021 0.0439815
2 0.0420573 0.574306 0.0570313 0.0736111
2 0.310807 0.316204 0.0559896 0.101852
2 0.336979 0.401852 0.0411458 0.0490741
