0 0.525781 0.0905093 0.0317708 0.0884259
0 0.418229 0.424769 0.0947917 0.1625
0 0.370443 0.277778 0.0653646 0.087963
0 0.221484 0.440046 0.0888021 0.143981
0 0.469661 0.08125 0.0268229 0.0347222
2 0.777604 0.0641204 0.0411458 0.0736111
2 0.739583 0.0333333 0.0479167 0.0944444
2 0.97513 0.153241 0.0492188 0.087963
2 0.885547 0.505556 0.0622396 0.108333
2 0.457292 0.547222 0.0192708 0.0703704
2 0.477604 0.526389 0.01875 0.0351852
2 0.323568 0.375694 0.0492188 0.0634259
2 0.537891 0.215972 0.0460938 0.0837963
2 0.545052 0.282407 0.0354167 0.0425926
2 0.25651 0.681481 0.0322917 0.05
2 0.228516 0.705556 0.0434896 0.0833333
1 0.30013 0.0293981 0.0393229 0.0958333
1 0.523438 0.8875 0.053125 0.12037
2 0.48099 0.911574 0.0484375 0.0861111
