0 0.580729 0.224769 0.0333333 0.0930556
0 0.469271 0.606019 0.0901042 0.15463
0 0.4125 0.4375 0.059375 0.0796296
0 0.254557 0.630556 0.0804688 0.130556
0 0.167969 0.113889 0.0463542 0.108333
0 0.519141 0.217361 0.0268229 0.0347222
2 0.857813 0.19375 0.0411458 0.0736111
2 0.816276 0.163426 0.0455729 0.0898148
2 0.990885 0.687037 0.05625 0.0981481
2 0.5125 0.741204 0.0192708 0.0703704
2 0.533594 0.712731 0.0203125 0.0393519
2 0.364453 0.540972 0.0492188 0.0634259
2 0.566797 0.329861 0.0153646 0.0550926
2 0.602734 0.43287 0.0372396 0.0444444
2 0.289583 0.908333 0.0286458 0.05
2 0.261068 0.927778 0.0414063 0.0796296
1 0.33138 0.176157 0.0341146 0.0828704
