0 0.664844 0.278935 0.0348958 0.0976852
0 0.559115 0.6875 0.0901042 0.15463
0 0.492578 0.505324 0.0622396 0.0837963
0 0.336068 0.713889 0.0804688 0.130556
0 0.237109 0.166204 0.0486979 0.113889
0 0.603516 0.269213 0.0283854 0.0365741
2 0.960417 0.247917 0.0453125 0.0810185
2 0.917188 0.21713 0.0479167 0.0944444
2 0.60625 0.823148 0.0192708 0.0703704
2 0.626042 0.798843 0.0213542 0.0412037
2 0.444141 0.613194 0.0492188 0.0634259
2 0.658984 0.388194 0.0195313 0.0569444
2 0.690365 0.498148 0.0354167 0.0425926
1 0.407682 0.228241 0.0315104 0.0833333
