0 0.783854 0.326852 0.0265625 0.0962963
0 0.692187 0.745833 0.0901042 0.15463
0 0.613151 0.556019 0.0653646 0.087963
0 0.466016 0.77338 0.0846354 0.1375
0 0.352604 0.208102 0.0536458 0.125463
0 0.127214 0.493981 0.0684896 0.143519
0 0.0763021 0.571759 0.0541667 0.1
0 0.722005 0.311343 0.0299479 0.0393519
2 0.739323 0.884259 0.0192708 0.0703704
2 0.759896 0.859722 0.021875 0.037963
2 0.565234 0.665509 0.0544271 0.0699074
2 0.779948 0.439583 0.0223958 0.0597222
1 0.529036 0.266204 0.0346354 0.0916667
