0 0.210799 0.595638 0.075073 0.120874
0 0.843917 0.285080 0.062476 0.113935
0 0.485630 0.943081 0.048577 0.081235
0 0.595000 0.492097 0.070724 0.135376
1 0.288562 0.910490 0.056811 0.112695
0 0.545669 0.544833 0.039802 0.094146
0 0.335137 0.332434 0.037507 0.062171
1 0.305942 0.421414 0.046920 0.102816
0 0.926456 0.935525 0.094243 0.128950
1 0.312091 0.723929 0.047529 0.101002
2 0.485614 0.102194 0.036013 0.066111
0 0.279374 0.340827 0.047262 0.091491
0 0.904811 0.089716 0.054519 0.111788
2 0.471005 0.265624 0.050090 0.125058
1 0.167979 0.536923 0.043059 0.075711
0 0.894992 0.872697 0.033032 0.058449
1 0.955171 0.056732 0.067144 0.113464
0 0.147789 0.617504 0.033624 0.071783
2 0.247744 0.257552 0.041603 0.089460
2 0.278255 0.692940 0.033705 0.091501
