0 0.80026 0.530556 0.0755208 0.167593
0 0.751562 0.585648 0.0333333 0.101852
0 0.719661 0.995602 0.0372396 0.0893519
0 0.546745 0.375463 0.0356771 0.0527778
0 0.435807 0.634954 0.0846354 0.125463
0 0.365885 0.657176 0.0229167 0.0680556
0 0.084375 0.61088 0.0427083 0.0939815
0 0.117708 0.555093 0.0375 0.0472222
2 0.719792 0.282176 0.0317708 0.133796
2 0.682031 0.298843 0.0192708 0.121759
2 0.665365 0.338657 0.0203125 0.136574
2 0.450651 0.306019 0.0585938 0.0842593
2 0.502865 0.741435 0.03125 0.0967593
2 0.379167 0.985648 0.0411458 0.0722222
2 0.120052 0.281944 0.0604167 0.118519
1 0.521094 0.464583 0.0380208 0.0930556
1 0.524609 0.951852 0.0622396 0.112037
1 0.543359 0.765278 0.0440104 0.0916667
1 0.391667 0.578704 0.0463542 0.0805556
