0 0.269037 0.563942 0.046905 0.094536
1 0.716166 0.805185 0.052813 0.095200
0 0.613795 0.650256 0.066251 0.108048
1 0.696264 0.493849 0.045795 0.103989
0 0.729489 0.405667 0.036009 0.058536
2 0.674684 0.763402 0.046854 0.107287
0 0.173349 0.201950 0.042331 0.087285
0 0.673194 0.407599 0.047825 0.086177
2 0.635209 0.314482 0.055596 0.093827
0 0.535049 0.660369 0.031757 0.065538
0 0.942564 0.655324 0.042495 0.100554
1 0.565243 0.592952 0.044441 0.081087
0 0.302192 0.520437 0.039119 0.056445
0 0.979181 0.615967 0.040912 0.124857
0 0.701777 0.361179 0.028327 0.053903
1 0.701968 0.966706 0.055956 0.066588
2 0.867654 0.362611 0.053016 0.157552
2 0.312940 0.259328 0.048681 0.103862
0 0.909462 0.249418 0.031429 0.067092
2 0.761709 0.054401 0.027927 0.079459
2 0.814205 0.268105 0.036823 0.053256
2 0.915575 0.322439 0.041911 0.105978
0 0.101582 0.027624 0.045725 0.055248
0 0.781042 0.317236 0.031156 0.057042
0 0.313859 0.261176 0.047529 0.103295
