0 0.465544 0.570243 0.043403 0.088039
0 0.949937 0.460333 0.035528 0.058719
1 0.937576 0.881453 0.057817 0.097738
1 0.914265 0.544676 0.052998 0.108848
0 0.210167 0.558448 0.046861 0.104236
0 0.828442 0.702771 0.068178 0.118530
0 0.887178 0.457581 0.052528 0.092466
0 0.217383 0.812360 0.054437 0.084799
0 0.495045 0.532681 0.038194 0.057030
2 0.892882 0.821605 0.046357 0.108170
0 0.510711 0.276599 0.045031 0.101948
2 0.844565 0.364118 0.064430 0.112139
2 0.172932 0.335815 0.035432 0.094034
0 0.371834 0.207506 0.038142 0.086936
1 0.259966 0.595396 0.038949 0.075505
0 0.735404 0.702047 0.031955 0.067957
1 0.773642 0.633174 0.044125 0.074244
2 0.176863 0.903160 0.049100 0.098618
0 0.283465 0.027127 0.046742 0.054253
0 0.920117 0.409730 0.034231 0.052727
0 0.277779 0.981733 0.065400 0.036534
2 0.555002 0.168161 0.033377 0.098264
1 0.308877 0.493627 0.039445 0.061953
0 0.742064 0.021520 0.025757 0.043040
