0 0.920964 0.736111 0.0627604 0.162037
0 0.823568 0.732176 0.0356771 0.0736111
0 0.549479 0.59537 0.0453125 0.10463
0 0.58151 0.561806 0.0385417 0.0550926
0 0.453255 0.235417 0.0414063 0.0800926
0 0.354688 0.0479167 0.0489583 0.0587963
0 0.304688 0.58287 0.0442708 0.106481
0 0.323828 0.140046 0.0460938 0.115278
0 0.317448 0.83588 0.0625 0.0865741
2 0.926432 0.392824 0.0585938 0.0986111
2 0.985677 0.854861 0.0286458 0.100463
2 0.416927 0.391204 0.0380208 0.0898148
2 0.258854 0.365972 0.04375 0.0810185
2 0.280729 0.929398 0.0666667 0.118056
2 0.367188 0.333333 0.0395833 0.0694444
2 0.626562 0.186111 0.0296875 0.0796296
2 0.592057 0.299537 0.0450521 0.109259
2 0.646094 0.609028 0.0375 0.102315
2 0.895573 0.0372685 0.0338542 0.074537
1 0.177865 0.773611 0.0817708 0.131481
