0 0.901693 0.818287 0.0476562 0.109722
0 0.944141 0.795833 0.0419271 0.0712963
0 0.882161 0.0606481 0.0518229 0.112963
0 0.749479 0.125 0.0447917 0.0611111
0 0.649089 0.652083 0.0466146 0.106019
0 0.729036 0.210185 0.0356771 0.109259
0 0.632682 0.897454 0.0513021 0.0865741
0 0.395312 0.34213 0.0755208 0.121296
0 0.311458 0.469907 0.0494792 0.0675926
0 0.852474 0.380787 0.0507813 0.0884259
0 0.98776 0.0733796 0.0479167 0.0662037
0 0.163802 0.0696759 0.0182292 0.0449074
2 0.586198 0.955787 0.0416667 0.0976852
2 0.634375 0.403009 0.0364583 0.0699074
2 0.8625 0.28125 0.0453125 0.074537
2 0.388932 0.538426 0.0611979 0.0962963
2 0.947526 0.863889 0.0513021 0.100926
2 0.790365 0.530787 0.0364583 0.135648
2 0.748568 0.443519 0.0440104 0.0935185
2 0.132292 0.505556 0.0317708 0.0648148
1 0.374349 0.246759 0.0403646 0.0611111
1 0.59987 0.241898 0.0278646 0.0597222
1 0.0723958 0.41088 0.0692708 0.0865741
1 0.895964 0.611574 0.0684896 0.100926
1 0.529557 0.76875 0.0653646 0.16713
1 0.199479 0.904398 0.08125 0.118981
1 0.193099 0.390972 0.0596354 0.099537
