1 0.137783 0.458665 0.066241 0.092334
0 0.452160 0.379661 0.062580 0.108763
0 0.920639 0.082027 0.055389 0.103050
0 0.963261 0.839612 0.059165 0.101347
0 0.704652 0.921085 0.043580 0.090807
0 0.714110 0.675728 0.051524 0.102995
2 0.691382 0.434758 0.033913 0.076344
0 0.378005 0.510629 0.040827 0.063135
2 0.203202 0.548496 0.031056 0.071559
2 0.031653 0.732589 0.047888 0.096439
2 0.393645 0.249640 0.033875 0.062361
2 0.909451 0.313312 0.045844 0.066610
0 0.119627 0.614707 0.026449 0.067361
0 0.905818 0.410818 0.053009 0.086041
0 0.060565 0.605310 0.034779 0.068732
1 0.601040 0.786927 0.064953 0.160020
1 0.423570 0.284430 0.041521 0.067205
0 0.785230 0.237765 0.050569 0.111156
0 0.204396 0.100501 0.026701 0.044243
2 0.855601 0.561501 0.061318 0.120178
1 0.750204 0.734278 0.034053 0.071387
0 0.793972 0.165791 0.045662 0.084356
2 0.799235 0.466465 0.042676 0.080997
1 0.253538 0.429332 0.056008 0.098556
0 0.789554 0.205707 0.052253 0.160367
1 0.293772 0.935624 0.055994 0.110669
2 0.981361 0.717912 0.037278 0.084127
2 0.225681 0.256555 0.047511 0.112932
0 0.341481 0.038140 0.029820 0.056271
