0 0.998698 0.83912 0.0432292 0.099537
0 0.936719 0.0939815 0.0494792 0.107407
0 0.816406 0.166204 0.0427083 0.0583333
0 0.763802 0.685648 0.0489583 0.111111
0 0.805469 0.260648 0.0375 0.114815
0 0.764453 0.921065 0.0513021 0.0865741
0 0.498437 0.403241 0.0755208 0.121296
0 0.43138 0.534954 0.0544271 0.074537
0 0.939844 0.410185 0.0484375 0.0842593
0 0.226042 0.130787 0.0182292 0.0449074
0 0.120964 0.649074 0.0309896 0.0712963
0 0.178255 0.0449074 0.0351563 0.0611111
0 0.0609375 0.914583 0.0265625 0.0578704
0 0.176823 0.651157 0.0265625 0.0699074
2 0.727083 0.984954 0.0395833 0.0930556
2 0.726693 0.446991 0.0382813 0.0736111
2 0.940104 0.315046 0.0453125 0.074537
2 0.501172 0.585648 0.0299479 0.0768519
2 0.889453 0.553009 0.0346354 0.105093
2 0.841016 0.475463 0.0440104 0.0935185
2 0.258984 0.584954 0.0309896 0.074537
2 0.10013 0.774074 0.0455729 0.112963
2 0.428125 0.272917 0.0395833 0.0615741
2 0.382682 0.16713 0.0424479 0.0851852
1 0.466536 0.30787 0.0445312 0.0675926
1 0.680599 0.288657 0.0283854 0.049537
1 0.191927 0.497454 0.0692708 0.0865741
1 0.302344 0.462731 0.0578125 0.101389
1 0.151172 0.13287 0.0460938 0.0638889
1 0.988021 0.625 0.0651042 0.0962963
1 0.655469 0.794907 0.040625 0.159259
1 0.369271 0.964583 0.0734375 0.131019
