0 0.654900 0.444486 0.061980 0.109592
1 0.596060 0.339687 0.048696 0.075384
2 0.496157 0.195411 0.042529 0.115644
2 0.899564 0.483060 0.037577 0.083863
0 0.349725 0.708261 0.025535 0.081775
1 0.358280 0.554439 0.059683 0.086088
0 0.615596 0.593139 0.039221 0.070365
0 0.295741 0.712803 0.027772 0.064797
2 0.557738 0.309100 0.039602 0.068412
2 0.283108 0.847826 0.048087 0.116454
0 0.972652 0.282806 0.045621 0.088099
2 0.430177 0.642498 0.031120 0.072807
0 0.267809 0.074687 0.032107 0.063525
2 0.561455 0.435695 0.031945 0.048927
1 0.865420 0.849149 0.061734 0.164120
0 0.116301 0.938478 0.060020 0.123043
1 0.826963 0.321256 0.027950 0.053908
0 0.323873 0.164972 0.029190 0.051820
1 0.956710 0.160381 0.072528 0.105778
0 0.954804 0.724467 0.056499 0.098138
0 0.400555 0.025709 0.040756 0.051418
0 0.197409 0.629179 0.032485 0.065968
0 0.464795 0.514134 0.049664 0.092956
2 0.167071 0.613547 0.025032 0.071591
0 0.974129 0.965823 0.044381 0.068353
2 0.678884 0.630032 0.030092 0.068027
0 0.440348 0.086406 0.037348 0.071998
1 0.255612 0.634244 0.033725 0.088111
1 0.847549 0.206725 0.030503 0.055743
1 0.464306 0.514186 0.049590 0.092733
2 0.405607 0.344613 0.036164 0.094982
1 0.251236 0.161496 0.038530 0.072402
0 0.319014 0.552695 0.024946 0.046490
