0 0.971875 0.211343 0.0385417 0.0569444
0 0.991016 0.794213 0.0466146 0.106019
0 0.992578 0.310185 0.0570313 0.101852
0 0.678516 0.500926 0.0684896 0.110185
0 0.645964 0.666667 0.0388021 0.0666667
0 0.319271 0.208565 0.0302083 0.0569444
0 0.310417 0.8125 0.0307292 0.0574074
0 0.258333 0.114583 0.0369792 0.0643518
0 0.367188 0.803935 0.0291667 0.0773148
0 0.391406 0.0486111 0.0395833 0.0638889
0 0.333854 0.639815 0.0208333 0.0425926
2 0.929688 0.527083 0.0364583 0.0699074
2 0.713542 0.705556 0.0286458 0.0731481
2 0.451432 0.72662 0.0309896 0.074537
2 0.296094 0.960648 0.0479167 0.118519
2 0.56849 0.357639 0.0395833 0.0615741
2 0.505078 0.228472 0.0466146 0.0939815
2 0.168359 0.705093 0.0205729 0.0712963
1 0.613281 0.390509 0.0515625 0.0782407
1 0.84974 0.362963 0.03125 0.062037
1 0.368229 0.633565 0.0692708 0.0865741
1 0.483333 0.589583 0.0578125 0.101389
1 0.245443 0.215509 0.0440104 0.0606481
1 0.261719 0.725694 0.0359375 0.0912037
1 0.88776 0.928935 0.0447917 0.175463
