0 0.664323 0.374074 0.075 0.142593
0 0.635938 0.628704 0.0494792 0.0851852
0 0.265495 0.871065 0.0335938 0.0634259
0 0.33151 0.828935 0.0338542 0.0893519
0 0.268229 0.633796 0.0265625 0.0481481
0 0.441406 0.534259 0.0520833 0.138889
0 0.124609 0.758565 0.0455729 0.0736111
2 0.949089 0.356019 0.0450521 0.0925926
2 0.71276 0.643519 0.0427083 0.0842593
2 0.419531 0.725231 0.0390625 0.0828704
2 0.272786 1 0.0528646 0.130556
2 0.340365 0.293287 0.0552083 0.131944
2 0.550781 1 0.0234375 0.0444444
2 0.525391 0.165278 0.0528646 0.0972222
2 0.549609 0.361806 0.0242187 0.0476852
2 0.434245 0.0349537 0.0502604 0.0736111
2 0.0851562 0.746759 0.0307292 0.0574074
2 0.131641 0.183333 0.0346354 0.0712963
1 0.581641 0.217824 0.0638021 0.0865741
1 0.861719 0.124306 0.0369792 0.0662037
1 0.318099 0.640741 0.0726563 0.0907407
1 0.201302 0.750694 0.0359375 0.0912037
1 0.617057 0.397685 0.0481771 0.109259
