0 0.638488 0.362166 0.079324 0.145914
1 0.312371 0.691029 0.073965 0.099395
1 0.198405 0.817409 0.052403 0.102508
1 0.545551 0.217440 0.058427 0.090047
2 0.489081 0.172671 0.057981 0.098715
0 0.117117 0.837642 0.044835 0.070220
2 0.415581 0.752613 0.037057 0.080651
0 0.627736 0.619725 0.048050 0.090471
0 0.427682 0.562255 0.058055 0.129109
2 0.521219 0.362092 0.036424 0.059706
0 0.332705 0.873484 0.037077 0.079883
2 0.310328 0.332030 0.059956 0.139496
0 0.268015 0.931682 0.032055 0.066783
2 0.913977 0.289619 0.047474 0.091134
2 0.703160 0.623559 0.051260 0.087428
2 0.089827 0.261805 0.044809 0.086344
0 0.256834 0.686916 0.033896 0.056754
2 0.063464 0.717855 0.031279 0.061610
2 0.076757 0.833207 0.029347 0.060381
1 0.816246 0.080565 0.039351 0.066740
1 0.592071 0.384561 0.047491 0.103156
0 0.139013 0.030572 0.041076 0.061144
0 0.978076 0.570619 0.043848 0.102593
2 0.951054 0.119289 0.036559 0.079229
2 0.385086 0.058060 0.061329 0.116120
2 0.133251 0.922228 0.034368 0.063828
2 0.204400 0.409727 0.033549 0.057457
1 0.093833 0.401065 0.033970 0.078998
1 0.055982 0.510437 0.096278 0.132386
2 0.064837 0.898424 0.041788 0.069069
