0 0.822656 0.411806 0.0828125 0.156944
0 0.83151 0.681944 0.0583333 0.105556
0 0.467839 1 0.0315104 0.0773148
0 0.528906 0.939583 0.0395833 0.0875
0 0.442187 0.751852 0.0229167 0.037963
0 0.61263 0.623611 0.0497396 0.132407
0 0.304557 0.906018 0.0414063 0.0638889
0 0.273568 0.0675926 0.0388021 0.0675926
2 0.90625 0.678241 0.053125 0.0805556
2 0.609115 0.824769 0.0390625 0.0828704
2 0.482292 0.386343 0.0552083 0.131944
2 0.643359 0.21713 0.0554687 0.101852
2 0.692839 0.407176 0.0242187 0.0476852
2 0.530078 0.081713 0.0554687 0.151389
2 0.260677 0.895602 0.0338542 0.0634259
2 0.250651 0.314815 0.0393229 0.0805556
2 0.472526 0.163657 0.0320312 0.0652778
2 0.247005 0.774306 0.0330729 0.0541667
1 0.71263 0.265509 0.0638021 0.0865741
1 0.986849 0.115278 0.0388021 0.0694444
1 0.500911 0.750926 0.0763021 0.0953704
1 0.33125 0.837963 0.0442708 0.0851852
1 0.382943 0.885185 0.0502604 0.0935185
1 0.185677 0.128241 0.0567708 0.0935185
1 0.776042 0.443519 0.053125 0.12037
