1 0.304334 0.487676 0.080372 0.120975
2 0.552566 0.306916 0.055491 0.127956
1 0.774729 0.187421 0.064425 0.084809
0 0.683587 0.532867 0.062949 0.121184
2 0.704901 0.151411 0.055490 0.100984
0 0.887990 0.327512 0.081741 0.141960
1 0.841413 0.367793 0.059299 0.131891
1 0.577037 0.656108 0.072041 0.091421
1 0.462807 0.780488 0.045110 0.100692
0 0.601963 0.836206 0.037302 0.085285
0 0.901131 0.580528 0.051025 0.093436
0 0.515857 0.651070 0.031540 0.054360
0 0.548104 0.896992 0.028134 0.070842
2 0.680832 0.722294 0.038793 0.085590
2 0.323170 0.685689 0.032003 0.063701
1 0.250269 0.065488 0.055039 0.095342
2 0.340349 0.796056 0.030077 0.075641
0 0.381822 0.801446 0.040904 0.066452
2 0.324503 0.247111 0.048580 0.096207
2 0.192425 0.799193 0.041194 0.076515
1 0.095690 0.283920 0.064983 0.109286
0 0.284217 0.966262 0.051618 0.067476
1 0.070054 0.397570 0.047826 0.080297
0 0.181805 0.663200 0.037623 0.058157
2 0.969612 0.587147 0.046837 0.094029
1 0.090031 0.289023 0.051367 0.092216
2 0.047826 0.863215 0.058353 0.104336
2 0.250859 0.332336 0.041171 0.074905
2 0.749591 0.332885 0.034053 0.052572
1 0.340538 0.376034 0.034907 0.069400
2 0.398113 0.887788 0.025943 0.046216
0 0.333736 0.024369 0.045957 0.048738
2 0.396251 0.887767 0.032394 0.054763
