0 0.93099 0.0821759 0.0453125 0.0763889
0 0.626562 0.34213 0.0265625 0.0611111
0 0.672656 0.309954 0.0395833 0.0856481
0 0.598958 0.164815 0.0239583 0.0398148
0 0.739974 0.068287 0.0476562 0.119907
0 0.479948 0.299769 0.0364583 0.0532407
0 0.294922 0.218981 0.0294271 0.0472222
0 0.471224 0.617593 0.0664063 0.124074
0 0.624089 0.612963 0.0236979 0.0546296
0 0.311979 0.706713 0.01875 0.0393519
0 0.392839 0.443981 0.0341146 0.0537037
0 0.134505 0.790509 0.0377604 0.0578704
0 0.210156 0.872222 0.0442708 0.075
2 0.740104 0.212963 0.0338542 0.0712963
2 0.447396 0.302546 0.0354167 0.0837963
2 0.42513 0.203472 0.0299479 0.0560185
2 0.172135 0.405093 0.0510417 0.0972222
2 0.645312 0.473148 0.0682292 0.0935185
2 0.309115 0.33287 0.0447917 0.0759259
2 0.609115 0.681019 0.05625 0.108333
2 0.329557 0.708796 0.0315104 0.0935185
2 0.53724 0.672222 0.0322917 0.0546296
2 0.742578 0.694444 0.0507813 0.0712963
1 0.648438 0.151852 0.0802083 0.1
1 0.455208 0.385185 0.0359375 0.0509259
1 0.551953 0.273611 0.0528646 0.0981481
1 0.407031 0.0405093 0.0942708 0.133796
1 0.0958333 0.571759 0.0322917 0.075
1 0.122526 0.768287 0.0367187 0.0597222
1 0.185286 0.613889 0.0507813 0.0638889
2 0.367188 0.537037 0.0442708 0.0944444
