0 0.495181 0.676320 0.049564 0.109208
0 0.746935 0.852678 0.036771 0.063288
0 0.193762 0.604213 0.043082 0.078440
0 0.631883 0.265441 0.026366 0.053014
0 0.470121 0.292385 0.072985 0.144029
2 0.763681 0.745513 0.043609 0.076179
2 0.654145 0.108979 0.058021 0.120486
2 0.611896 0.340166 0.062100 0.155574
0 0.866653 0.948387 0.074749 0.103226
0 0.550962 0.876636 0.031554 0.055286
1 0.075504 0.280767 0.034995 0.086446
2 0.156937 0.103759 0.062272 0.108705
0 0.326434 0.757697 0.023499 0.047262
2 0.110300 0.777113 0.034997 0.057788
0 0.703912 0.922845 0.037910 0.062893
2 0.764776 0.314224 0.070627 0.114962
2 0.430692 0.732514 0.030934 0.072608
0 0.832382 0.767931 0.033466 0.075412
0 0.361285 0.743998 0.016926 0.039331
0 0.303612 0.414413 0.023531 0.048134
2 0.545097 0.357972 0.043948 0.105043
2 0.358864 0.224314 0.044095 0.110292
2 0.325357 0.387855 0.033508 0.084540
2 0.313700 0.338621 0.031711 0.118890
