0 0.471875 0.0789352 0.0697917 0.15787
0 0.633724 0.0319444 0.0257812 0.05
0 0.308333 0.203935 0.0197917 0.0393519
0 0.19974 0.407176 0.0401042 0.0625
0 0.50013 0.441204 0.0481771 0.10463
0 0.332552 0.54375 0.0239583 0.0430556
0 0.553125 0.630787 0.0328125 0.0615741
0 0.746615 0.571528 0.040625 0.0532407
0 0.703776 0.649306 0.0445312 0.075463
0 0.864323 0.717593 0.114063 0.191667
2 0.617188 0.108102 0.0536458 0.156019
2 0.319922 0.187963 0.0372396 0.107407
2 0.541146 0.155093 0.0416667 0.102778
2 0.758464 0.0666667 0.0716146 0.1
2 0.36224 0.0314815 0.0395833 0.0972222
2 0.763802 0.478241 0.0416667 0.0694444
2 0.867839 0.897685 0.0476562 0.0712963
1 0.0829427 0.0884259 0.0356771 0.0824074
1 0.896615 0.857176 0.0447917 0.0708333
0 0.983594 0.191435 0.0322917 0.0726852
2 0.678646 0.832407 0.0411458 0.087963
2 0.546745 0.815741 0.0450521 0.0777778
2 0.423828 0.908565 0.0549479 0.0837963
2 0.120833 0.595602 0.0578125 0.0662037
