0 0.900853 0.587843 0.125584 0.225978
2 0.905905 0.789647 0.048496 0.088501
0 0.497230 0.321155 0.055652 0.134411
2 0.428684 0.399585 0.031637 0.083903
2 0.691992 0.723088 0.049062 0.100355
0 0.177334 0.305229 0.048515 0.078622
0 0.413277 0.819258 0.050733 0.091415
0 0.770059 0.436334 0.044436 0.063803
0 0.722108 0.524144 0.048763 0.082297
0 0.317601 0.440962 0.023763 0.045995
0 0.555824 0.514936 0.031420 0.068076
1 0.936427 0.744324 0.046281 0.070697
2 0.547501 0.711179 0.049598 0.079489
2 0.789288 0.335476 0.046836 0.090103
0 0.294276 0.081151 0.026343 0.055773
2 0.089529 0.504408 0.041056 0.078296
2 0.353869 0.616764 0.034967 0.113480
1 0.159410 0.963703 0.044804 0.072595
1 0.366573 0.973059 0.047883 0.053882
