0 0.0938802 0.158796 0.0486979 0.0759259
0 0.397917 0.0222222 0.059375 0.134259
0 0.244141 0.214352 0.0179687 0.0407407
0 0.46888 0.154398 0.0325521 0.0597222
0 0.642318 0 0.0388021 0.0509259
0 0.61263 0.0810185 0.0424479 0.0805556
0 0.766276 0.0706019 0.108594 0.18287
0 0.266667 0.792361 0.0713542 0.115278
0 0.489193 0.69537 0.0351563 0.0787037
0 0.659505 0.704398 0.0585938 0.0986111
0 0.700651 0.771065 0.0471354 0.0736111
0 0.899479 0.752315 0.0317708 0.0425926
0 0.569401 0.65463 0.0554687 0.0944444
2 0.785807 0.247222 0.0455729 0.087963
2 0.603646 0.272685 0.0395833 0.0842593
2 0.885417 0.365509 0.0713542 0.0921296
2 0.672526 0.560417 0.0460938 0.0949074
2 0.531641 0.512269 0.0351563 0.0763889
2 0.58737 0.486574 0.0476562 0.0814815
2 0.816536 0.669676 0.0580729 0.128241
2 0.879427 0.506713 0.0536458 0.0837963
2 0.48138 0.331944 0.0450521 0.0944444
2 0.297266 0.368056 0.0382813 0.105556
2 0.0321615 0.38912 0.0471354 0.0856481
2 0.341016 0.125231 0.0341146 0.0800926
1 0.802865 0.196991 0.0494792 0.0782407
