0 0.0615885 0.0800926 0.0486979 0.0759259
0 0.221875 0.135648 0.0208333 0.0472222
0 0.464193 0.0587963 0.0341146 0.062963
0 0.79349 0 0.119792 0.201389
0 0.244401 0.759028 0.0679687 0.109722
0 0.486458 0.648843 0.0369792 0.0828704
0 0.674349 0.653472 0.0585938 0.0986111
0 0.721224 0.725231 0.0471354 0.0736111
0 0.941667 0.70787 0.0317708 0.0425926
0 0.573828 0.596759 0.0554687 0.0944444
2 0.810547 0.161574 0.0393229 0.0759259
2 0.613542 0.183796 0.0395833 0.0842593
2 0.922917 0.281713 0.0713542 0.0921296
2 0.68724 0.49838 0.0484375 0.099537
2 0.532552 0.450231 0.0369792 0.0800926
2 0.595443 0.418056 0.0476562 0.0814815
2 0.849349 0.612037 0.0638021 0.141667
2 0.918099 0.437269 0.0591146 0.0921296
2 0.478516 0.25 0.0523437 0.109259
2 0.278906 0.302546 0.0401042 0.110648
2 0.00273437 0.339352 0.0518229 0.0944444
2 0.325391 0.0293981 0.0377604 0.0884259
1 0.834635 0.0993056 0.0479167 0.0615741
