0 0.0261719 0.177778 0.0486979 0.0759259
0 0.194531 0.244907 0.0208333 0.0472222
0 0.452734 0.178704 0.0341146 0.062963
0 0.81263 0.0717593 0.132031 0.222222
0 0.214844 0.92662 0.075 0.120833
0 0.476172 0.826389 0.0388021 0.087037
0 0.682292 0.848843 0.0645833 0.108796
0 0.734505 0.937732 0.0518229 0.0810185
0 0.974479 0.915741 0.0369792 0.0657407
0 0.624479 0.0877315 0.0401042 0.101389
0 0.369792 0.044213 0.0661458 0.11713
0 0.572266 0.781713 0.0611979 0.104167
2 0.832422 0.289352 0.0455729 0.087963
2 0.614323 0.319676 0.0416667 0.0884259
2 0.956771 0.434491 0.075 0.0967593
2 0.695833 0.674769 0.0484375 0.099537
2 0.527865 0.610648 0.0427083 0.0925926
2 0.598568 0.565741 0.0476562 0.0814815
2 0.873307 0.811343 0.0705729 0.156019
2 0.957161 0.574306 0.0591146 0.0921296
2 0.467839 0.389815 0.0523437 0.109259
2 0.255729 0.423843 0.0401042 0.110648
2 0.304948 0.138194 0.0416667 0.0976852
1 0.857031 0.23588 0.0479167 0.0615741
