2 0.692371 0.715144 0.052553 0.094672
0 0.676668 0.891565 0.066338 0.114326
0 0.466977 0.863677 0.039259 0.086181
0 0.566045 0.823132 0.060084 0.107841
2 0.869094 0.858660 0.072395 0.153568
1 0.850241 0.269134 0.057217 0.081964
2 0.602512 0.350154 0.056220 0.115421
2 0.297596 0.168415 0.038879 0.098681
2 0.826127 0.324395 0.042524 0.100433
2 0.949125 0.641845 0.064630 0.129437
0 0.615335 0.123339 0.044153 0.096902
0 0.361364 0.063309 0.062671 0.126618
2 0.460478 0.420888 0.052363 0.109099
0 0.800572 0.109353 0.124148 0.218706
2 0.519784 0.642427 0.046647 0.088900
2 0.963882 0.465050 0.058141 0.099956
2 0.588678 0.615420 0.047077 0.093091
0 0.202543 0.950439 0.076341 0.099121
0 0.971327 0.958624 0.041625 0.065305
0 0.728430 0.970228 0.048599 0.059543
0 0.332073 0.600886 0.056595 0.096966
0 0.445189 0.213395 0.034667 0.070277
1 0.082211 0.928971 0.041691 0.080654
2 0.246700 0.437110 0.036382 0.122795
1 0.766561 0.402986 0.074974 0.121700
0 0.022622 0.207105 0.044430 0.091930
0 0.184822 0.271057 0.022421 0.049708
0 0.512409 0.718875 0.037882 0.055447
0 0.653800 0.033328 0.043986 0.066656
