0 0.759361 0.169845 0.124396 0.247498
1 0.813118 0.332021 0.059471 0.081518
0 0.423608 0.933475 0.042202 0.091292
2 0.908946 0.722822 0.069062 0.124203
2 0.647812 0.792658 0.055632 0.105749
0 0.520723 0.896010 0.068315 0.100079
2 0.562477 0.416381 0.052620 0.117321
2 0.476861 0.714819 0.051305 0.103136
0 0.632938 0.955829 0.068588 0.088342
2 0.786442 0.387889 0.044967 0.093104
2 0.257542 0.216158 0.039152 0.096400
2 0.419689 0.479408 0.056127 0.110055
0 0.321304 0.101670 0.069297 0.155851
2 0.206665 0.498173 0.048353 0.129118
2 0.920850 0.530998 0.075120 0.103493
2 0.827921 0.927501 0.064323 0.144999
2 0.544262 0.685663 0.049131 0.099709
0 0.572070 0.183266 0.042861 0.106260
0 0.610782 0.074084 0.046846 0.079077
0 0.405079 0.268718 0.037444 0.071210
0 0.468402 0.791828 0.042527 0.066073
0 0.288235 0.662005 0.056019 0.102512
1 0.727510 0.474256 0.080966 0.130895
0 0.144161 0.321019 0.026729 0.056331
