0 0.0515625 0.297222 0.0208333 0.0472222
0 0.295964 0.238657 0.0414063 0.0763889
0 0.638151 0.119444 0.138802 0.233333
0 0.320443 0.924306 0.0429688 0.0958333
0 0.505859 0.937037 0.0747396 0.125926
0 0.454948 0.159722 0.0463542 0.117593
0 0.220052 0.0821759 0.0661458 0.11713
0 0.488802 0.0490741 0.0463542 0.0861111
0 0.395052 0.861574 0.0645833 0.0888889
2 0.664193 0.363889 0.0611979 0.117593
2 0.449089 0.39375 0.0502604 0.129167
2 0.794141 0.507639 0.0825521 0.106944
2 0.519922 0.757639 0.0533854 0.109722
2 0.350391 0.692824 0.0408854 0.0884259
2 0.698438 0.89838 0.0671875 0.148611
2 0.775 0.69213 0.071875 0.112037
2 0.318359 0.462963 0.0549479 0.114815
2 0.118359 0.478472 0.0513021 0.141204
2 0.157552 0.188194 0.0395833 0.0930556
1 0.688932 0.309722 0.0554687 0.0712963
1 0.83763 0.68287 0.0632813 0.113889
1 0.591016 0.442593 0.0783854 0.144444
