2 0.438624 0.614060 0.053448 0.105001
2 0.673358 0.551077 0.062274 0.103067
0 0.462341 0.871160 0.049870 0.079879
0 0.240672 0.773337 0.043887 0.098117
2 0.573716 0.242163 0.041120 0.115577
2 0.603487 0.749273 0.067956 0.150095
0 0.424200 0.786068 0.061379 0.111256
0 0.544688 0.073763 0.114399 0.147525
0 0.322393 0.726836 0.065378 0.102860
0 0.121905 0.521348 0.051068 0.093121
1 0.605839 0.197614 0.046604 0.072044
2 0.707990 0.382622 0.071010 0.096303
2 0.282885 0.565064 0.045062 0.079543
1 0.738058 0.542881 0.064193 0.112260
1 0.968733 0.162915 0.062533 0.116524
2 0.100370 0.099058 0.038214 0.099189
0 0.704074 0.850451 0.034917 0.068575
2 0.368423 0.270565 0.048935 0.119816
0 0.375304 0.050968 0.037461 0.095917
1 0.499860 0.325299 0.082378 0.142683
0 0.021895 0.882149 0.043790 0.115508
0 0.757379 0.607188 0.037596 0.070401
2 0.234632 0.344198 0.058928 0.119290
0 0.229069 0.140602 0.040170 0.073899
0 0.163333 0.036703 0.047848 0.073405
2 0.055182 0.373147 0.048256 0.131800
