0 0.434127 0.827712 0.050835 0.083124
0 0.396484 0.743055 0.060320 0.110638
0 0.217697 0.734800 0.047820 0.096292
2 0.639774 0.511611 0.065907 0.098163
2 0.412086 0.577549 0.056600 0.103495
2 0.677886 0.347944 0.074492 0.101838
2 0.573545 0.702315 0.057754 0.138448
0 0.102494 0.486413 0.056159 0.102255
0 0.298660 0.687349 0.069621 0.112468
2 0.259618 0.530339 0.047204 0.086081
0 0.727709 0.565201 0.038378 0.067299
1 0.963390 0.799432 0.063590 0.085852
0 0.674959 0.807393 0.035471 0.065858
1 0.579185 0.163930 0.046881 0.067234
1 0.706626 0.503709 0.068876 0.117526
1 0.473849 0.284978 0.078385 0.128753
2 0.544278 0.205280 0.038757 0.111800
2 0.080707 0.067898 0.037118 0.099523
0 0.515151 0.059457 0.103737 0.118914
2 0.770143 0.595402 0.054468 0.092037
2 0.036300 0.343019 0.054296 0.138686
2 0.339620 0.236400 0.048520 0.116890
1 0.574663 0.159866 0.060655 0.080838
0 0.627585 0.938533 0.030094 0.055807
0 0.014362 0.844273 0.028724 0.115820
2 0.211931 0.310375 0.061499 0.125814
0 0.206354 0.107110 0.038442 0.066312
1 0.957180 0.138065 0.082068 0.139753
0 0.347836 0.035374 0.034011 0.070748
0 0.735649 0.786351 0.030686 0.049649
