0 0.377139 0.509930 0.058195 0.097588
1 0.800378 0.168905 0.052576 0.076403
0 0.861239 0.650156 0.056692 0.106399
0 0.778078 0.547213 0.057380 0.146208
0 0.935749 0.481950 0.061798 0.115172
0 0.537922 0.332866 0.061461 0.101932
2 0.584880 0.315656 0.057435 0.134282
2 0.537824 0.878404 0.086937 0.154369
0 0.542458 0.093792 0.034376 0.080492
0 0.337098 0.441234 0.046222 0.062351
0 0.338080 0.357099 0.039881 0.052595
2 0.421899 0.510914 0.039088 0.064900
0 0.322412 0.510404 0.062378 0.111276
0 0.112385 0.627615 0.045599 0.086035
0 0.970833 0.338719 0.055976 0.118770
0 0.771297 0.384468 0.043664 0.095575
0 0.318442 0.052402 0.058239 0.104803
0 0.345390 0.095487 0.044246 0.087290
1 0.885385 0.255838 0.060103 0.089833
2 0.231605 0.436802 0.050526 0.103744
0 0.173394 0.074934 0.042773 0.098468
1 0.297838 0.267636 0.060427 0.091383
2 0.091972 0.924582 0.055229 0.087311
0 0.975378 0.906989 0.041639 0.121570
2 0.073643 0.110443 0.047613 0.098996
0 0.774144 0.371280 0.048177 0.125712
0 0.335651 0.071829 0.058207 0.134621
0 0.965988 0.326472 0.039389 0.104827
