0 0.361458 0.375463 0.0619792 0.0796296
0 0.172396 0.483102 0.0770833 0.0625
0 0.606641 0.430093 0.0445312 0.087963
0 0.197786 0.559954 0.0518229 0.105093
0 0.14401 0.559722 0.0645833 0.137963
0 0.606771 0.587037 0.0572917 0.130556
0 0.165234 0.397917 0.0492188 0.0625
0 0.697786 0.701852 0.0481771 0.0898148
0 0.78737 0.520602 0.0622396 0.110648
0 0.845182 0.373148 0.0580729 0.117593
0 0.824219 0.987963 0.0302083 0.0925926
0 0.146615 0.103009 0.0807292 0.099537
0 0.364583 0.136806 0.0515625 0.0791667
0 0.819531 0.903241 0.0375 0.0796296
0 0.734896 0.300463 0.0651042 0.115741
0 0.807813 0.435648 0.0359375 0.0731481
0 0.858333 0.479398 0.0385417 0.0763889
2 0.411979 0.195139 0.0536458 0.108796
2 0.240365 0.5625 0.0442708 0.0842593
2 0.0851562 0.367593 0.053125 0.103704
2 0.360807 0.925 0.0716146 0.127778
1 0.645964 0.213657 0.0539063 0.0708333
1 0.667188 0.354861 0.0546875 0.0865741
1 0.918099 0.830787 0.0424479 0.0791667
1 0.961719 0.838889 0.0432292 0.0990741
