0 0.610836 0.616218 0.063983 0.132956
0 0.697037 0.723535 0.057756 0.106906
1 0.646739 0.229187 0.046811 0.073958
2 0.411027 0.384873 0.059001 0.123688
0 0.358859 0.401277 0.058380 0.093636
0 0.788747 0.540914 0.063912 0.108389
0 0.735479 0.319276 0.069898 0.103147
0 0.194158 0.581530 0.063232 0.106767
0 0.597827 0.459312 0.036078 0.078142
0 0.839899 0.380236 0.048960 0.117769
0 0.133346 0.103731 0.054796 0.112391
0 0.818876 0.449602 0.039500 0.060540
0 0.363261 0.156763 0.048457 0.084957
1 0.918539 0.847757 0.040339 0.063250
0 0.858691 0.495416 0.041457 0.057019
0 0.150750 0.511757 0.043327 0.062300
1 0.670460 0.374318 0.047965 0.087651
0 0.139177 0.585693 0.064436 0.124719
1 0.963357 0.866954 0.040757 0.059418
2 0.361329 0.937666 0.089100 0.124668
0 0.845651 0.390080 0.062604 0.113332
2 0.275172 0.070539 0.063323 0.127554
0 0.860098 0.406502 0.035565 0.077627
0 0.854949 0.400026 0.044927 0.090282
2 0.237306 0.586560 0.043188 0.080518
0 0.161641 0.157337 0.042990 0.077946
0 0.157136 0.420571 0.042945 0.048540
0 0.990924 0.348139 0.018153 0.064421
