0 0.088151 0.70787 0.0429688 0.103704
0 0.145182 0.63125 0.0429688 0.0763889
0 0.384635 0.966667 0.0401042 0.0666667
0 0.49362 0.434259 0.0414063 0.0861111
0 0.46888 0.351157 0.0341146 0.0819444
0 0.327474 0.203704 0.0382813 0.0555556
0 0.0145833 0.269907 0.0427083 0.0527778
0 0.656771 0.0824074 0.0473958 0.164815
0 0.507422 0.341204 0.0377604 0.0777778
0 0.541406 0.280093 0.0260417 0.0740741
0 0.795313 0.355556 0.0317708 0.0759259
0 0.844531 0.430556 0.0234375 0.0546296
0 0.648568 0.513194 0.0158854 0.0523148
0 0.688672 0.528704 0.0460938 0.100926
2 0.727214 0.564815 0.0513021 0.103704
2 0.444922 0.883333 0.0716146 0.127778
2 0.525391 0.484028 0.0268229 0.0652778
2 0.579427 0.0696759 0.0427083 0.140278
2 0.777344 0.189583 0.0578125 0.159722
2 0.892187 0.124769 0.0432292 0.106019
2 0.0682292 0.394676 0.0239583 0.0532407
