0 0.091677 0.751630 0.053973 0.096162
0 0.709944 0.625360 0.045786 0.089922
2 0.747865 0.672236 0.053794 0.112436
0 0.514351 0.508852 0.051267 0.101822
0 0.154843 0.679245 0.042457 0.074341
0 0.518648 0.414787 0.036840 0.068409
0 0.559327 0.361385 0.033603 0.071461
0 0.023594 0.294894 0.033907 0.056240
2 0.936513 0.219948 0.062114 0.091945
2 0.804452 0.267746 0.076122 0.134258
0 0.486641 0.427404 0.041886 0.091498
0 0.228091 0.412225 0.042357 0.076232
0 0.337869 0.261184 0.039792 0.062597
0 0.673724 0.611011 0.030353 0.063830
0 0.685032 0.118868 0.051469 0.097952
0 0.458988 0.482729 0.036085 0.066142
1 0.648968 0.041053 0.042802 0.082106
2 0.303326 0.069602 0.028820 0.063200
2 0.018229 0.903496 0.036458 0.101702
0 0.827673 0.462737 0.039264 0.090048
2 0.537109 0.562865 0.034012 0.070411
0 0.679031 0.159230 0.048742 0.139860
0 0.484059 0.417932 0.034930 0.075259
0 0.966279 0.400324 0.046190 0.105693
0 0.678083 0.179802 0.045763 0.106265
0 0.682491 0.142445 0.056340 0.141949
2 0.075395 0.426408 0.031081 0.063083
0 0.498970 0.427312 0.066118 0.099518
2 0.458362 0.947788 0.084043 0.104424
