2 0.518618 0.799358 0.040359 0.070035
0 0.583286 0.338395 0.047071 0.089951
0 0.466281 0.651040 0.043288 0.065599
0 0.444621 0.152670 0.036539 0.102838
0 0.574800 0.254990 0.050993 0.092796
2 0.723698 0.356909 0.075972 0.149068
0 0.701893 0.773408 0.053512 0.095364
0 0.480511 0.748962 0.053516 0.102824
0 0.779127 0.534232 0.040643 0.085953
2 0.748089 0.796217 0.048334 0.100340
0 0.236894 0.571740 0.046149 0.069689
2 0.921164 0.176396 0.069848 0.107962
2 0.840836 0.251949 0.061187 0.099654
0 0.261548 0.104565 0.051473 0.116670
0 0.142222 0.789524 0.049052 0.079089
0 0.895388 0.395701 0.044125 0.080712
0 0.423753 0.667185 0.032998 0.070069
2 0.635434 0.118420 0.053550 0.152764
0 0.495907 0.564571 0.033437 0.060723
0 0.664031 0.774951 0.030113 0.055443
0 0.836217 0.577626 0.030659 0.051166
1 0.515787 0.150907 0.051357 0.109912
1 0.101139 0.191103 0.031716 0.070195
0 0.439980 0.693713 0.046057 0.098479
2 0.382610 0.533705 0.044766 0.104965
