0 0.217839 0.634028 0.0476562 0.0773148
0 0.474089 0.769213 0.0591146 0.099537
0 0.428385 0.710648 0.04375 0.10463
0 0.454557 0.678704 0.0403646 0.0759259
0 0.481901 0.579167 0.0304688 0.0703704
0 0.760026 0.501157 0.0367187 0.0810185
0 0.813932 0.532639 0.0330729 0.0550926
0 0.557943 0.340972 0.0476562 0.0921296
0 0.54401 0.257407 0.0505208 0.087963
0 0.661719 0.765741 0.0270833 0.062037
0 0.698958 0.756944 0.05625 0.112963
0 0.405729 0.184954 0.0348958 0.129167
0 0.215885 0.157407 0.0604167 0.146296
0 0.0401042 0.176157 0.0244792 0.0569444
0 0.865234 0.350694 0.0481771 0.0930556
2 0.738932 0.757639 0.0466146 0.0939815
2 0.51901 0.812037 0.028125 0.0685185
2 0.582812 0.129167 0.0369792 0.121296
2 0.702865 0.340509 0.0703125 0.193981
2 0.807552 0.209028 0.0494792 0.0921296
2 0.63151 0.0738426 0.0541667 0.127315
2 0.122526 0.441204 0.0257812 0.062963
2 0.870964 0.132639 0.0742188 0.118981
