0 0.210677 0.81088 0.0453125 0.0736111
0 0.49974 0.795833 0.0609375 0.12037
0 0.444271 0.771991 0.0598958 0.104167
0 0.457031 0.718982 0.0385417 0.0722222
0 0.470182 0.614352 0.0304688 0.0703704
0 0.719792 0.384491 0.0333333 0.0736111
0 0.775911 0.391435 0.0330729 0.0550926
0 0.50612 0.340509 0.0476562 0.0921296
0 0.476823 0.266667 0.04375 0.0759259
0 0.675781 0.686111 0.0270833 0.062037
0 0.70651 0.656944 0.0536458 0.107407
0 0.321745 0.253935 0.0367187 0.135648
0 0.111589 0.331713 0.0575521 0.139352
0 0.786198 0.191898 0.0416667 0.0819444
0 0.948958 0.76412 0.0541667 0.102315
0 0.240104 0.0423611 0.0682292 0.111574
2 0.75013 0.644444 0.0570313 0.0962963
2 0.540625 0.80787 0.028125 0.0685185
2 0.501042 0.108102 0.040625 0.135648
2 0.63776 0.272454 0.0703125 0.193981
2 0.715755 0.0930556 0.0471354 0.087963
2 0.0644531 0.684259 0.0299479 0.0675926
2 0.760807 0 0.0674479 0.10787
2 0.370964 0.0668981 0.0388021 0.0680556
2 0.354036 0.657407 0.0549479 0.111111
1 0.989062 0.507639 0.0473958 0.0699074
