0 0.727693 0.507341 0.055076 0.093918
0 0.526536 0.232258 0.045671 0.089983
0 0.964244 0.758740 0.067035 0.144964
0 0.503905 0.599163 0.042240 0.066351
0 0.494197 0.169909 0.054087 0.106617
0 0.541121 0.667312 0.053869 0.107220
0 0.337233 0.183424 0.037902 0.107909
0 0.125714 0.293633 0.063793 0.137253
0 0.251121 0.749720 0.045392 0.086402
0 0.732341 0.250422 0.032005 0.078278
2 0.775038 0.492525 0.052761 0.115229
0 0.960365 0.586871 0.047254 0.098982
0 0.409931 0.121472 0.052129 0.120416
0 0.789533 0.062398 0.037097 0.077156
2 0.648860 0.146448 0.069518 0.155596
2 0.583306 0.679359 0.040459 0.069396
0 0.503016 0.501789 0.033608 0.050496
0 0.495806 0.675247 0.052336 0.106482
0 0.465096 0.646376 0.029079 0.068913
2 0.385530 0.571289 0.050307 0.102873
1 0.983139 0.343740 0.033722 0.078927
2 0.515480 0.038083 0.047998 0.076167
0 0.493322 0.691102 0.050103 0.124938
1 0.462299 0.392316 0.055399 0.097468
0 0.785273 0.247942 0.028374 0.048043
