0 0.476172 0.604398 0.0549479 0.0884259
0 0.420052 0.659259 0.0739583 0.136111
0 0.423438 0.566204 0.0385417 0.0583333
0 0.208203 0.919444 0.0575521 0.113889
0 0.316797 0.178704 0.0539063 0.109259
0 0.360417 0.208796 0.0510417 0.0898148
0 0.16237 0.297685 0.0601562 0.110185
0 0.860677 0.0724537 0.0515625 0.0634259
0 0.923568 0.11088 0.0492188 0.0847222
0 0.939062 0.253241 0.0447917 0.103704
0 0.804036 0.253704 0.0408854 0.0907407
0 0.839583 0.402083 0.05625 0.114352
0 0.914974 0.443981 0.0570313 0.101852
0 0.716536 0.971065 0.0768229 0.0578704
0 0.551953 0.1 0.0283854 0.0657407
0 0.594922 0.0689815 0.0377604 0.0490741
2 0.455078 0.0418981 0.0408854 0.114352
2 0.639583 0.28912 0.0494792 0.115278
2 0.603255 0.32037 0.0471354 0.0842593
2 0.58125 0.373843 0.0229167 0.049537
2 0.291797 0.623148 0.0388021 0.0916667
2 0.538151 0.252315 0.0278646 0.0981481
2 0.679036 0.841898 0.0705729 0.155093
2 0.307943 0.031713 0.0492188 0.0634259
