0 0.411068 0.669213 0.0549479 0.0884259
0 0.375391 0.754167 0.0856771 0.157407
0 0.358073 0.661111 0.0494792 0.0768519
0 0.45599 0.36412 0.0432292 0.0569444
0 0.1625 0.411111 0.0536458 0.109259
0 0.710026 0.876852 0.0627604 0.0712963
0 0.21901 0.402778 0.0552083 0.087963
0 0.453646 0.404398 0.0265625 0.0347222
0 0.650651 0.310648 0.0601562 0.121296
0 0.905208 0.51713 0.0255208 0.0638889
0 0.683073 0.183565 0.0354167 0.0958333
0 0.897786 0.706481 0.0200521 0.0314815
0 0.942187 0.646759 0.0151042 0.0416667
0 0.919531 0.453935 0.0255208 0.0634259
0 0.314974 0.620833 0.0419271 0.0527778
0 0.361198 0.22037 0.03125 0.0685185
0 0.590495 0.220139 0.0330729 0.0986111
0 0.63776 0.116204 0.0401042 0.0777778
0 0.669401 0.0148148 0.0294271 0.0796296
0 0.325 0.0773148 0.0291667 0.0592593
0 0.838411 0.565972 0.0294271 0.100463
0 0.719792 0.3 0.0385417 0.0611111
2 0.270182 0.23125 0.0539063 0.124537
2 0.252214 0.0689815 0.0361979 0.0962963
2 0.119271 0.308102 0.0442708 0.0949074
2 0.471094 0.315509 0.0557292 0.0763889
2 0.647656 0.75 0.0604167 0.148148
1 0.832161 0.268056 0.0320312 0.0574074
1 0.523438 0.0956018 0.0260417 0.0615741
1 0.239974 0.606713 0.0705729 0.105093
