0 0.656681 0.247197 0.058269 0.121670
2 0.270462 0.157677 0.065188 0.123656
0 0.718362 0.816265 0.068499 0.075676
2 0.656090 0.691150 0.075280 0.136256
0 0.361007 0.604627 0.042637 0.068616
0 0.687427 0.130969 0.034727 0.084323
0 0.165044 0.338002 0.064896 0.112809
0 0.843138 0.523322 0.035285 0.094756
0 0.219775 0.331690 0.054889 0.089135
2 0.479322 0.247285 0.041307 0.086387
0 0.416238 0.598021 0.059115 0.088856
0 0.028027 0.581189 0.056054 0.096117
0 0.596917 0.169173 0.035948 0.096575
2 0.115661 0.223314 0.057335 0.112113
0 0.642081 0.071608 0.048177 0.065527
0 0.354149 0.693542 0.041047 0.075174
0 0.361717 0.156513 0.034208 0.065447
0 0.911123 0.468423 0.027073 0.053259
0 0.925665 0.410133 0.028759 0.068275
0 0.458106 0.297669 0.036716 0.079507
1 0.064403 0.412461 0.062665 0.119911
2 0.443107 0.556688 0.034128 0.065130
1 0.242551 0.528574 0.071149 0.103712
0 0.905109 0.656749 0.022679 0.038165
0 0.722870 0.241974 0.042062 0.060055
0 0.316810 0.552556 0.034229 0.051164
0 0.363048 0.613927 0.051223 0.081716
0 0.915110 0.463373 0.027507 0.054778
1 0.836125 0.229173 0.029992 0.055070
