0 0.538802 0.498148 0.0479167 0.0925926
0 0.490625 0.56713 0.0802083 0.122222
0 0.486589 0.468981 0.0367187 0.0592593
0 0.814062 0.861343 0.0703125 0.0828704
0 0.344141 0.175231 0.0554687 0.099537
0 0.394401 0.188657 0.0533854 0.0856481
0 0.534635 0.0775463 0.034375 0.0615741
0 0.56862 0.0585648 0.0257812 0.0421296
0 0.205599 0.341898 0.0643229 0.13287
0 0.253906 0.20787 0.0567708 0.123148
0 0.0455729 0.278472 0.059375 0.105093
0 0.30599 0.916667 0.059375 0.106481
0 0.0320312 0.694213 0.0625 0.135648
0 0.818229 0.275 0.0572917 0.130556
0 0.866536 0.173843 0.0398437 0.0791667
0 0.822526 0.0949074 0.0455729 0.075
0 0.761719 0.169907 0.0359375 0.113889
0 0.86862 0.0418981 0.0268229 0.0837963
0 0.98724 0.622454 0.0255208 0.116204
0 0.45599 0.41875 0.0380208 0.0393519
0 0.610156 0.249074 0.0385417 0.0888889
2 0.309766 0.0657407 0.0565104 0.130556
2 0.636849 0.2 0.0361979 0.0907407
2 0.760807 0.696759 0.0627604 0.138889
2 0.454036 0.0571759 0.0544271 0.108796
1 0.396484 0.373611 0.0778646 0.115741
