0 0.320680 0.641398 0.046521 0.111754
0 0.767849 0.591842 0.067673 0.065023
1 0.398507 0.172209 0.049899 0.095366
0 0.521694 0.273623 0.047236 0.076960
0 0.055264 0.467424 0.082655 0.142988
0 0.777189 0.101825 0.051688 0.108523
0 0.463754 0.330884 0.031557 0.064892
2 0.721175 0.454460 0.058316 0.124083
0 0.477619 0.261196 0.034883 0.060414
0 0.926775 0.421321 0.033039 0.080505
2 0.133702 0.765743 0.042239 0.084111
0 0.230743 0.155278 0.045585 0.110107
0 0.592789 0.058002 0.038745 0.077566
0 0.503909 0.371302 0.035469 0.071176
0 0.826368 0.039966 0.033531 0.066694
0 0.276965 0.045588 0.046007 0.091176
0 0.481588 0.831054 0.031191 0.040224
1 0.968220 0.197199 0.030373 0.047930
0 0.371399 0.961040 0.047932 0.073007
0 0.972932 0.566480 0.021348 0.037180
0 0.354294 0.029160 0.041536 0.058320
0 0.732028 0.024289 0.027233 0.048578
0 0.451054 0.216452 0.025163 0.044793
0 0.375115 0.355099 0.043396 0.082224
0 0.082847 0.094306 0.045154 0.077544
0 0.484361 0.319278 0.046396 0.086099
