0 0.313135 0.596646 0.049637 0.110863
0 0.733638 0.447285 0.058513 0.066358
0 0.392316 0.896927 0.049783 0.077130
2 0.678779 0.319375 0.060825 0.116503
0 0.172330 0.141677 0.044664 0.109131
0 0.479258 0.185867 0.038204 0.074492
1 0.869056 0.054434 0.031665 0.052218
0 0.429271 0.254213 0.033380 0.065812
0 0.468230 0.285333 0.036268 0.066875
0 0.026692 0.493802 0.053383 0.115536
0 0.338480 0.299875 0.042970 0.070968
0 0.936281 0.225249 0.041061 0.078555
0 0.487358 0.739977 0.030013 0.039709
2 0.688826 0.688945 0.045786 0.094092
0 0.856935 0.263913 0.027689 0.066844
0 0.432326 0.184551 0.029100 0.046463
0 0.435270 0.184570 0.038208 0.055459
2 0.130557 0.768430 0.047409 0.086012
0 0.955514 0.360159 0.017650 0.041656
0 0.581430 0.976016 0.054194 0.047967
0 0.909633 0.383459 0.018031 0.033842
0 0.442311 0.193286 0.041508 0.064044
0 0.453578 0.227530 0.038939 0.068649
2 0.763841 0.513620 0.027855 0.057594
2 0.545899 0.572935 0.032592 0.067707
0 0.932165 0.234447 0.036012 0.069535
