0 0.316759 0.523248 0.056943 0.122479
0 0.768446 0.375401 0.067620 0.068980
0 0.402167 0.849337 0.052473 0.085509
0 0.504261 0.683830 0.032065 0.042798
0 0.497317 0.080261 0.050310 0.080008
2 0.709955 0.236809 0.067283 0.126139
0 0.608586 0.957235 0.053041 0.082560
0 0.441230 0.154009 0.036292 0.072656
0 0.485376 0.185483 0.037475 0.076527
0 0.971878 0.161260 0.041586 0.077931
0 0.446270 0.078622 0.030712 0.048379
0 0.894730 0.191648 0.028418 0.070241
0 0.344297 0.205260 0.046797 0.083684
2 0.115260 0.709084 0.051747 0.097672
0 0.449368 0.079071 0.038126 0.056327
0 0.015311 0.406820 0.030559 0.099659
0 0.463252 0.124515 0.049542 0.084679
