2 0.434138 0.480337 0.047358 0.146216
2 0.473902 0.906741 0.043673 0.105769
0 0.747858 0.744539 0.054800 0.081319
0 0.603546 0.173627 0.045520 0.123477
0 0.597739 0.491715 0.044591 0.081053
0 0.753995 0.935282 0.074773 0.127879
0 0.801178 0.873900 0.036590 0.058452
0 0.266849 0.810576 0.040445 0.071030
2 0.949222 0.590490 0.055842 0.136413
2 0.423349 0.196880 0.029125 0.076618
0 0.209361 0.167091 0.030193 0.081631
2 0.274733 0.102886 0.037094 0.086658
2 0.011479 0.124165 0.022791 0.103383
0 0.019398 0.482971 0.027298 0.055599
0 0.720583 0.445680 0.030166 0.044423
