0 0.763028 0.643389 0.058179 0.089295
0 0.772573 0.858254 0.088327 0.155686
0 0.277886 0.949143 0.054839 0.092127
0 0.822806 0.786309 0.038376 0.063987
2 0.427081 0.375914 0.051660 0.145208
2 0.469976 0.821689 0.045348 0.111938
0 0.607202 0.052138 0.044813 0.104277
0 0.245733 0.722819 0.046532 0.078263
0 0.602969 0.381503 0.048562 0.094179
2 0.978071 0.475748 0.043806 0.142408
0 0.737503 0.950938 0.053673 0.084491
2 0.415440 0.067753 0.028481 0.075245
1 0.293947 0.453926 0.044033 0.090354
0 0.254353 0.057424 0.044859 0.100700
