0 0.737568 0.570617 0.082721 0.147369
0 0.731035 0.379497 0.057028 0.086843
0 0.285284 0.660102 0.047823 0.101476
2 0.920789 0.806201 0.084604 0.136323
2 0.418152 0.151071 0.054265 0.159087
0 0.704474 0.661776 0.057516 0.081998
1 0.296186 0.223754 0.049647 0.089569
0 0.585296 0.157079 0.048947 0.083321
2 0.773374 0.930342 0.077213 0.131897
2 0.935085 0.242523 0.064192 0.149032
0 0.785645 0.510050 0.037468 0.062347
0 0.254796 0.469220 0.042412 0.076448
2 0.459499 0.551077 0.041485 0.108238
0 0.707633 0.107486 0.030609 0.043236
