0 0.576953 0.127778 0.0450521 0.10463
0 0.69401 0.0768519 0.0291667 0.0481481
0 0.716797 0.338426 0.0481771 0.0842593
0 0.721224 0.523843 0.0789063 0.150463
0 0.252214 0.42662 0.0492188 0.0810185
0 0.281641 0.612037 0.0476562 0.115741
0 0.691406 0.615741 0.0557292 0.0888889
0 0.76888 0.467824 0.0268229 0.0625
2 0.916406 0.214352 0.0588542 0.144444
2 0.416016 0.12338 0.0596354 0.136574
2 0.455208 0.509954 0.0359375 0.108796
2 0.75625 0.872222 0.0723958 0.132407
2 0.900781 0.742593 0.0734375 0.146296
