0 0.513151 0.0523148 0.0450521 0.10463
0 0.624479 0.00393519 0.0307292 0.050463
0 0.641146 0.247685 0.053125 0.0925926
0 0.644141 0.421759 0.0752604 0.143519
0 0.203776 0.334028 0.0492188 0.0810185
0 0.229167 0.507407 0.0453125 0.110185
0 0.617708 0.510185 0.0557292 0.0888889
0 0.689714 0.371065 0.0268229 0.0625
0 0.566276 0.896991 0.0502604 0.0708333
2 0.832292 0.131944 0.0588542 0.144444
2 0.364844 0.055787 0.0567708 0.130093
2 0.396224 0.412963 0.0341146 0.103704
2 0.677083 0.74213 0.0723958 0.132407
2 0.811849 0.629398 0.0700521 0.139352
