0 0.580294 0.434009 0.073138 0.135250
0 0.162986 0.509072 0.039748 0.102347
0 0.579114 0.261617 0.048369 0.078503
0 0.627452 0.380479 0.034328 0.054287
2 0.744649 0.647888 0.072222 0.125725
2 0.776641 0.132812 0.045061 0.131028
0 0.141836 0.338844 0.039779 0.074129
2 0.300337 0.061478 0.046033 0.122957
2 0.328919 0.415296 0.033839 0.101660
0 0.553850 0.521382 0.045669 0.076636
2 0.608841 0.772813 0.073947 0.136475
0 0.499146 0.911373 0.057238 0.108067
2 0.612247 0.759940 0.065227 0.107997
0 0.452965 0.054786 0.043093 0.090492
0 0.457019 0.894541 0.028628 0.068845
