0 0.440755 0.068287 0.0429688 0.099537
0 0.563021 0.274537 0.053125 0.0925926
0 0.561849 0.447454 0.0716146 0.136574
0 0.12526 0.340509 0.046875 0.0773148
0 0.143229 0.518519 0.0453125 0.110185
0 0.536198 0.541204 0.0557292 0.0888889
0 0.610286 0.401157 0.0268229 0.0625
0 0.472005 0.932639 0.0502604 0.0708333
2 0.760677 0.163426 0.0588542 0.144444
2 0.295703 0.0583333 0.0627604 0.143519
2 0.31263 0.423843 0.0346354 0.100463
2 0.589974 0.800463 0.0726563 0.152778
2 0.728906 0.672454 0.0666667 0.13287
