0 0.495899 0.521379 0.078611 0.138477
0 0.065853 0.563331 0.044484 0.105217
2 0.225052 0.091257 0.057959 0.168287
2 0.240764 0.479162 0.038851 0.109055
0 0.468168 0.610851 0.052948 0.085300
2 0.660419 0.768687 0.081344 0.131902
0 0.056898 0.381241 0.041561 0.080342
0 0.548123 0.470143 0.038270 0.055800
0 0.501263 0.338601 0.051946 0.077903
2 0.712678 0.223431 0.055215 0.140516
2 0.514509 0.891842 0.087235 0.169299
0 0.382337 0.109355 0.046065 0.093572
0 0.857058 0.043802 0.071083 0.078581
0 0.504222 0.071598 0.029050 0.043074
