0 0.450588 0.619060 0.083643 0.144752
0 0.414020 0.702003 0.055246 0.087481
0 0.045549 0.511053 0.044228 0.099510
0 0.510776 0.582326 0.044684 0.061612
0 0.479258 0.434279 0.057357 0.082801
2 0.246466 0.096254 0.056165 0.152792
2 0.722178 0.374694 0.048662 0.139468
0 0.903939 0.224651 0.079885 0.089724
0 0.391483 0.155718 0.043291 0.102004
0 0.062228 0.329791 0.037102 0.078214
2 0.213874 0.481237 0.037254 0.093855
2 0.433767 0.965952 0.101924 0.068096
0 0.517253 0.151157 0.027389 0.048026
2 0.588148 0.941944 0.081744 0.116112
