0 0.803608 0.106701 0.101255 0.152015
0 0.891167 0.184715 0.058844 0.070919
0 0.427764 0.457296 0.041464 0.091946
0 0.905223 0.349402 0.061957 0.068290
0 0.478892 0.711521 0.069109 0.096985
0 0.972703 0.383087 0.054594 0.124511
0 0.966823 0.278982 0.066353 0.136613
0 0.430687 0.161787 0.058159 0.074852
0 0.047380 0.348685 0.046918 0.086440
0 0.545349 0.363482 0.057305 0.085525
0 0.584449 0.332903 0.046793 0.089638
0 0.412868 0.813183 0.037460 0.086514
1 0.714555 0.746662 0.057892 0.091233
0 0.331265 0.284160 0.026976 0.049820
0 0.334779 0.475060 0.022005 0.041528
1 0.222473 0.639081 0.058169 0.103720
1 0.700550 0.697072 0.056440 0.079062
