0 0.397526 0.151852 0.0669271 0.0907407
0 0.29974 0.275 0.03125 0.062037
0 0.51224 0.354167 0.0614583 0.087963
0 0.393099 0.440509 0.0388021 0.099537
0 0.546354 0.32037 0.040625 0.0814815
0 0.766406 0.102315 0.0947917 0.178704
0 0.301042 0.462269 0.0260417 0.0421296
0 0.0244792 0.335648 0.0494792 0.0953704
0 0.441667 0.703472 0.0729167 0.113426
0 0.865495 0.339815 0.0559896 0.0712963
0 0.852083 0.173611 0.0541667 0.0731481
0 0.375 0.79375 0.0359375 0.0939815
0 0.933333 0.2625 0.0651042 0.14537
0 0.938802 0.370139 0.0609375 0.118056
1 0.661849 0.684028 0.0674479 0.075463
1 0.18763 0.626157 0.0575521 0.106944
1 0.678385 0.746065 0.0666667 0.118981
