0 0.301953 0.108565 0.0638021 0.0865741
0 0.207292 0.225463 0.0270833 0.0537037
0 0.39349 0.315972 0.0677083 0.0967593
0 0.278646 0.390741 0.0447917 0.100926
0 0.426432 0.286111 0.0388021 0.0777778
0 0.648438 0.0951389 0.0994792 0.1875
0 0.198437 0.404861 0.0260417 0.0421296
0 0.315495 0.645602 0.0695312 0.10787
0 0.747005 0.338426 0.0559896 0.0712963
0 0.745573 0.170833 0.0515625 0.0694444
0 0.261849 0.753935 0.0341146 0.0893519
0 0.81875 0.264352 0.0651042 0.14537
0 0.820313 0.376852 0.0640625 0.124074
1 0.528385 0.644444 0.046875 0.0685185
1 0.0807292 0.551389 0.0546875 0.101852
1 0.541667 0.709954 0.0604167 0.10787
