0 0.525785 0.255982 0.068884 0.136084
0 0.713154 0.754228 0.098053 0.142389
0 0.351945 0.076365 0.074679 0.138850
0 0.529319 0.365476 0.060960 0.122076
0 0.454207 0.329845 0.067745 0.062453
0 0.439853 0.164730 0.051756 0.069843
1 0.904752 0.375861 0.071952 0.152567
0 0.116148 0.293774 0.087016 0.114658
0 0.011816 0.379810 0.023249 0.095349
2 0.882400 0.521433 0.075657 0.131003
1 0.238828 0.660673 0.071342 0.128680
0 0.106452 0.301418 0.068773 0.093616
1 0.037692 0.100408 0.047219 0.075354
1 0.863285 0.408046 0.067920 0.087025
0 0.460498 0.327253 0.083448 0.077219
