0 0.344945 0.763807 0.074193 0.118836
0 0.953155 0.108677 0.076842 0.113228
0 0.205042 0.295256 0.055026 0.108231
2 0.902165 0.534023 0.082124 0.145359
0 0.034607 0.127108 0.068349 0.127706
2 0.602292 0.536156 0.056332 0.160251
1 0.500150 0.420133 0.066336 0.132156
2 0.902616 0.717271 0.101370 0.158096
0 0.210497 0.398889 0.051965 0.107111
2 0.801955 0.567721 0.075272 0.131137
2 0.725731 0.497759 0.078127 0.171916
0 0.110792 0.208327 0.035512 0.062708
0 0.125920 0.367306 0.034018 0.050586
2 0.599878 0.194497 0.052084 0.151456
2 0.501441 0.550014 0.056618 0.147965
2 0.644625 0.333958 0.078236 0.163347
