2 0.773867 0.750758 0.092354 0.157035
2 0.773642 0.570135 0.078937 0.140550
0 0.839368 0.169735 0.064683 0.105234
0 0.154144 0.435692 0.054514 0.101875
1 0.419998 0.462562 0.069760 0.121228
0 0.147763 0.338642 0.055221 0.099780
0 0.277039 0.789538 0.071433 0.116757
2 0.869399 0.556472 0.068436 0.124018
2 0.687888 0.600342 0.067298 0.135408
2 0.515884 0.254879 0.043570 0.169179
2 0.626624 0.544120 0.075564 0.156737
2 0.519911 0.567958 0.052772 0.137250
2 0.553836 0.381363 0.066205 0.133660
0 0.072502 0.405033 0.033432 0.051851
0 0.059137 0.258189 0.033778 0.066456
0 0.009421 0.190784 0.018637 0.107514
2 0.428565 0.577419 0.058767 0.147629
