0 0.40638 0.268981 0.0481771 0.100926
0 0.449089 0.240741 0.0273438 0.111111
0 0.616276 0.768287 0.0382813 0.0625
0 0.813802 0.628704 0.0744792 0.125926
2 0.397266 0.139583 0.0471354 0.147685
2 0.45026 0.127546 0.0442708 0.131019
2 0.400911 0.473148 0.0570313 0.125
2 0.122135 0.646528 0.0682292 0.120833
2 0.166146 0.524537 0.0447917 0.0703704
2 0.20651 0.740741 0.0572917 0.112037
2 0.0972656 0.794907 0.0559896 0.0953704
2 0.695833 0.450231 0.04375 0.0912037
2 0.847396 0.133796 0.0473958 0.143519
2 0.881771 0.145139 0.025 0.113426
1 0.722786 0.631944 0.10026 0.178704
1 0.782292 0.227315 0.0776042 0.143519
