1 0.302023 0.566919 0.084550 0.144579
2 0.678901 0.448653 0.053597 0.106706
0 0.382935 0.529751 0.069598 0.119878
2 0.368892 0.081675 0.040514 0.136606
0 0.219924 0.748649 0.044406 0.058235
2 0.403024 0.062116 0.028797 0.099142
2 0.974541 0.912062 0.050447 0.139865
0 0.768792 0.813200 0.094749 0.178929
1 0.323352 0.178073 0.059402 0.127734
0 0.798400 0.758088 0.097205 0.159166
2 0.266352 0.406047 0.037046 0.073831
0 0.786823 0.771138 0.121733 0.189085
2 0.275907 0.945968 0.042154 0.079318
0 0.411219 0.482988 0.028445 0.059733
0 0.777609 0.804105 0.121435 0.205027
