1 0.495054 0.178661 0.032404 0.064533
0 0.629733 0.303222 0.028867 0.111670
0 0.469554 0.263286 0.025793 0.084076
0 0.503916 0.456928 0.031861 0.090950
0 0.615498 0.475906 0.022938 0.084649
2 0.920842 0.905493 0.046614 0.126329
2 0.695287 0.593436 0.035495 0.121147
2 0.782563 0.912262 0.046682 0.146312
2 0.540219 0.225685 0.023881 0.099285
0 0.530540 0.061395 0.043736 0.094667
0 0.225951 0.046230 0.085219 0.092461
2 0.773020 0.174288 0.021908 0.082412
2 0.574940 0.232552 0.022642 0.086656
2 0.789978 0.055295 0.030028 0.110591
2 0.537981 0.231282 0.026037 0.125801
2 0.564433 0.032110 0.033856 0.064219
2 0.564939 0.354138 0.017846 0.101986
