0 0.504687 0.477778 0.0338542 0.0787037
0 0.611849 0.488889 0.0247396 0.0898148
0 0.627214 0.322454 0.0294271 0.118056
0 0.471224 0.277546 0.0273438 0.0856481
0 0.233594 0.0652778 0.090625 0.100926
0 0.53138 0.0831019 0.0486979 0.0958333
1 0.496615 0.198843 0.0354167 0.0652778
2 0.912891 0.91088 0.0445312 0.106019
2 0.776302 0.918056 0.0505208 0.163889
2 0.692839 0.60625 0.0367187 0.110648
2 0.564844 0.36713 0.0177083 0.101852
2 0.538542 0.248843 0.0270833 0.0865741
2 0.57526 0.251157 0.0291667 0.0976852
2 0.767708 0.19537 0.0239583 0.0805556
