1 0.495631 0.227906 0.033447 0.066661
0 0.609025 0.511839 0.022679 0.085956
0 0.503909 0.496075 0.030317 0.093061
0 0.623265 0.352126 0.026176 0.106716
0 0.471555 0.311706 0.027278 0.085624
2 0.899117 0.923610 0.041007 0.108140
0 0.236532 0.085003 0.088610 0.119824
0 0.530896 0.117697 0.037908 0.094313
2 0.560560 0.068206 0.036146 0.107321
2 0.684390 0.618587 0.030087 0.120386
2 0.538896 0.270712 0.023578 0.106197
2 0.768241 0.929437 0.037005 0.127035
2 0.776158 0.106293 0.026778 0.132030
2 0.512317 0.052785 0.028992 0.089943
2 0.759892 0.223098 0.022320 0.082470
2 0.571962 0.284446 0.022999 0.087789
2 0.642558 0.048529 0.042585 0.097059
2 0.562598 0.396434 0.019234 0.105165
