0 0.502923 0.566062 0.030515 0.086349
2 0.560313 0.136850 0.035068 0.092737
1 0.493704 0.292541 0.036506 0.065844
0 0.609891 0.586128 0.021301 0.081236
0 0.469419 0.383108 0.024932 0.088908
2 0.646634 0.095454 0.046413 0.143618
0 0.624260 0.426632 0.027208 0.101920
2 0.779408 0.173693 0.027220 0.121293
2 0.688576 0.701531 0.031422 0.125196
0 0.232799 0.140720 0.086900 0.120179
2 0.762614 0.300118 0.021622 0.090985
2 0.537774 0.342164 0.022626 0.102180
0 0.529052 0.183075 0.043182 0.098414
0 0.922903 0.053710 0.031035 0.083832
2 0.414191 0.050781 0.029677 0.093402
2 0.511718 0.121322 0.027428 0.081665
2 0.571600 0.353354 0.023095 0.085528
0 0.554538 0.069138 0.028245 0.063708
2 0.562374 0.472500 0.019915 0.102232
0 0.466022 0.152802 0.019879 0.070536
