0 0.502604 0.631944 0.0354167 0.0824074
0 0.61263 0.684954 0.0236979 0.0856481
0 0.627734 0.513194 0.0294271 0.118056
0 0.468229 0.4625 0.0302083 0.0944444
0 0.222135 0.217593 0.090625 0.100926
0 0.527865 0.262963 0.0442708 0.087037
0 0.9375 0.128009 0.0276042 0.0912037
0 0.433984 0.0282407 0.0419271 0.0564815
1 0.492448 0.371991 0.0390625 0.0717593
2 0.692318 0.775926 0.0403646 0.122222
2 0.560677 0.509722 0.0161458 0.0925926
2 0.537891 0.418056 0.0257812 0.0824074
2 0.573698 0.430787 0.0276042 0.0930556
2 0.771875 0.38287 0.0229167 0.0768519
2 0.786719 0.255324 0.0328125 0.124537
2 0.559896 0.208333 0.0364583 0.0861111
2 0.530729 0.179167 0.0182292 0.0527778
2 0.51237 0.186111 0.0335938 0.109259
2 0.65 0.178241 0.0583333 0.143519
2 0.410677 0.115972 0.0322917 0.0893519
