0 0.614172 0.721766 0.022794 0.080921
1 0.491174 0.404562 0.033236 0.069054
0 0.500892 0.693130 0.031843 0.087047
0 0.627978 0.554156 0.026966 0.105778
0 0.466404 0.496794 0.026483 0.092901
2 0.790839 0.289098 0.025896 0.119170
2 0.650391 0.206970 0.050387 0.150484
2 0.695701 0.841975 0.033807 0.125876
2 0.559678 0.238327 0.033901 0.096394
0 0.430703 0.037133 0.041444 0.074266
2 0.407885 0.141432 0.026959 0.092279
0 0.942572 0.158324 0.030653 0.097301
0 0.530575 0.293831 0.047022 0.100468
2 0.774953 0.417576 0.020486 0.085061
0 0.216946 0.238480 0.095940 0.130470
2 0.573314 0.471489 0.023143 0.087308
2 0.511507 0.217931 0.028429 0.120651
2 0.694311 0.832346 0.025466 0.111487
2 0.536956 0.441405 0.020339 0.084803
0 0.517582 0.071035 0.039212 0.066187
0 0.553953 0.172616 0.023409 0.062192
2 0.306211 0.086807 0.045891 0.095351
0 0.562230 0.044257 0.062365 0.088514
2 0.565534 0.608218 0.018345 0.093459
2 0.699923 0.851874 0.036047 0.119713
