1 0.489724 0.505430 0.035091 0.066009
0 0.464340 0.604646 0.025688 0.093305
0 0.633538 0.666390 0.029426 0.105001
0 0.530281 0.394452 0.046266 0.101554
0 0.618829 0.847317 0.022319 0.090146
0 0.500828 0.808474 0.033287 0.089454
0 0.562633 0.089178 0.065989 0.156223
2 0.654885 0.310527 0.054251 0.162893
0 0.429451 0.110627 0.045850 0.104022
2 0.561195 0.334311 0.034678 0.104282
0 0.958852 0.255606 0.033337 0.088611
0 0.207985 0.325417 0.100700 0.134452
2 0.801889 0.397891 0.025279 0.128137
2 0.509778 0.324738 0.029119 0.111373
2 0.402963 0.231689 0.029088 0.103734
2 0.171025 0.092117 0.052959 0.105513
2 0.785806 0.531025 0.022869 0.091743
0 0.518170 0.169192 0.040262 0.083873
2 0.576265 0.582672 0.023533 0.086019
2 0.537001 0.543869 0.019869 0.073827
2 0.702988 0.953846 0.030829 0.092308
0 0.555644 0.270308 0.022873 0.055196
2 0.566202 0.717487 0.019138 0.114371
2 0.565770 0.721802 0.016851 0.088617
2 0.533311 0.604756 0.016392 0.061487
2 0.293341 0.171504 0.038208 0.104175
