0 0.512046 0.822419 0.031982 0.089861
0 0.631296 0.866104 0.024883 0.081859
1 0.503539 0.518179 0.035847 0.069300
0 0.444682 0.120671 0.045611 0.107181
2 0.672431 0.321360 0.051734 0.160407
0 0.578523 0.097977 0.066744 0.165144
2 0.575994 0.349331 0.030816 0.091402
2 0.819195 0.413904 0.028060 0.131536
0 0.543257 0.409842 0.047767 0.105608
0 0.476575 0.616712 0.028938 0.091274
2 0.588295 0.597372 0.022693 0.088492
0 0.646547 0.686583 0.028083 0.108733
2 0.801959 0.550908 0.022693 0.088607
2 0.417446 0.242807 0.027682 0.104081
2 0.524415 0.333607 0.027505 0.101807
0 0.979179 0.275514 0.035407 0.090123
0 0.219283 0.331338 0.100698 0.134818
2 0.182779 0.089814 0.053314 0.100096
2 0.549771 0.553415 0.019271 0.069461
0 0.531495 0.172923 0.036900 0.064630
2 0.578570 0.741223 0.021631 0.102959
2 0.311115 0.179298 0.043430 0.104269
0 0.570332 0.285793 0.024607 0.057230
0 0.532369 0.182068 0.044932 0.089648
2 0.602493 0.269129 0.027567 0.090415
2 0.714585 0.963963 0.030536 0.072073
2 0.548014 0.621582 0.015673 0.049016
