0 0.520312 0.81713 0.0307292 0.0712963
0 0.638932 0.879398 0.0236979 0.0856481
0 0.658984 0.696296 0.0309896 0.124074
0 0.489062 0.617593 0.0302083 0.0944444
0 0.238932 0.337731 0.0950521 0.106019
0 0.557292 0.412731 0.0510417 0.100463
0 0.464583 0.115278 0.0463542 0.102778
0 0.550391 0.178472 0.0330729 0.0865741
0 0.599479 0.103009 0.0630208 0.135648
1 0.516276 0.519907 0.0372396 0.0685185
2 0.723307 1 0.0403646 0.122222
2 0.559635 0.621759 0.0161458 0.0518519
2 0.561719 0.566667 0.0244792 0.0787037
2 0.602865 0.600231 0.0291667 0.0976852
2 0.817969 0.573148 0.0229167 0.0768519
2 0.830208 0.43912 0.0328125 0.124537
2 0.592448 0.352315 0.0364583 0.0861111
2 0.561328 0.335648 0.0210938 0.0611111
2 0.537891 0.34537 0.0351563 0.114815
2 0.690755 0.339352 0.0611979 0.150926
2 0.436198 0.234028 0.0322917 0.0893519
2 0.209375 0.0793981 0.0489583 0.101389
2 0.32474 0.16875 0.0296875 0.0976852
