0 0.540834 0.953738 0.043639 0.084843
1 0.554173 0.628577 0.035891 0.070442
0 0.605081 0.530657 0.051990 0.097166
0 0.526673 0.207870 0.049476 0.115477
0 0.518651 0.730068 0.027690 0.092289
0 0.669879 0.216453 0.067867 0.172212
2 0.750827 0.478999 0.064863 0.148569
2 0.644667 0.474928 0.034860 0.089843
0 0.696390 0.856823 0.036548 0.104883
1 0.339379 0.044904 0.035444 0.089808
0 0.284533 0.368590 0.098871 0.147527
2 0.488241 0.307806 0.026419 0.088925
2 0.639947 0.741927 0.026312 0.085748
2 0.908204 0.606946 0.027343 0.137783
2 0.600077 0.676600 0.026002 0.077976
2 0.875221 0.762501 0.024112 0.089922
1 0.644637 0.089590 0.057083 0.093532
2 0.592626 0.751276 0.016369 0.053649
0 0.612071 0.292560 0.047060 0.094663
2 0.616875 0.902976 0.019904 0.087349
2 0.589283 0.452382 0.032213 0.104553
2 0.270356 0.114419 0.041298 0.104199
2 0.383857 0.226386 0.037959 0.099432
0 0.643329 0.418126 0.030927 0.083829
0 0.612497 0.303252 0.055585 0.114085
2 0.612765 0.452410 0.021422 0.083499
2 0.679528 0.394980 0.029563 0.091419
2 0.379268 0.226092 0.026041 0.097076
2 0.904471 0.612599 0.033179 0.156353
