0 0.678969 0.348871 0.074949 0.182559
0 0.528644 0.327475 0.053020 0.119609
0 0.610995 0.679372 0.057069 0.100185
1 0.333056 0.139271 0.036816 0.098025
1 0.557500 0.773777 0.035555 0.073825
2 0.654490 0.611766 0.037022 0.090899
2 0.765563 0.627286 0.068497 0.150542
1 0.653824 0.208165 0.067048 0.108143
2 0.596866 0.591459 0.035205 0.109747
0 0.272861 0.492188 0.107039 0.160222
2 0.488811 0.430057 0.026690 0.095209
2 0.931154 0.771900 0.035779 0.159715
0 0.615594 0.435437 0.059248 0.126016
2 0.648103 0.903091 0.034799 0.096909
2 0.260668 0.207082 0.036203 0.098206
1 0.482100 0.051093 0.048919 0.102187
2 0.367621 0.108137 0.028111 0.045886
0 0.519725 0.879556 0.027698 0.096162
2 0.607243 0.819762 0.023058 0.088155
0 0.652539 0.554197 0.030566 0.077880
2 0.375482 0.336783 0.036804 0.094425
0 0.617681 0.418762 0.047602 0.094766
2 0.400009 0.034797 0.028336 0.069594
2 0.901002 0.935090 0.026022 0.091489
2 0.621472 0.594273 0.022472 0.080537
2 0.459914 0.082679 0.033488 0.078337
2 0.599250 0.910531 0.019221 0.055295
2 0.687384 0.525322 0.033811 0.098386
