1 0.805293 0.560210 0.075482 0.139565
1 0.445882 0.348263 0.035810 0.089705
2 0.527678 0.246477 0.029063 0.088255
1 0.623115 0.287957 0.052150 0.139786
0 0.645993 0.646588 0.059725 0.131952
0 0.826990 0.748877 0.102564 0.206752
2 0.483637 0.319327 0.031539 0.060701
0 0.351900 0.710187 0.105627 0.207897
2 0.588980 0.729221 0.031028 0.095454
0 0.743201 0.819247 0.075965 0.158136
2 0.589720 0.329639 0.032232 0.081053
2 0.467113 0.570942 0.021935 0.095116
2 0.362302 0.385601 0.034764 0.101024
2 0.517769 0.147999 0.026483 0.101258
2 0.495141 0.597857 0.026759 0.062373
