0 0.358203 0.774537 0.0997396 0.193519
0 0.663021 0.726852 0.0677083 0.149074
0 0.764714 0.910185 0.0747396 0.149074
0 0.850651 0.838889 0.0981771 0.207407
1 0.638411 0.349537 0.0528646 0.139815
1 0.827604 0.640046 0.0770833 0.154167
1 0.452604 0.407639 0.0369792 0.0921296
2 0.479818 0.634259 0.0221354 0.087037
2 0.36901 0.441667 0.0375 0.112037
2 0.53724 0.306713 0.0296875 0.0893519
2 0.604427 0.79537 0.0234375 0.110185
2 0.491927 0.374074 0.034375 0.0611111
2 0.505469 0.662963 0.0307292 0.0509259
2 0.600781 0.391667 0.0401042 0.0861111
