0 0.367839 0.988426 0.0997396 0.193519
0 0.707161 0.983796 0.0815104 0.149074
0 0.351042 0.025463 0.0427083 0.05
1 0.883594 0.905324 0.0848958 0.169907
1 0.671484 0.564583 0.0570313 0.147685
1 0.466927 0.604398 0.0385417 0.0912037
1 0.739974 0.0222222 0.0361979 0.100926
2 0.496224 0.852778 0.0200521 0.0787037
2 0.376953 0.619444 0.0393229 0.117593
2 0.558854 0.494676 0.03125 0.0939815
2 0.509115 0.560648 0.0380208 0.0675926
2 0.527604 0.908565 0.0322917 0.0532407
2 0.63125 0.600231 0.0442708 0.0949074
2 0.547135 0.37037 0.0380208 0.115741
