2 0.559483 0.503216 0.031904 0.097995
1 0.469505 0.610047 0.036800 0.086659
1 0.673355 0.573090 0.058490 0.142289
2 0.512949 0.569598 0.037189 0.073898
2 0.632283 0.609335 0.039404 0.102354
2 0.496390 0.863132 0.021455 0.085041
2 0.377356 0.621571 0.031455 0.096402
1 0.887872 0.912271 0.089985 0.167056
1 0.745835 0.045843 0.056397 0.091687
2 0.545508 0.366945 0.036338 0.114747
0 0.351110 0.028246 0.038695 0.056493
0 0.360497 0.947382 0.093504 0.105236
2 0.530194 0.920213 0.033889 0.065761
2 0.977650 0.885909 0.044701 0.126858
0 0.704845 0.964091 0.070833 0.071818
