1 0.470883 0.607294 0.037661 0.091841
1 0.674406 0.569813 0.059785 0.143689
2 0.513353 0.565794 0.037409 0.074053
2 0.632564 0.606498 0.040500 0.103935
2 0.559815 0.498605 0.030848 0.089256
2 0.497261 0.857429 0.021002 0.077992
2 0.377709 0.618901 0.031933 0.096677
1 0.888355 0.909574 0.090812 0.169021
1 0.745297 0.044000 0.053815 0.087999
2 0.547246 0.367703 0.033643 0.110426
0 0.359997 0.945319 0.096081 0.109362
0 0.352100 0.027282 0.038565 0.054564
2 0.530069 0.913332 0.033901 0.069668
2 0.978447 0.882049 0.043106 0.126053
0 0.705361 0.961671 0.073604 0.076657
