0 0.372656 1 0.115625 0.224074
0 0.709115 0.988657 0.0776042 0.14213
0 0.352604 0.0166667 0.040625 0.062037
1 0.888411 0.909954 0.0893229 0.178241
1 0.675 0.571528 0.0598958 0.155093
1 0.469401 0.607407 0.0367187 0.087037
1 0.745052 0.0238426 0.0380208 0.106019
2 0.498568 0.857407 0.0221354 0.087037
2 0.377604 0.61875 0.0322917 0.0967593
2 0.561589 0.497222 0.0283854 0.0851852
2 0.511849 0.564583 0.0398437 0.0708333
2 0.530208 0.913657 0.0338542 0.0560185
2 0.634635 0.604398 0.0442708 0.0949074
2 0.54974 0.373611 0.0380208 0.115741
