0 0.341565 0.729748 0.064108 0.123735
0 0.120964 0.462679 0.057402 0.138110
2 0.361905 0.334246 0.039308 0.126088
1 0.171516 0.217688 0.071956 0.167843
0 0.221852 0.242825 0.049788 0.123387
0 0.443032 0.092401 0.039569 0.112720
2 0.070693 0.296080 0.079940 0.110751
2 0.090823 0.055518 0.048464 0.104067
2 0.084693 0.224638 0.049194 0.110197
0 0.193522 0.052386 0.037794 0.070653
2 0.073489 0.326564 0.061169 0.091962
2 0.035784 0.396017 0.070577 0.144545
2 0.883855 0.870117 0.044741 0.084006
2 0.083190 0.707944 0.055101 0.086582
2 0.031820 0.378919 0.063640 0.130812
