0 0.334635 0.846528 0.0598958 0.122685
0 0.107943 0.555093 0.0627604 0.141667
0 0.211589 0.328241 0.0497396 0.131481
0 0.442187 0.187269 0.0354167 0.1125
0 0.184766 0.13287 0.0361979 0.0712963
0 0.324219 0.0622685 0.0401042 0.1125
1 0.159766 0.302546 0.0700521 0.180093
2 0.0303385 0.490509 0.0596354 0.155093
2 0.357552 0.430324 0.0421875 0.118981
2 0.0548177 0.375926 0.0700521 0.117593
2 0.0785156 0.328472 0.0424479 0.118981
2 0.0760417 0.134954 0.0489583 0.1125
2 0.119401 0.100926 0.0544271 0.119444
