1 0.156642 0.334034 0.076032 0.179680
0 0.182347 0.159993 0.037112 0.070176
2 0.356114 0.458633 0.039513 0.126005
0 0.322656 0.089674 0.040352 0.119078
0 0.208898 0.354149 0.050400 0.127724
0 0.103589 0.585766 0.059716 0.141078
0 0.441835 0.213253 0.039459 0.113855
0 0.332211 0.885895 0.063702 0.122007
2 0.165251 0.089597 0.041051 0.091524
2 0.072335 0.160359 0.051989 0.113393
2 0.051793 0.401844 0.081545 0.125679
2 0.113401 0.116977 0.060450 0.122798
2 0.028081 0.520778 0.055606 0.157551
2 0.065568 0.058724 0.046638 0.093770
2 0.058592 0.666124 0.032939 0.071343
2 0.065863 0.352424 0.055820 0.138649
2 0.057914 0.445095 0.066411 0.106731
