0 0.333333 0.901852 0.0661458 0.135185
0 0.102865 0.600694 0.0567708 0.128241
0 0.208464 0.368519 0.0497396 0.131481
0 0.441146 0.232407 0.0322917 0.101852
0 0.181901 0.171296 0.0361979 0.0712963
0 0.323177 0.0983796 0.0401042 0.1125
0 0.528646 0.0847222 0.0260417 0.0731481
1 0.155469 0.344444 0.0734375 0.188889
1 0.14349 0.0328704 0.05625 0.0592593
2 0.0283854 0.537731 0.0567708 0.147685
2 0.357031 0.471296 0.0442708 0.125
2 0.049349 0.416667 0.0700521 0.117593
2 0.072526 0.368981 0.0445312 0.125
2 0.0714844 0.17338 0.0466146 0.106944
2 0.115234 0.138889 0.0544271 0.119444
2 0.163802 0.0946759 0.0390625 0.0875
