0 0.179630 0.200497 0.035049 0.069535
2 0.356617 0.502589 0.038246 0.124526
2 0.067266 0.201883 0.050687 0.117133
0 0.206933 0.397479 0.051880 0.130666
0 0.100016 0.634597 0.060522 0.142448
0 0.322173 0.128877 0.042287 0.123998
1 0.152468 0.378211 0.076008 0.182513
0 0.443118 0.258403 0.039555 0.117271
2 0.161807 0.123855 0.041743 0.098837
2 0.110877 0.160255 0.059108 0.128171
2 0.045382 0.447654 0.076307 0.114541
0 0.331693 0.935760 0.062248 0.119444
2 0.024946 0.567093 0.048894 0.159329
2 0.061119 0.097181 0.048139 0.103635
2 0.061871 0.390425 0.051637 0.127795
2 0.054075 0.715296 0.035619 0.072748
1 0.142878 0.046814 0.056058 0.093628
1 0.091333 0.035384 0.042667 0.070768
