0 0.0772135 0.751389 0.0627604 0.141667
0 0.186198 0.502546 0.0520833 0.138426
0 0.432161 0.362269 0.0372396 0.118056
0 0.15625 0.295833 0.0380208 0.075
0 0.304427 0.217361 0.0421875 0.118056
0 0.522005 0.207407 0.0273438 0.0768519
0 0.0627604 0.111111 0.0442708 0.0842593
1 0.13112 0.484954 0.0773437 0.198611
1 0.113802 0.146296 0.05625 0.0592593
2 0 0.672454 0.0567708 0.147685
2 0.344531 0.609028 0.0421875 0.118981
2 0.0341146 0.51875 0.0666667 0.111574
2 0.0415365 0.505324 0.0424479 0.118981
2 0.0395833 0.305324 0.0489583 0.1125
2 0.0846354 0.264815 0.0598958 0.131481
2 0.138151 0.214815 0.0429688 0.0962963
2 0.0332031 0.183333 0.0497396 0.0851852
2 0.816406 0.167593 0.0520833 0.112037
