0 0.206558 0.532743 0.039290 0.088214
2 0.087177 0.550865 0.058638 0.145143
0 0.103514 0.312328 0.051815 0.096629
2 0.186857 0.442028 0.049342 0.103799
0 0.197026 0.167545 0.053911 0.120139
0 0.502823 0.605917 0.048429 0.122868
1 0.182214 0.737826 0.080506 0.199945
2 0.409023 0.855369 0.041312 0.119215
2 0.130286 0.496381 0.063282 0.146103
1 0.158696 0.355407 0.057347 0.069143
0 0.240033 0.743353 0.060498 0.147409
0 0.363556 0.446787 0.041435 0.124605
2 0.072900 0.405331 0.059336 0.117042
2 0.669414 0.163630 0.089006 0.193099
0 0.598035 0.450114 0.033167 0.092997
2 0.090894 0.212836 0.048872 0.086276
0 0.163176 0.303669 0.059704 0.080941
0 0.166407 0.227218 0.042588 0.064569
2 0.920689 0.426415 0.059827 0.123757
2 0.660303 0.365229 0.068349 0.120316
2 0.068618 0.808782 0.105210 0.113393
0 0.130184 0.966417 0.059304 0.067166
2 0.079111 0.746106 0.069046 0.109387
2 0.036212 0.923151 0.072425 0.143058
2 0.063601 0.824240 0.117657 0.154787
2 0.852313 0.453091 0.070049 0.104664
0 0.161332 0.301442 0.045753 0.066901
2 0.065900 0.781135 0.105144 0.173974
0 0.073376 0.405602 0.058165 0.119426
