0 0.261458 0.760185 0.0604167 0.160185
0 0.515625 0.63912 0.0536458 0.118056
0 0.229297 0.560417 0.0460938 0.0912037
0 0.38099 0.482176 0.0421875 0.118056
0 0.60651 0.490741 0.0333333 0.0935185
0 0.127474 0.352083 0.0486979 0.0930556
0 0.21901 0.206713 0.0552083 0.121759
0 0.188021 0.262037 0.0359375 0.0555556
1 0.20625 0.756481 0.09375 0.208333
1 0.180469 0.389815 0.05625 0.0592593
1 0.251563 0.050463 0.0427083 0.114815
2 0.424479 0.875694 0.0401042 0.113426
2 0.0986979 0.803472 0.0880208 0.168056
2 0.115365 0.581713 0.0567708 0.130093
2 0.147396 0.536111 0.0729167 0.160185
2 0.209766 0.473148 0.0429688 0.0962963
2 0.10026 0.4375 0.0604167 0.103704
2 0.918099 0.474537 0.0632813 0.136111
2 0.116146 0.258565 0.05625 0.0884259
2 0.854427 0.473843 0.0713542 0.127315
2 0.667839 0.40625 0.0783854 0.124537
2 0.678125 0.212963 0.0796875 0.194444
0 0.186589 0.337731 0.0559896 0.0800926
