0 0.43763 0.794676 0.0466146 0.0949074
0 0.702344 0.670602 0.0536458 0.118056
0 0.404687 0.586806 0.0338542 0.0726852
0 0.554688 0.502315 0.0442708 0.106481
0 0.810417 0.503009 0.0328125 0.0662037
0 0.288281 0.371759 0.0442708 0.0842593
0 0.377344 0.227315 0.0526042 0.115741
0 0.33763 0.284722 0.0377604 0.0583333
1 0.385938 0.775463 0.0739583 0.168519
1 0.342318 0.406481 0.0539063 0.0694444
1 0.177083 0.531482 0.0442708 0.108333
1 0.403646 0.0578704 0.046875 0.136111
2 0.599089 0.901157 0.0382813 0.10787
2 0.285807 0.77662 0.0460938 0.0921296
2 0.294922 0.605787 0.0565104 0.129167
2 0.335938 0.561806 0.040625 0.104167
2 0.376432 0.494213 0.0497396 0.111574
2 0.264714 0.453472 0.0575521 0.0986111
2 0.262891 0.271528 0.0591146 0.0930556
2 0.873438 0.424306 0.090625 0.143981
2 0.869141 0.237037 0.0950521 0.209259
2 0.265625 0.875 0.08125 0.133333
2 0.121615 0.930556 0.0875 0.137037
0 0.347786 0.36088 0.0533854 0.0763889
