2 0.364213 0.610309 0.058271 0.126359
2 0.406244 0.562355 0.046669 0.113727
1 0.453656 0.784425 0.078746 0.177238
0 0.351564 0.375323 0.044661 0.084873
2 0.442420 0.500481 0.045148 0.106967
0 0.439223 0.231198 0.052343 0.112946
0 0.471386 0.592760 0.037105 0.080754
2 0.669175 0.908778 0.040337 0.101457
0 0.624070 0.506602 0.050371 0.123132
0 0.407738 0.289121 0.038994 0.067061
0 0.503037 0.796179 0.047838 0.123768
2 0.355989 0.786093 0.049175 0.101194
0 0.784534 0.671249 0.063777 0.108718
1 0.460507 0.065529 0.050900 0.131058
1 0.232971 0.539031 0.044242 0.102255
2 0.322591 0.276612 0.046650 0.089140
2 0.330688 0.884559 0.092800 0.133138
2 0.922262 0.271221 0.062924 0.141556
2 0.961986 0.205849 0.065471 0.139089
1 0.402137 0.414961 0.052347 0.061558
2 0.326347 0.454962 0.052623 0.098411
2 0.954180 0.438948 0.068924 0.123896
0 0.548406 0.049231 0.050127 0.098463
2 0.335794 0.487984 0.042686 0.088312
2 0.334162 0.474475 0.049379 0.104904
0 0.249461 0.733904 0.028794 0.050051
2 0.927764 0.261945 0.080317 0.171014
0 0.410232 0.368029 0.054976 0.083348
2 0.947404 0.232444 0.097491 0.203338
2 0.250499 0.905715 0.035665 0.076781
1 0.464933 0.054325 0.046082 0.108650
1 0.411024 0.370460 0.059650 0.088737
