0 0.522526 0.806481 0.0513021 0.10463
0 0.804818 0.67338 0.0638021 0.105093
0 0.488411 0.598148 0.0356771 0.0759259
0 0.641667 0.51412 0.0463542 0.111574
0 0.914193 0.514815 0.0361979 0.0731481
0 0.366927 0.382176 0.0421875 0.0800926
0 0.453776 0.235648 0.0580729 0.127778
0 0.420312 0.291204 0.0411458 0.0611111
1 0.472917 0.788194 0.0776042 0.177315
1 0.420182 0.415741 0.0539063 0.0694444
1 0.25026 0.54213 0.0401042 0.0981481
1 0.479297 0.0694444 0.0445312 0.12963
2 0.683203 0.915509 0.0382813 0.10787
2 0.370052 0.787731 0.0484375 0.0967593
2 0.38099 0.617361 0.059375 0.135648
2 0.422396 0.573611 0.0447917 0.114815
2 0.457682 0.503935 0.0523437 0.11713
2 0.344922 0.463657 0.0575521 0.0986111
2 0.334766 0.278935 0.0591146 0.0930556
2 0.974479 0.421528 0.1 0.158796
2 0.963411 0.249537 0.0950521 0.209259
2 0.34974 0.889815 0.0854167 0.139815
2 0.194661 0.942361 0.0919271 0.143981
