0 0.567448 0.990046 0.0338542 0.0726852
0 0.754297 0.899074 0.0585938 0.114815
0 0.426432 0.713657 0.0486979 0.0930556
0 0.525781 0.544676 0.0552083 0.121759
0 0.486198 0.601389 0.0453125 0.0675926
0 0.659766 0.331713 0.0710938 0.143056
1 0.48724 0.748611 0.0692708 0.087963
1 0.289323 0.87662 0.0421875 0.103241
1 0.79349 0.156713 0.0734375 0.0847222
1 0.657812 0.0703704 0.0416667 0.0842593
1 0.545052 0.352083 0.0541667 0.135648
2 0.438151 0.994907 0.0721354 0.164815
2 0.497917 0.947454 0.040625 0.104167
2 0.533203 0.871296 0.0549479 0.123148
2 0.398307 0.804861 0.0575521 0.0986111
2 0.385938 0.573611 0.0536458 0.0842593
2 0.408854 0.871065 0.0296875 0.0699074
2 0.920443 0.336574 0.0408854 0.087963
