0 0.484216 0.560396 0.078091 0.153622
1 0.644383 0.189411 0.074674 0.133802
1 0.374581 0.669756 0.062349 0.163233
0 0.423965 0.893657 0.053519 0.129375
1 0.546468 0.282278 0.060139 0.110994
2 0.710241 0.357535 0.045747 0.095329
1 0.394662 0.299252 0.043930 0.112136
1 0.737765 0.076418 0.083778 0.152836
2 0.354136 0.067923 0.040970 0.078718
2 0.945684 0.466290 0.101241 0.236018
2 0.148102 0.138817 0.037288 0.115047
0 0.220605 0.033469 0.058386 0.066938
0 0.395796 0.966615 0.044929 0.066770
0 0.736061 0.972178 0.048411 0.055644
