2 0.426890 0.358445 0.051200 0.092506
1 0.775340 0.549144 0.082116 0.141820
1 0.587211 0.259851 0.030884 0.083941
1 0.496977 0.255346 0.039847 0.068800
1 0.655637 0.640415 0.068313 0.120709
1 0.887396 0.409560 0.085067 0.196558
2 0.850798 0.744045 0.049279 0.099429
2 0.437225 0.088746 0.041969 0.122533
0 0.525307 0.148419 0.072318 0.154594
0 0.270146 0.253529 0.053416 0.106092
1 0.479312 0.655774 0.047407 0.107347
0 0.594928 0.957856 0.095789 0.084287
2 0.191914 0.393066 0.028747 0.095644
0 0.383645 0.867004 0.038414 0.054128
0 0.185860 0.058777 0.033812 0.074857
0 0.556663 0.028440 0.044360 0.056881
