0 0.29349 0.327083 0.0526042 0.10787
0 0.555729 0.228472 0.0744792 0.179167
0 0.60625 0.0555556 0.071875 0.0962963
1 0.701693 0.759259 0.0700521 0.119444
1 0.517969 0.77037 0.0338542 0.112037
1 0.526823 0.344676 0.04375 0.0717593
1 0.826823 0.670139 0.0854167 0.152315
1 0.93737 0.526389 0.0950521 0.205556
1 0.621875 0.347917 0.0333333 0.0736111
2 0.906901 0.876852 0.0408854 0.087963
2 0.454688 0.448843 0.0572917 0.0865741
2 0.213932 0.455093 0.0356771 0.108333
2 0.466276 0.165509 0.0497396 0.133796
2 0.38763 0.199074 0.0440104 0.0703704
0 0.202214 0.116667 0.0320312 0.0638889
