1 0.846457 0.728231 0.078985 0.147271
1 0.532780 0.381111 0.044247 0.075692
2 0.461832 0.491095 0.058930 0.112413
0 0.294846 0.357250 0.054598 0.111914
0 0.562612 0.263058 0.077709 0.177683
1 0.631374 0.390925 0.034224 0.085281
2 0.470955 0.194961 0.042389 0.126170
1 0.713232 0.815406 0.078667 0.140932
0 0.614309 0.082569 0.066379 0.120471
1 0.521905 0.830541 0.057354 0.115084
2 0.213943 0.507951 0.030131 0.098771
2 0.394293 0.237125 0.038652 0.089781
2 0.923147 0.932114 0.043803 0.094756
0 0.206810 0.149354 0.032798 0.071454
1 0.959256 0.574763 0.081488 0.189107
