1 0.613410 0.552131 0.035262 0.091310
1 0.866346 0.879932 0.092034 0.159062
1 0.509194 0.559001 0.046037 0.086833
2 0.446132 0.698146 0.075633 0.139347
0 0.249950 0.566499 0.058146 0.129084
2 0.349119 0.429457 0.039134 0.121917
1 0.742546 0.964138 0.086590 0.071724
0 0.563933 0.231254 0.074371 0.148780
2 0.425026 0.366113 0.041464 0.127597
0 0.532728 0.426062 0.067495 0.172299
2 0.208289 0.164367 0.023489 0.073801
0 0.131431 0.363856 0.038121 0.089185
2 0.169885 0.756016 0.038952 0.125238
1 0.962332 0.697303 0.075336 0.237396
