1 0.867029 0.880161 0.094925 0.152983
1 0.613711 0.553126 0.034523 0.089306
2 0.445890 0.700198 0.072965 0.131240
1 0.509559 0.560643 0.044855 0.087670
2 0.349414 0.432113 0.038335 0.119765
0 0.249072 0.569893 0.059493 0.129419
0 0.563234 0.232719 0.073178 0.147768
1 0.743294 0.963982 0.087766 0.072035
2 0.424874 0.366949 0.041602 0.122923
2 0.208151 0.165843 0.023271 0.071227
0 0.532764 0.430766 0.070968 0.168538
2 0.170654 0.758908 0.037262 0.121864
0 0.131525 0.365735 0.037855 0.086815
1 0.967284 0.684311 0.065432 0.211188
