0 0.0395833 0.707639 0.0776042 0.118981
0 0.0154948 0.89213 0.0986979 0.176852
0 0.696094 0.331944 0.0942708 0.175926
0 0.395703 0.0608796 0.0627604 0.201389
1 0.284896 0.19537 0.084375 0.171296
2 0.379948 0.750232 0.0973958 0.202315
2 0.46224 0.244907 0.09375 0.219444
2 0.531641 0.375926 0.0591146 0.162037
2 0.196745 0.219444 0.0539063 0.167593
2 0.616146 0.319676 0.065625 0.14213
2 0.953776 0.858796 0.0736979 0.14537
0 0.633333 0.201389 0.0557292 0.103704
0 0.337891 0.377315 0.0533854 0.142593
