0 0.677292 0.395605 0.094720 0.172192
2 0.358974 0.831738 0.110854 0.209166
1 0.263263 0.278809 0.085423 0.196057
0 0.323530 0.446497 0.048874 0.138849
0 0.029425 0.785024 0.055430 0.137436
2 0.438368 0.313531 0.096746 0.237844
0 0.367982 0.136736 0.074303 0.207262
0 0.612081 0.261035 0.064610 0.104691
2 0.178060 0.287140 0.061390 0.165067
2 0.605488 0.368214 0.058674 0.123475
2 0.522143 0.439655 0.070726 0.191446
0 0.014812 0.944655 0.029488 0.110690
2 0.940726 0.914363 0.069582 0.113162
1 0.512330 0.630530 0.065771 0.126406
