0 0.758820 0.686004 0.097574 0.176011
0 0.078057 0.788949 0.083605 0.129443
0 0.394673 0.595746 0.048550 0.129290
0 0.932488 0.212076 0.072371 0.148194
1 0.361315 0.426232 0.076822 0.196935
0 0.707440 0.508868 0.059029 0.103331
2 0.521999 0.497747 0.084682 0.225486
2 0.324476 0.124516 0.098746 0.247274
0 0.475101 0.320288 0.075207 0.223120
0 0.034704 0.914021 0.069407 0.171957
2 0.867986 0.238290 0.075997 0.129708
0 0.034725 0.940480 0.069450 0.119041
2 0.376173 0.950323 0.107581 0.099354
2 0.682970 0.628575 0.056075 0.127041
2 0.600694 0.661862 0.054045 0.161697
0 0.402500 0.165233 0.051148 0.095915
0 0.385493 0.253808 0.048341 0.089975
2 0.552644 0.864836 0.066399 0.129193
2 0.557321 0.704801 0.048327 0.136028
2 0.288105 0.402382 0.048534 0.192625
