0 0.0932292 0.781713 0.0776042 0.118981
0 0.780469 0.766435 0.0989583 0.184722
0 0.502344 0.370833 0.0598958 0.191667
0 0.435677 0.191898 0.0432292 0.0726852
0 0.972005 0.314815 0.0611979 0.15
0 0.0421875 0.938194 0.084375 0.110648
0 0.0289063 0.833333 0.0578125 0.112037
1 0.388542 0.462963 0.0869792 0.191667
2 0.379167 1 0.0973958 0.202315
2 0.54388 0.55 0.0851562 0.199074
2 0.320182 0.42963 0.0539063 0.167593
2 0.702604 0.691667 0.0625 0.135185
2 0.366276 0.129398 0.0695312 0.195833
2 0.570052 0.766204 0.0526042 0.146296
2 0.620182 0.716435 0.0585938 0.161574
0 0.735807 0.575926 0.0606771 0.0990741
0 0.410547 0.640741 0.0533854 0.142593
2 0.909896 0.321065 0.0671875 0.122685
