0 0.407638 0.762205 0.050757 0.140130
0 0.081143 0.897327 0.086853 0.140689
0 0.789002 0.900546 0.100620 0.192685
0 0.743366 0.703102 0.061321 0.107214
1 0.382438 0.588153 0.085472 0.205426
0 0.417182 0.396534 0.047543 0.099108
2 0.575939 0.898827 0.059604 0.153260
2 0.925514 0.432636 0.078548 0.139107
2 0.367721 0.242127 0.092265 0.247110
0 0.501732 0.498614 0.069218 0.217490
2 0.498170 0.138370 0.080532 0.152407
0 0.977139 0.417883 0.045011 0.162148
0 0.438423 0.300504 0.050458 0.098032
0 0.019362 0.961820 0.038723 0.076360
2 0.539816 0.692390 0.096759 0.284935
2 0.713450 0.835221 0.057137 0.136313
2 0.620071 0.843147 0.060388 0.168719
2 0.715328 0.818743 0.066119 0.165408
2 0.315663 0.550001 0.056847 0.226266
2 0.626438 0.742642 0.055737 0.107601
