2 0.897871 0.548134 0.080371 0.131855
0 0.962091 0.538827 0.065971 0.145530
0 0.723391 0.806078 0.058200 0.102823
0 0.413712 0.514498 0.046233 0.091020
1 0.380366 0.708182 0.078366 0.196794
2 0.489387 0.251400 0.083005 0.133439
0 0.433675 0.421461 0.050179 0.085779
0 0.404399 0.872363 0.047225 0.133280
0 0.494542 0.619774 0.061849 0.195816
0 0.764883 0.945544 0.114808 0.108912
2 0.598916 0.106106 0.070040 0.170442
0 0.097304 0.960971 0.083476 0.078059
2 0.528279 0.800861 0.099679 0.270592
2 0.365484 0.365345 0.088845 0.240495
2 0.563592 0.962188 0.052018 0.075625
0 0.807826 0.131252 0.079501 0.143736
2 0.698318 0.903833 0.071323 0.160753
2 0.572465 0.960988 0.078751 0.078024
2 0.607440 0.929786 0.055155 0.140428
