0 0.102865 1 0.0739583 0.113426
0 0.697917 1 0.0942708 0.175926
0 0.452474 0.706713 0.0627604 0.201389
0 0.402344 0.515278 0.05 0.0842593
0 0.868229 0.628935 0.0583333 0.143056
0 0.733854 0.265741 0.0682292 0.131481
0 0.384115 0.600463 0.0458333 0.0833333
0 0.713021 0.214815 0.0729167 0.126852
0 0.939193 0.511343 0.0747396 0.160648
0 0.330859 0.0539352 0.0778646 0.131944
2 0.495573 0.859954 0.0984375 0.230093
2 0.629948 0.949306 0.065625 0.14213
2 0.345833 0.446991 0.0661458 0.186574
2 0.561719 0.969907 0.0557292 0.153704
2 0.453776 0.343519 0.0705729 0.113889
2 0.548437 0.231481 0.0604167 0.138889
2 0.255859 0.143056 0.0539063 0.0972222
2 0.717448 0.0606481 0.0557292 0.109259
0 0.659115 0.863426 0.0578125 0.0944444
0 0.372526 0.922222 0.0460938 0.123148
2 0.816276 0.629167 0.0705729 0.128704
