0 0.127344 0.844676 0.0739583 0.113426
0 0.464453 0.695602 0.0466146 0.121759
0 0.444792 0.505093 0.0322917 0.0583333
0 0.889583 0.8 0.0583333 0.113889
0 0.795964 0.402778 0.0648438 0.125
0 0.416406 0.581019 0.03125 0.0555556
0 0.776302 0.333796 0.0765625 0.133333
0 0.991276 0.69838 0.0669271 0.131944
0 0.433724 0.0511574 0.0778646 0.131944
0 0.646224 0.938657 0.0460938 0.0837963
0 0.053776 0.859259 0.0622396 0.112963
0 0.0697917 0.957639 0.0692708 0.0847222
2 0.4875 0.865741 0.09375 0.219444
2 0.613802 1 0.0625 0.135185
2 0.401432 0.42662 0.0695312 0.195833
2 0.540625 1 0.053125 0.146759
2 0.511849 0.386574 0.0705729 0.113889
2 0.614062 0.289815 0.0604167 0.138889
2 0.30013 0.151852 0.0429688 0.0833333
2 0.805729 0.189815 0.0536458 0.152778
2 0.130729 0.0694444 0.119792 0.182407
0 0.646875 0.939352 0.0578125 0.0944444
0 0.369401 0.869907 0.0398437 0.106481
2 0.835938 0.782639 0.0671875 0.122685
1 0.369792 0.728009 0.0739583 0.145833
