0 0.860685 0.829945 0.065713 0.124482
2 0.600073 0.321825 0.058997 0.142300
0 0.431530 0.518927 0.037096 0.066192
0 0.959724 0.736736 0.070325 0.139497
0 0.434323 0.065581 0.074237 0.131162
1 0.351020 0.738920 0.073075 0.151960
2 0.786317 0.224221 0.061021 0.145218
2 0.464537 0.865232 0.093544 0.199624
0 0.119181 0.838698 0.071938 0.113519
0 0.446285 0.715356 0.046648 0.132587
2 0.502593 0.397465 0.073891 0.125796
0 0.064864 0.944364 0.061978 0.100862
2 0.806796 0.811183 0.060406 0.110893
0 0.350637 0.874028 0.040105 0.102547
0 0.774561 0.436922 0.062689 0.123998
0 0.403817 0.591094 0.038136 0.068399
2 0.392552 0.444405 0.071067 0.192757
0 0.620942 0.952543 0.049458 0.094914
0 0.048014 0.850459 0.071572 0.106310
2 0.355874 0.143721 0.049300 0.102750
0 0.757010 0.374105 0.088319 0.140541
2 0.135203 0.088618 0.085394 0.177236
2 0.099559 0.141115 0.071076 0.120817
2 0.132509 0.065550 0.072377 0.126398
