2 0.731550 0.327237 0.059157 0.126426
2 0.363253 0.828434 0.073036 0.136286
0 0.740432 0.927630 0.062139 0.114304
0 0.418073 0.077400 0.068618 0.135650
0 0.847804 0.874074 0.071843 0.137130
1 0.267983 0.690957 0.072635 0.128297
2 0.539214 0.368948 0.058127 0.133323
0 0.695095 0.526209 0.060581 0.117250
0 0.353370 0.695184 0.048129 0.121351
2 0.346438 0.429716 0.075868 0.210012
0 0.371219 0.511097 0.036600 0.060444
2 0.448147 0.423155 0.066884 0.098132
2 0.344620 0.136540 0.047925 0.095639
0 0.334768 0.570837 0.038519 0.065611
0 0.503011 0.964119 0.049396 0.071761
0 0.075233 0.723175 0.062737 0.108434
2 0.262071 0.817868 0.039570 0.094878
0 0.020724 0.756657 0.041447 0.178252
2 0.700390 0.893816 0.039182 0.092948
2 0.117277 0.080679 0.064351 0.114237
0 0.762092 0.792667 0.044132 0.053621
2 0.856303 0.098593 0.066906 0.095757
0 0.692290 0.504144 0.068809 0.161102
0 0.262381 0.819095 0.039034 0.094547
