0 0.170443 0.654167 0.0513021 0.134259
0 0.207813 0.480324 0.0348958 0.0513889
0 0.540365 0.923148 0.0583333 0.113889
0 0.509505 0.517361 0.0617188 0.118981
0 0.161849 0.540509 0.0283854 0.050463
0 0.501302 0.465972 0.102604 0.178241
0 0.651302 0.877083 0.0703125 0.138426
0 0.277083 0.0516204 0.0609375 0.124537
0 0.313542 0.951852 0.0484375 0.087963
2 0.18125 0.798611 0.071875 0.122222
2 0.198047 0.405787 0.0695312 0.195833
2 0.289323 0.415046 0.0640625 0.103241
2 0.378906 0.349537 0.0604167 0.138889
2 0.557943 0.320602 0.0580729 0.131944
2 0.049349 0.00347222 0.108594 0.165278
2 0.706901 0.107639 0.0559896 0.0949074
2 0.0847656 0.776389 0.0450521 0.0777778
2 0.503646 0.883796 0.03125 0.0703704
1 0.0940104 0.640278 0.0671875 0.132407
