0 0.0885417 0.578241 0.059375 0.155556
0 0.15 0.41875 0.0348958 0.0513889
0 0.429557 0.916898 0.0643229 0.125463
0 0.434896 0.51875 0.0588542 0.113426
0 0.0990885 0.467361 0.0283854 0.050463
0 0.432031 0.459028 0.0979167 0.169907
0 0.543359 0.893519 0.0736979 0.14537
0 0.244401 0.0162037 0.0580729 0.118519
0 0.21276 0.895833 0.0484375 0.087963
0 0.955599 0.261574 0.0231771 0.05
2 0.099349 0.721528 0.0653646 0.110648
2 0.151562 0.349074 0.0604167 0.134259
2 0.303125 0.313426 0.0604167 0.138889
2 0.489583 0.31875 0.0552083 0.125463
2 0.663932 0.137037 0.0507813 0.0861111
2 0.0923177 0.871065 0.0851562 0.0819444
2 0.0167969 0.680556 0.0429688 0.0740741
2 0.399479 0.862269 0.0296875 0.0671296
2 0.596875 0.708565 0.0369792 0.0949074
2 0.63138 0.628935 0.0507813 0.0930556
