2 0.471148 0.322049 0.052482 0.124450
2 0.079985 0.699869 0.072678 0.110299
2 0.288548 0.306198 0.056431 0.129137
0 0.398370 0.908590 0.068561 0.119250
0 0.512048 0.899304 0.077404 0.145593
2 0.643042 0.140547 0.062606 0.086353
0 0.135478 0.402371 0.035762 0.056447
0 0.188764 0.878667 0.049746 0.101906
0 0.148391 0.974472 0.076149 0.051055
2 0.062006 0.857342 0.078253 0.110704
0 0.815656 0.225985 0.069129 0.121963
2 0.141947 0.329988 0.065488 0.149037
0 0.070639 0.554277 0.058882 0.097473
0 0.407881 0.513439 0.061369 0.101975
0 0.236243 0.038926 0.054319 0.077852
2 0.608131 0.634627 0.053702 0.090310
0 0.395379 0.450217 0.082557 0.125321
2 0.130863 0.887252 0.079302 0.118721
0 0.945726 0.282396 0.027994 0.056705
2 0.024501 0.933569 0.048600 0.097847
