2 0.414115 0.306865 0.048534 0.123846
0 0.296236 0.862529 0.070264 0.130085
2 0.248050 0.250809 0.054063 0.131674
0 0.408211 0.882260 0.079340 0.144067
0 0.335812 0.479461 0.063267 0.098195
0 0.061955 0.907876 0.081601 0.146150
2 0.029443 0.591706 0.058885 0.102694
2 0.523710 0.645516 0.060777 0.093934
0 0.326279 0.410280 0.074340 0.114236
0 0.762064 0.293510 0.089878 0.140747
2 0.603795 0.164634 0.052414 0.089732
0 0.108772 0.780855 0.045732 0.094298
2 0.116466 0.244911 0.056882 0.136075
0 0.104133 0.315297 0.033293 0.054883
0 0.332101 0.457004 0.070500 0.134187
0 0.025687 0.437430 0.051319 0.079572
2 0.478444 0.709835 0.052702 0.103438
2 0.054859 0.780872 0.059935 0.113833
2 0.279675 0.798672 0.039264 0.074277
2 0.823280 0.777725 0.080618 0.161708
2 0.035238 0.598066 0.070475 0.125131
