0 0.0200521 0.344444 0.0598958 0.15463
0 0.110156 0.233796 0.0328125 0.0509259
0 0.238021 0.800231 0.0708333 0.138426
0 0.302995 0.436343 0.0617188 0.118981
0 0.0558594 0.251157 0.0283854 0.050463
0 0.301562 0.363889 0.0630208 0.0972222
0 0.352604 0.841435 0.0703125 0.138426
0 0.0785156 0.67963 0.0398437 0.0722222
0 0.891536 0.461806 0.0242187 0.0523148
0 0.028776 0.784491 0.0710938 0.161574
2 0.13151 0.184722 0.0604167 0.134259
2 0.241536 0.198148 0.0549479 0.125926
2 0.394661 0.286343 0.0580729 0.131944
2 0.59349 0.182176 0.0484375 0.0819444
2 0.763802 0.650231 0.065625 0.140278
2 0.427474 0.699074 0.0544271 0.0907407
2 0.47526 0.647454 0.053125 0.0847222
2 0.238932 0.738426 0.0283854 0.0638889
2 0.933724 0.423843 0.0382813 0.0708333
2 0.979557 0.511111 0.0408854 0.0972222
0 0.744141 0.346991 0.0841146 0.138426
