0 0.0233073 0.709028 0.0643229 0.125463
0 0.119141 0.37662 0.0617188 0.118981
0 0.11862 0.295139 0.0695312 0.0976852
0 0.107813 0.775 0.08125 0.14537
0 0.68763 0.542593 0.0325521 0.0601852
0 0.653906 0.0699074 0.040625 0.087963
1 0.961068 0.378704 0.0278646 0.0509259
2 0.0953125 0.126389 0.0604167 0.138889
2 0.221354 0.25 0.0640625 0.14537
2 0.419401 0.185417 0.0591146 0.0773148
2 0.498568 0.701389 0.0861979 0.146296
2 0.203776 0.650926 0.0544271 0.0907407
2 0.250521 0.6125 0.0515625 0.0833333
2 0.60013 0.114583 0.0679687 0.1125
2 0.790365 0.622222 0.0723958 0.128704
2 0.885156 0.534259 0.0432292 0.115741
0 0.546484 0.390278 0.0971354 0.14537
2 0.739583 0.52338 0.0411458 0.0643518
