2 0.711207 0.631114 0.062395 0.121527
0 0.044088 0.284846 0.077152 0.118914
2 0.527249 0.115193 0.063813 0.112146
2 0.657439 0.530101 0.041393 0.072470
2 0.121867 0.633373 0.060833 0.090536
0 0.031607 0.749803 0.063213 0.135077
2 0.147760 0.242979 0.056078 0.145914
2 0.036005 0.113887 0.061012 0.128230
0 0.956768 0.061640 0.051297 0.076643
0 0.046877 0.345134 0.063351 0.084830
2 0.905424 0.918227 0.060563 0.110405
2 0.345386 0.181910 0.066033 0.085604
0 0.580732 0.069433 0.051117 0.086002
2 0.807554 0.551401 0.047437 0.113675
2 0.406768 0.716392 0.100037 0.169347
1 0.903995 0.389192 0.036227 0.051650
2 0.972471 0.217799 0.044191 0.124514
0 0.465167 0.387813 0.098115 0.137401
0 0.605795 0.544731 0.026753 0.053061
2 0.429543 0.219907 0.066850 0.133398
2 0.079909 0.561027 0.045512 0.094225
2 0.171768 0.612344 0.063524 0.108006
0 0.478412 0.381117 0.071658 0.120492
2 0.163233 0.617204 0.076766 0.122814
