0 0.0496094 0.324074 0.0648438 0.125
0 0.0526042 0.24213 0.0729167 0.102778
0 0.0320312 0.712963 0.08125 0.14537
0 0.597396 0.554861 0.0359375 0.0662037
0 0.586198 0.0736111 0.0427083 0.0925926
0 0.978516 0.0981481 0.0424479 0.0722222
1 0.910937 0.42662 0.0307292 0.0560185
2 0.047526 0.074537 0.0575521 0.132407
2 0.155469 0.230093 0.0640625 0.14537
2 0.346224 0.166435 0.0591146 0.0773148
2 0.392057 0.685185 0.0861979 0.146296
2 0.120703 0.598611 0.0544271 0.0907407
2 0.161589 0.566898 0.0492188 0.0791667
2 0.532943 0.11412 0.0679687 0.1125
2 0.700521 0.647685 0.0760417 0.135185
2 0.808333 0.580093 0.0453125 0.121296
2 0.830208 0.459954 0.0536458 0.0652778
0 0.457943 0.387037 0.107031 0.160185
2 0.65026 0.543287 0.0453125 0.0708333
