0 0.15651 0.134954 0.0640625 0.0958333
0 0.162891 0.0615741 0.0752604 0.105556
0 0.0695312 0.456944 0.08125 0.14537
0 0.585807 0.618981 0.0325521 0.0601852
0 0.667188 0.145833 0.0427083 0.0925926
0 0.0263021 0.350463 0.0526042 0.113889
1 0.971745 0.691898 0.0388021 0.0652778
2 0.252344 0.0824074 0.0640625 0.14537
2 0.428125 0.127778 0.0651042 0.0851852
2 0.367057 0.619213 0.0783854 0.13287
2 0.166146 0.407407 0.0578125 0.0740741
2 0.608984 0.158796 0.0617188 0.101852
2 0.676693 0.777083 0.0690104 0.122685
2 0.807813 0.774074 0.0453125 0.121296
2 0.774219 0.56088 0.075 0.119907
2 0.861198 0.682639 0.0494792 0.0726852
2 0.854688 0.580787 0.0442708 0.0837963
2 0.930859 0.172454 0.0575521 0.155093
2 0.244531 0.18912 0.0453125 0.0893519
0 0.476302 0.385417 0.1125 0.168056
2 0.640104 0.6375 0.0432292 0.0675926
