0 0.448556 0.349410 0.093669 0.142044
0 0.665084 0.174952 0.046993 0.096344
2 0.815318 0.727823 0.050581 0.084886
2 0.731445 0.898434 0.075003 0.119308
2 0.640082 0.781174 0.059731 0.082926
2 0.575334 0.830788 0.088408 0.136992
2 0.975737 0.314090 0.047039 0.173155
2 0.162037 0.251962 0.074302 0.107449
2 0.812674 0.819743 0.054805 0.093552
2 0.882229 0.904575 0.045370 0.075971
2 0.280891 0.527019 0.085761 0.128121
2 0.557698 0.674042 0.046241 0.083865
0 0.051632 0.137296 0.066437 0.097917
2 0.606287 0.166108 0.059217 0.109095
2 0.723895 0.656192 0.077506 0.116876
0 0.067529 0.252126 0.077002 0.133449
1 0.948061 0.905345 0.045035 0.074123
2 0.722475 0.646834 0.064080 0.099580
2 0.579551 0.555689 0.050728 0.076420
0 0.579884 0.554434 0.046457 0.074117
