0 0 0.234028 0.0773437 0.138426
0 0.432422 0.610417 0.0273438 0.0449074
0 0.598698 0.150926 0.0447917 0.0972222
0 0.00234375 0.114815 0.0526042 0.113889
1 0.891016 0.911111 0.0486979 0.0888889
2 0.366536 0.050463 0.0606771 0.0944444
2 0.0981771 0.221296 0.0859375 0.110185
2 0.204818 0.493287 0.111198 0.159722
2 0.161198 0.652546 0.0838542 0.125463
2 0.500781 0.822685 0.1 0.149074
2 0.664844 0.898148 0.0796875 0.138889
2 0.565625 0.775926 0.0583333 0.087037
2 0.481771 0.662037 0.0515625 0.087037
2 0.648958 0.657176 0.0661458 0.136574
2 0.590885 0.616667 0.0364583 0.087037
2 0.745833 0.813194 0.0520833 0.0893519
2 0.820964 0.910417 0.0466146 0.0884259
2 0.939974 0.312037 0.0721354 0.167593
2 0.746484 0.723148 0.0601562 0.087963
2 0.169661 0.0800926 0.0434896 0.0694444
0 0.37526 0.325463 0.104687 0.142593
