0 0 0.184954 0.0773437 0.138426
0 0.382422 0.587963 0.0247396 0.0407407
0 0.573047 0.159722 0.0471354 0.101852
1 0.841536 0.989352 0.0486979 0.0888889
2 0.359766 0.0282407 0.0606771 0.0944444
2 0.0994792 0.15463 0.0859375 0.110185
2 0.167839 0.43588 0.10599 0.152315
2 0.123438 0.582176 0.0838542 0.125463
2 0.436198 0.812037 0.1 0.149074
2 0.599349 0.920833 0.0721354 0.125926
2 0.507813 0.777315 0.0583333 0.087037
2 0.427344 0.648611 0.0515625 0.087037
2 0.599089 0.67963 0.0695312 0.143519
2 0.540365 0.627546 0.0401042 0.0958333
2 0.68776 0.854861 0.0546875 0.0939815
2 0.764974 0.966898 0.0466146 0.0884259
2 0.929297 0.383333 0.0721354 0.167593
2 0.693359 0.762731 0.0632813 0.0921296
2 0.17513 0.0314815 0.0393229 0.062963
2 0.399349 0.0606481 0.0367187 0.05
0 0.344531 0.298148 0.104687 0.142593
