2 0.492676 0.776183 0.057009 0.085148
2 0.665873 0.915132 0.058593 0.096244
0 0.378538 0.262570 0.086983 0.144878
2 0.680389 0.821393 0.058214 0.086580
2 0.417408 0.786115 0.081501 0.141733
2 0.534134 0.643777 0.040446 0.100919
2 0.963844 0.498682 0.068041 0.168677
0 0.611003 0.176597 0.055635 0.120926
2 0.199850 0.352046 0.092078 0.142733
0 0.090713 0.050485 0.065009 0.100969
2 0.570037 0.940988 0.074744 0.107941
2 0.600316 0.695178 0.076124 0.126866
2 0.420005 0.623089 0.040438 0.092802
2 0.598289 0.682103 0.064063 0.102757
2 0.593433 0.670213 0.052145 0.082565
0 0.384289 0.559193 0.030906 0.056239
2 0.969695 0.487924 0.055056 0.143071
2 0.190183 0.350876 0.106601 0.168934
