0 0.370052 0.531944 0.0260417 0.0425926
0 0.623307 0.204167 0.0471354 0.126852
2 0.206771 0.0157407 0.0583333 0.0944444
2 0.207422 0.296065 0.100781 0.144907
2 0.151302 0.440972 0.0880208 0.131944
2 0.39349 0.76412 0.0953125 0.14213
2 0.54362 0.936574 0.0721354 0.125926
2 0.469661 0.77338 0.0554687 0.0828704
2 0.407031 0.61412 0.046875 0.0791667
2 0.571875 0.733102 0.0661458 0.136574
2 0.517578 0.64375 0.0382813 0.0912037
2 0.631771 0.944213 0.0546875 0.0939815
2 0.979036 0.584028 0.0794271 0.184722
2 0.651693 0.85625 0.0632813 0.0921296
2 0.473698 0.0472222 0.0427083 0.0740741
0 0.387891 0.243287 0.0997396 0.135648
