0 0.48151 0.200694 0.0427083 0.115278
2 0.0871094 0.295833 0.0914062 0.131481
2 0.0259115 0.378935 0.0924479 0.138426
2 0.247656 0.774074 0.0864583 0.128704
2 0.38763 0.952546 0.0726563 0.0949074
2 0.32513 0.771296 0.0528646 0.0787037
2 0.255078 0.612037 0.0445312 0.075
2 0.46224 0.744676 0.0661458 0.136574
2 0.367318 0.653009 0.0382813 0.0912037
2 0.497135 0.944676 0.0546875 0.0939815
2 0.845703 0.59838 0.0794271 0.184722
2 0.510547 0.854167 0.0476562 0.087963
2 0.345052 0.0518519 0.0447917 0.0777778
2 0.882161 0.374306 0.0695312 0.0967593
2 0.98151 0.298843 0.0510417 0.102315
0 0.251953 0.242361 0.0950521 0.129167
