0 0.357552 0.203704 0.0588542 0.122222
2 0.120443 0.787037 0.0783854 0.116667
2 0.283203 0.949769 0.0763021 0.099537
2 0.197005 0.778241 0.0580729 0.087037
2 0.124479 0.603472 0.0489583 0.106019
2 0.308854 0.724306 0.0661458 0.136574
2 0.240104 0.663194 0.0421875 0.100463
2 0.359635 0.954398 0.0520833 0.0893519
2 0.726693 0.600694 0.0794271 0.184722
2 0.385026 0.865278 0.0476562 0.087963
2 0.229557 0.0412037 0.0471354 0.0814815
2 0.775 0.378009 0.0729167 0.101389
2 0.895312 0.294907 0.0890625 0.109259
2 0.878125 0.627315 0.0651042 0.0787037
0 0.132031 0.248611 0.104687 0.142593
