0 0.318304 0.207742 0.060556 0.124329
2 0.078151 0.772706 0.089228 0.164290
2 0.693519 0.598889 0.076551 0.163105
0 0.103355 0.246938 0.088424 0.155560
2 0.848846 0.627590 0.063717 0.075853
2 0.355546 0.867716 0.040523 0.097206
2 0.205252 0.657520 0.040474 0.090562
2 0.863195 0.297670 0.092137 0.108478
2 0.167818 0.784800 0.052737 0.112367
2 0.977339 0.666351 0.045190 0.146379
2 0.276217 0.728009 0.083308 0.146040
2 0.085222 0.607478 0.058223 0.113145
2 0.323946 0.945618 0.063560 0.097797
1 0.534559 0.036478 0.066758 0.072955
2 0.269243 0.694645 0.060018 0.095360
2 0.223615 0.954991 0.057949 0.090017
2 0.272994 0.706870 0.072380 0.116804
2 0.968239 0.976617 0.063409 0.046766
2 0.744244 0.379728 0.071205 0.094263
0 0.269861 0.151881 0.065533 0.125629
