0 0.943072 0.857308 0.091213 0.158719
2 0.241676 0.623210 0.083392 0.164400
2 0.883370 0.076452 0.081849 0.152904
2 0.619705 0.068224 0.046626 0.104490
0 0.566097 0.801683 0.032816 0.070652
2 0.600258 0.765686 0.067529 0.168631
2 0.561608 0.495194 0.050599 0.137562
2 0.533657 0.703411 0.043556 0.160724
2 0.575737 0.110781 0.035969 0.145076
2 0.822201 0.438004 0.069652 0.119399
2 0.406152 0.647256 0.035755 0.061547
0 0.910415 0.245230 0.039132 0.061729
0 0.576373 0.342600 0.050170 0.106008
2 0.931086 0.339113 0.101802 0.232641
2 0.510112 0.069654 0.053288 0.139309
2 0.734256 0.450328 0.097667 0.231768
2 0.423265 0.337058 0.089042 0.098801
0 0.416283 0.762230 0.050574 0.087061
2 0.526223 0.390512 0.051418 0.115025
0 0.770776 0.304689 0.041992 0.072051
2 0.575371 0.135783 0.049270 0.202166
2 0.925342 0.350612 0.080902 0.204178
2 0.961351 0.672429 0.055702 0.100811
2 0.652504 0.165170 0.049684 0.109691
