0 0.825143 0.873262 0.073994 0.151506
2 0.181320 0.653054 0.075339 0.147873
2 0.775138 0.140301 0.082972 0.160396
2 0.511535 0.782619 0.062176 0.151963
2 0.637463 0.497041 0.088313 0.202866
2 0.481090 0.528896 0.045834 0.130984
2 0.967694 0.229987 0.062357 0.128805
2 0.455440 0.724610 0.036973 0.158808
0 0.490744 0.390581 0.045185 0.094429
0 0.800312 0.303094 0.034702 0.057254
2 0.344707 0.390326 0.083936 0.094567
2 0.819376 0.396291 0.080185 0.170258
2 0.531878 0.140415 0.041312 0.087591
2 0.492094 0.187908 0.037200 0.148756
2 0.429087 0.124098 0.059531 0.153628
2 0.724220 0.489129 0.068496 0.124534
2 0.446197 0.431446 0.044228 0.095548
0 0.484536 0.818597 0.033763 0.063891
0 0.667996 0.358603 0.037906 0.066696
2 0.455386 0.716868 0.029782 0.135026
2 0.491289 0.170493 0.032900 0.118670
2 0.334792 0.677865 0.035793 0.062214
2 0.429748 0.113783 0.050345 0.114546
0 0.346567 0.781036 0.052048 0.078249
