0 0.684283 0.826450 0.067672 0.138118
2 0.495799 0.517677 0.081689 0.176876
0 0.975228 0.767490 0.042372 0.092125
2 0.774496 0.210650 0.059965 0.120218
0 0.824378 0.927072 0.030615 0.057634
2 0.064408 0.757307 0.075179 0.153509
2 0.600607 0.159789 0.072482 0.146211
2 0.937893 0.553160 0.048755 0.087219
2 0.649923 0.391967 0.064664 0.155346
0 0.977129 0.651973 0.043813 0.063881
0 0.635429 0.307844 0.033622 0.052470
2 0.581704 0.493627 0.069589 0.134055
2 0.355071 0.585762 0.046295 0.116553
0 0.351996 0.440198 0.047619 0.086358
2 0.212558 0.467435 0.079025 0.097651
2 0.342891 0.242098 0.034550 0.111944
0 0.990752 0.486238 0.018288 0.088539
2 0.393647 0.806649 0.059138 0.136271
0 0.516274 0.383805 0.038965 0.063111
2 0.402454 0.815291 0.062339 0.146088
2 0.389284 0.795298 0.050613 0.108298
2 0.345079 0.264624 0.039875 0.154286
2 0.199998 0.470558 0.055887 0.089327
2 0.641169 0.959480 0.051058 0.081039
0 0.377851 0.197155 0.040529 0.079689
2 0.346333 0.760836 0.038452 0.123372
0 0.373682 0.848067 0.032953 0.060386
2 0.377819 0.197272 0.038855 0.080845
