0 0.142708 0.592593 0.0614583 0.0759259
0 0.325651 0.43125 0.0304688 0.0569444
0 0.522656 0.806019 0.059375 0.12037
0 0.435417 0.332639 0.028125 0.0476852
0 0.652734 0.858333 0.0309896 0.0648148
0 0.313932 0.113194 0.0309896 0.0736111
0 0.763021 0.666435 0.0395833 0.0912037
0 0.759505 0.558565 0.0393229 0.0513889
0 0.765234 0.408333 0.0236979 0.062963
0 0.881641 0.511574 0.0945313 0.181481
0 0.338281 0.0546296 0.0395833 0.0768519
0 0.876693 0.0738426 0.0492188 0.0763889
0 0.705339 0.0631944 0.0236979 0.050463
2 0.0145833 0.596528 0.0854167 0.0828704
2 0.185417 0.855556 0.034375 0.126852
2 0.198437 0.679167 0.0463542 0.127778
2 0.245964 0.893056 0.0726563 0.127778
2 0.137109 0.350694 0.0580729 0.128241
2 0.321875 0.57037 0.0677083 0.177778
2 0.389062 0.199537 0.05625 0.125
2 0.457292 0.406944 0.0598958 0.153704
2 0.0683594 0.313194 0.0325521 0.0912037
2 0.551693 0.206944 0.0367187 0.0972222
2 0.562109 0.77963 0.0221354 0.0435185
2 0.716797 0.497917 0.0398437 0.0949074
2 0.397135 0.515741 0.0390625 0.10463
2 0.821875 0.824769 0.0645833 0.0773148
