0 0.875690 0.721026 0.036119 0.066203
2 0.776567 0.668263 0.042617 0.077863
0 0.830602 0.743314 0.050083 0.076849
0 0.586249 0.853465 0.034783 0.067638
0 0.605026 0.345615 0.084909 0.141145
2 0.069242 0.382491 0.080805 0.135347
0 0.358425 0.850354 0.060395 0.105650
0 0.540382 0.541436 0.029080 0.074717
0 0.513674 0.456900 0.029317 0.052767
2 0.241810 0.271351 0.054733 0.112172
2 0.713892 0.755876 0.037698 0.066517
0 0.486690 0.791549 0.029483 0.049977
2 0.615579 0.635999 0.038240 0.070425
2 0.464870 0.410340 0.026241 0.066072
2 0.853767 0.538078 0.047964 0.101076
2 0.805477 0.393887 0.040014 0.076855
2 0.733635 0.312170 0.030844 0.073669
2 0.710150 0.866733 0.035494 0.075205
0 0.835274 0.320974 0.030139 0.051493
2 0.669002 0.383231 0.027160 0.057170
2 0.090020 0.807168 0.098151 0.156235
0 0.892531 0.471318 0.022187 0.039782
0 0.488028 0.319617 0.023088 0.054818
0 0.783891 0.850123 0.036353 0.071577
2 0.984788 0.503581 0.030425 0.078116
0 0.916313 0.185776 0.043087 0.069899
2 0.191127 0.525932 0.067470 0.123224
0 0.601936 0.720442 0.017446 0.040729
0 0.157709 0.476600 0.034320 0.051790
0 0.958065 0.848047 0.030328 0.045633
1 0.653119 0.032039 0.040539 0.064078
0 0.987680 0.557806 0.024640 0.058151
0 0.736207 0.891781 0.026276 0.063770
2 0.905739 0.905811 0.018566 0.038425
0 0.761005 0.987547 0.027783 0.024906
0 0.057520 0.673023 0.047940 0.062143
0 0.875231 0.867192 0.024006 0.046390
2 0.387887 0.796226 0.028069 0.055853
2 0.962692 0.595795 0.023986 0.053163
0 0.983738 0.218291 0.030334 0.052933
2 0.906627 0.620100 0.025797 0.059287
