0 0.272135 0.881481 0.059375 0.12037
0 0.40013 0.796528 0.0325521 0.0523148
0 0.439063 0.540278 0.028125 0.0777778
0 0.409245 0.45625 0.0346354 0.0449074
0 0.375391 0.324537 0.0226563 0.0601852
0 0.492708 0.330556 0.0848958 0.147222
0 0.738021 0.684259 0.0473958 0.0851852
0 0.777214 0.65162 0.0320312 0.0680556
0 0.785026 0.405787 0.0236979 0.0412037
0 0.694792 0.795833 0.0317708 0.062037
0 0.870964 0.14537 0.0361979 0.0416667
0 0.504427 0.833102 0.0416667 0.0699074
0 0.684245 0.952778 0.0372396 0.0518519
0 0.886328 0.469676 0.0382813 0.050463
0 0.780469 0.344907 0.0223958 0.0388889
0 0.927604 0.301852 0.0291667 0.0481481
0 0.0398437 0.544444 0.0359375 0.0574074
0 0.942318 0.737037 0.0466146 0.0592593
0 0.924089 0.846991 0.0377604 0.0550926
0 0.924219 0.795139 0.0479167 0.0708333
0 0.802604 0.128009 0.0328125 0.0597222
0 0.955078 0.297222 0.0309896 0.0944444
0 0.54401 0.327546 0.0255208 0.0680556
0 0.726693 0.274769 0.0315104 0.0560185
2 0.0976563 0.597685 0.0885417 0.126852
2 0.0773437 0.752315 0.05 0.107407
2 0.357552 0.420602 0.0348958 0.0671296
2 0.625911 0.281944 0.0315104 0.0712963
2 0.696875 0.345139 0.0395833 0.0856481
2 0.751432 0.475463 0.0476562 0.107407
2 0.625521 0.712963 0.0401042 0.0712963
2 0.625651 0.828009 0.0330729 0.074537
2 0.519922 0.61412 0.0325521 0.0652778
2 0.300521 0.823843 0.0260417 0.0662037
2 0.00859375 0.887731 0.10625 0.140278
2 0.113802 0.316898 0.0505208 0.113426
2 0.678906 0.620833 0.0473958 0.0814815
2 0.562109 0.354861 0.0273438 0.0625
2 0.884766 0.421065 0.0476562 0.075463
2 0.815234 0.832407 0.0263021 0.0444444
