2 0.645774 0.611317 0.048731 0.079172
0 0.706334 0.673253 0.046900 0.076202
0 0.465982 0.831849 0.038691 0.068393
0 0.745764 0.642646 0.032671 0.064299
2 0.589103 0.706180 0.038336 0.066603
0 0.362216 0.791224 0.032082 0.053038
2 0.718412 0.466291 0.051386 0.098238
0 0.650214 0.947634 0.029762 0.055293
2 0.067873 0.302462 0.056661 0.121086
0 0.455253 0.315784 0.090879 0.139473
2 0.594886 0.268306 0.029463 0.072439
0 0.228366 0.878499 0.069325 0.109287
0 0.756515 0.396022 0.022682 0.042354
2 0.487543 0.608695 0.037171 0.072548
0 0.402160 0.525417 0.031859 0.069743
0 0.913450 0.734460 0.049385 0.071858
0 0.858730 0.461323 0.034250 0.055595
2 0.588207 0.817939 0.032118 0.067334
0 0.661451 0.791522 0.034436 0.069550
0 0.699319 0.257902 0.032153 0.051299
2 0.317569 0.404708 0.031293 0.061705
0 0.895293 0.838613 0.033435 0.052802
2 0.665818 0.335046 0.040689 0.080596
2 0.529530 0.345213 0.028927 0.060721
0 0.369477 0.445834 0.031642 0.051364
2 0.854668 0.410715 0.042063 0.068104
0 0.479917 0.694313 0.018306 0.051900
0 0.337330 0.310793 0.027110 0.049811
2 0.030204 0.572126 0.060408 0.122428
0 0.834367 0.750609 0.030239 0.041633
0 0.852625 0.142139 0.026445 0.057337
0 0.927356 0.290375 0.045462 0.087878
2 0.071076 0.606104 0.054441 0.090383
2 0.786055 0.818291 0.020688 0.036264
0 0.615940 0.833946 0.026077 0.066639
2 0.257517 0.817215 0.028302 0.062822
0 0.779745 0.118600 0.031785 0.057089
0 0.893798 0.783842 0.058507 0.072165
0 0.883591 0.778331 0.036324 0.053572
0 0.872217 0.497270 0.018986 0.041362
0 0.897591 0.792625 0.049806 0.068329
2 0.030827 0.742793 0.060963 0.122577
2 0.832409 0.501495 0.020926 0.053389
0 0.757903 0.077355 0.023674 0.044187
2 0.792922 0.479545 0.023804 0.047300
2 0.781548 0.532224 0.027643 0.055527
0 0.513791 0.313990 0.032060 0.055069
