0 0.20612 0.862269 0.0653646 0.13287
0 0.342318 0.777546 0.0341146 0.0550926
0 0.385026 0.509722 0.0294271 0.0814815
0 0.352865 0.422685 0.0401042 0.0518519
0 0.323047 0.286111 0.0236979 0.062963
0 0.44375 0.292593 0.0848958 0.147222
0 0.699219 0.66713 0.0473958 0.0851852
0 0.740234 0.634028 0.0320312 0.0680556
0 0.754167 0.383565 0.025 0.0430556
0 0.651302 0.784028 0.0333333 0.0652778
0 0.855469 0.126157 0.0380208 0.0439815
0 0.45026 0.817824 0.04375 0.0736111
0 0.640365 0.947454 0.0354167 0.049537
0 0.859505 0.451157 0.0382813 0.050463
0 0.75026 0.322685 0.0223958 0.0388889
0 0.908854 0.283333 0.0291667 0.0481481
0 0.914844 0.72963 0.0489583 0.062037
0 0.894531 0.841898 0.0395833 0.0578704
0 0.896094 0.790509 0.0479167 0.0708333
0 0.782552 0.10625 0.0328125 0.0597222
0 0.937109 0.278704 0.0309896 0.0944444
0 0.504557 0.293981 0.0268229 0.0712963
0 0.695964 0.245139 0.0315104 0.0560185
2 0.0251302 0.570833 0.0929687 0.133333
2 0.00273437 0.721065 0.0835937 0.102315
2 0.29974 0.383565 0.0348958 0.0671296
2 0.589453 0.250926 0.0315104 0.0712963
2 0.660156 0.317361 0.0395833 0.0856481
2 0.715625 0.452315 0.0526042 0.118519
2 0.580208 0.696759 0.0364583 0.0648148
2 0.576172 0.813194 0.0330729 0.074537
2 0.473568 0.594907 0.0341146 0.0685185
2 0.239714 0.803704 0.0273438 0.0694444
2 0.04375 0.27338 0.053125 0.118981
2 0.636719 0.601852 0.0473958 0.0814815
2 0.521875 0.327778 0.0286458 0.0657407
2 0.858984 0.402083 0.0476562 0.075463
2 0.783333 0.825694 0.0276042 0.0467593
