2 0.643526 0.590522 0.051715 0.085116
2 0.724557 0.438167 0.058309 0.109248
0 0.707200 0.654253 0.048131 0.085507
2 0.583975 0.686382 0.042074 0.076438
0 0.750958 0.623480 0.033706 0.073442
2 0.869449 0.381292 0.047703 0.078454
0 0.196552 0.846646 0.075515 0.117408
2 0.296178 0.357020 0.034357 0.071617
0 0.385373 0.483542 0.034554 0.079153
0 0.449424 0.808489 0.042978 0.074524
0 0.340142 0.762564 0.033747 0.057466
2 0.669749 0.296069 0.041491 0.088584
0 0.646017 0.941647 0.033073 0.057973
0 0.351209 0.396403 0.032845 0.056619
0 0.929240 0.727146 0.049377 0.071778
2 0.594810 0.225724 0.029512 0.080002
2 0.579373 0.800433 0.033327 0.071111
2 0.034695 0.232673 0.059469 0.117023
2 0.523423 0.300154 0.032009 0.068800
0 0.908905 0.838346 0.036362 0.054653
0 0.319904 0.253596 0.031661 0.056100
0 0.447352 0.264158 0.094171 0.141866
0 0.660113 0.777746 0.039015 0.081574
0 0.468480 0.665607 0.019707 0.044603
0 0.765947 0.365083 0.022079 0.045582
2 0.227572 0.786509 0.033962 0.066864
2 0.476182 0.575229 0.042482 0.072747
0 0.872656 0.437515 0.037474 0.057103
0 0.845263 0.743693 0.030577 0.044703
2 0.031562 0.556107 0.058474 0.087398
2 0.802377 0.455156 0.028810 0.049242
0 0.951526 0.258643 0.042606 0.084409
0 0.609218 0.818993 0.026683 0.066571
0 0.909595 0.787004 0.060343 0.095061
0 0.706132 0.219917 0.031840 0.050717
0 0.870481 0.112319 0.030260 0.056966
1 0.510696 0.266967 0.031955 0.058459
0 0.887009 0.478006 0.023351 0.043434
2 0.791855 0.811729 0.022210 0.039950
0 0.904372 0.776675 0.047456 0.064612
0 0.793777 0.088026 0.029176 0.050289
