0 0.748417 0.665866 0.053314 0.092558
2 0.682522 0.581751 0.053430 0.086707
0 0.800173 0.640341 0.036646 0.075241
0 0.372784 0.316633 0.036205 0.057890
2 0.608546 0.674796 0.044819 0.076819
0 0.404372 0.416011 0.035009 0.088216
2 0.781173 0.432776 0.056805 0.115215
0 0.349585 0.161700 0.032531 0.064766
0 0.340267 0.707599 0.039850 0.059512
0 0.483585 0.190910 0.102282 0.153140
0 0.454800 0.780547 0.050683 0.085332
2 0.318077 0.263477 0.039116 0.071715
2 0.726514 0.266839 0.045145 0.092832
2 0.945209 0.406095 0.049301 0.081406
2 0.649220 0.183467 0.035783 0.089684
0 0.829714 0.363365 0.024556 0.051602
0 0.182505 0.765662 0.082737 0.138882
2 0.596965 0.796820 0.032787 0.066651
2 0.051409 0.088883 0.066100 0.123150
2 0.498339 0.531384 0.045626 0.080744
0 0.688265 0.790001 0.041562 0.086538
2 0.567156 0.246426 0.030448 0.074203
0 0.483662 0.628930 0.021788 0.046192
0 0.947104 0.464499 0.044375 0.061047
0 0.630066 0.821729 0.029896 0.076092
2 0.220763 0.709642 0.037189 0.082894
0 0.662118 0.966474 0.037645 0.060541
0 0.772035 0.198019 0.034322 0.056250
2 0.199260 0.956054 0.056951 0.087893
2 0.032155 0.424161 0.064309 0.113870
0 0.550744 0.208269 0.034985 0.062981
0 0.967336 0.844930 0.064819 0.146950
0 0.966847 0.914503 0.043739 0.062223
0 0.958584 0.508950 0.031304 0.049225
2 0.836127 0.856834 0.024698 0.045142
0 0.968346 0.888607 0.052716 0.103564
2 0.866128 0.468566 0.028014 0.050961
0 0.899029 0.795255 0.034903 0.049503
