0 0.197917 0.662269 0.06875 0.139352
0 0.348177 0.652083 0.0395833 0.0634259
0 0.438672 0.384491 0.0309896 0.0856481
0 0.41901 0.276389 0.0364583 0.0472222
0 0.413802 0.116667 0.0307292 0.0675926
0 0.544401 0.185417 0.0934896 0.1625
0 0.76888 0.752083 0.0549479 0.0986111
0 0.82474 0.740046 0.0390625 0.0828704
0 0.892969 0.46713 0.0260417 0.0453704
0 0.6875 0.852083 0.0385417 0.075463
0 0.454036 0.759954 0.0481771 0.0810185
0 0.655599 0.971296 0.0408854 0.0574074
0 0.771615 0.299074 0.0239583 0.0592593
0 0.986068 0.988889 0.0481771 0.0703704
0 0.614193 0.222454 0.0273438 0.0578704
0 0.499219 0.622685 0.021875 0.0601852
0 0.920182 0.939352 0.0330729 0.0657407
2 0.0608073 0.248148 0.116406 0.17037
2 0.0268229 0.4125 0.0885417 0.123148
2 0.371224 0.206944 0.0367187 0.0703704
2 0.719661 0.231944 0.0346354 0.0787037
2 0.789453 0.334491 0.0481771 0.104167
2 0.83099 0.520833 0.0609375 0.137037
2 0.620052 0.709259 0.0442708 0.0787037
2 0.594271 0.832639 0.0401042 0.0902778
2 0.522917 0.540741 0.0546875 0.101852
2 0.239844 0.616204 0.0302083 0.0768519
2 0.123177 0.0402778 0.0557292 0.125
2 0.705469 0.64213 0.0520833 0.0898148
2 0.622656 0.268519 0.0333333 0.0759259
2 0.841406 0.976389 0.0239583 0.0462963
2 0.194792 0.850463 0.0578125 0.0972222
