2 0.671209 0.638472 0.052854 0.089349
0 0.730905 0.750949 0.057605 0.097724
0 0.508327 0.185280 0.101001 0.158974
0 0.380474 0.274614 0.038710 0.056736
2 0.336474 0.204335 0.041537 0.071368
0 0.787456 0.736778 0.038668 0.072228
0 0.402261 0.381409 0.033391 0.088730
0 0.414823 0.758800 0.052050 0.083213
2 0.757106 0.332819 0.045630 0.099950
2 0.580091 0.706824 0.041089 0.078393
0 0.310672 0.648704 0.038648 0.059305
2 0.484366 0.528381 0.049039 0.086752
2 0.155441 0.850254 0.052757 0.098762
0 0.157456 0.659076 0.077586 0.140211
2 0.795974 0.519168 0.054136 0.121539
0 0.975935 0.610991 0.042073 0.058073
2 0.980538 0.542885 0.038923 0.076078
0 0.859648 0.467215 0.030025 0.052822
0 0.650531 0.855747 0.042729 0.085451
2 0.587595 0.267451 0.029743 0.063988
2 0.556120 0.826321 0.033201 0.060990
2 0.687147 0.221216 0.036854 0.082070
0 0.378505 0.113703 0.027047 0.061543
2 0.196779 0.613772 0.036947 0.076820
0 0.582696 0.870845 0.030683 0.064748
0 0.984949 0.664574 0.026715 0.047058
0 0.813862 0.274943 0.032914 0.064615
0 0.462174 0.621882 0.022850 0.046786
2 0.031588 0.244478 0.063176 0.188613
0 0.579778 0.218519 0.035166 0.055179
2 0.051711 0.288351 0.074716 0.112289
0 0.948087 0.170445 0.046219 0.086529
2 0.039804 0.256585 0.079609 0.178387
0 0.739107 0.295087 0.023767 0.063175
