0 0.568319 0.626188 0.058661 0.093890
2 0.511149 0.513137 0.055503 0.089871
0 0.628848 0.615102 0.041583 0.075808
2 0.379250 0.689745 0.043724 0.076175
0 0.433682 0.905363 0.047049 0.072367
2 0.414353 0.568913 0.040365 0.082482
2 0.612999 0.200893 0.048249 0.113721
0 0.230889 0.220560 0.035115 0.095604
0 0.728201 0.358048 0.031160 0.055737
0 0.211010 0.108809 0.043623 0.069404
0 0.233213 0.618178 0.056783 0.087957
2 0.554714 0.115754 0.050093 0.124307
0 0.130495 0.495144 0.041091 0.061987
0 0.476133 0.730482 0.043020 0.094511
0 0.846573 0.886050 0.054310 0.100536
0 0.870134 0.096003 0.041654 0.071492
0 0.354060 0.055090 0.088124 0.110181
2 0.646917 0.389884 0.056427 0.121041
2 0.316601 0.389117 0.058768 0.101276
2 0.854931 0.441294 0.038596 0.089867
2 0.169694 0.038059 0.050305 0.075206
0 0.846090 0.514430 0.046611 0.067201
1 0.436896 0.080271 0.040107 0.060980
2 0.018592 0.461682 0.037052 0.105185
2 0.859266 0.821190 0.037140 0.055749
0 0.215468 0.940776 0.060495 0.100203
0 0.728449 0.837017 0.037642 0.053594
0 0.690338 0.163839 0.036766 0.070883
0 0.811419 0.956725 0.056038 0.082003
0 0.849845 0.564751 0.031339 0.050722
2 0.650285 0.414312 0.051521 0.096639
2 0.695625 0.739188 0.030902 0.052186
2 0.636982 0.866711 0.029082 0.047145
0 0.405125 0.732251 0.026957 0.068864
0 0.980245 0.372215 0.037550 0.060428
0 0.791931 0.898042 0.055772 0.072137
