0 0.078125 0.404167 0.0395833 0.0638889
0 0.182812 0.113889 0.0489583 0.112963
0 0.166276 0.00486111 0.0455729 0.0708333
0 0.53138 0.534954 0.0523437 0.0939815
0 0.59388 0.52338 0.0450521 0.0958333
0 0.699219 0.266204 0.0260417 0.0527778
0 0.442318 0.646528 0.0513021 0.103241
0 0.190885 0.521759 0.0557292 0.0935185
0 0.69362 0.747917 0.0299479 0.0597222
0 0.820052 0.421065 0.034375 0.0671296
0 0.394661 0.822917 0.0460938 0.0912037
0 0.815234 0.800694 0.0658854 0.11713
0 0.784505 0.871759 0.0393229 0.0833333
0 0.754167 0.915046 0.0354167 0.0634259
0 0.757552 0.808796 0.0390625 0.075
2 0.273047 0.281481 0.0789063 0.110185
2 0.359375 0.390278 0.0369792 0.0564815
2 0.374479 0.475231 0.0416667 0.0976852
2 0.475781 0.41875 0.0609375 0.118981
2 0.617969 0.302315 0.0739583 0.130556
2 0.58112 0.103704 0.0460938 0.0888889
2 0.529688 0.0273148 0.0348958 0.122222
2 0.402344 0.0115741 0.040625 0.0611111
2 0.337109 0.596759 0.0466146 0.0685185
2 0.828776 0.346065 0.0481771 0.0986111
2 0.601042 0.783333 0.0296875 0.0527778
1 0.39974 0.118519 0.0614583 0.105556
1 0.63737 0.755324 0.0658854 0.102315
2 0.833854 0.731481 0.0322917 0.0583333
