0 0.0484375 0.333796 0.0395833 0.0638889
0 0.163672 0.0351852 0.0513021 0.118519
0 0.531641 0.475694 0.0549479 0.0986111
0 0.599349 0.462731 0.0450521 0.0958333
0 0.709896 0.200463 0.0286458 0.0583333
0 0.437109 0.593287 0.0513021 0.103241
0 0.172917 0.461574 0.0557292 0.0935185
0 0.712109 0.707639 0.0315104 0.0625
0 0.836719 0.359028 0.034375 0.0671296
0 0.38776 0.780324 0.0484375 0.0958333
0 0.832422 0.756713 0.0726563 0.129167
0 0.799609 0.831713 0.0414063 0.0875
0 0.769141 0.879167 0.0372396 0.0666667
0 0.771875 0.766667 0.0390625 0.075
2 0.260417 0.20787 0.0828125 0.115741
2 0.350651 0.332407 0.0388021 0.0592593
2 0.366406 0.410417 0.0416667 0.0976852
2 0.473437 0.362731 0.0552083 0.10787
2 0.623698 0.231713 0.0776042 0.1375
2 0.589583 0.0314815 0.0484375 0.0935185
2 0.326823 0.53912 0.0489583 0.0717593
2 0.844661 0.296065 0.0481771 0.0986111
2 0.609635 0.733333 0.0296875 0.0527778
1 0.385156 0.018287 0.0645833 0.110648
1 0.644401 0.705093 0.0726563 0.112963
2 0.849349 0.693287 0.0356771 0.0643518
