0 0.601043 0.445225 0.045485 0.087813
2 0.471835 0.341915 0.058131 0.093593
0 0.534521 0.456109 0.060919 0.112623
2 0.367199 0.389885 0.043091 0.092498
0 0.056465 0.317763 0.049642 0.078953
2 0.329446 0.521711 0.042823 0.078318
0 0.835434 0.734683 0.067915 0.107947
2 0.621294 0.212986 0.065901 0.142761
0 0.388429 0.758326 0.053766 0.092485
0 0.710485 0.185501 0.031255 0.065917
0 0.770047 0.864366 0.044724 0.066780
2 0.147091 0.798114 0.075072 0.137620
0 0.170101 0.437804 0.069961 0.092971
0 0.708718 0.686155 0.037857 0.055747
2 0.609503 0.709876 0.033645 0.062603
1 0.647018 0.684487 0.077628 0.125856
2 0.848681 0.277527 0.041972 0.095586
2 0.263950 0.200670 0.065708 0.135616
0 0.438722 0.564697 0.054694 0.110613
0 0.781032 0.746441 0.052308 0.077071
0 0.354913 0.557770 0.031727 0.071912
0 0.790347 0.812227 0.072189 0.104222
2 0.852206 0.670071 0.036887 0.057714
0 0.773115 0.754771 0.045351 0.064762
2 0.670883 0.583081 0.037507 0.064138
0 0.837101 0.354706 0.052435 0.102534
0 0.780837 0.835857 0.069573 0.110350
1 0.393667 0.556012 0.069822 0.131293
