0 0.0765625 0.187963 0.0416667 0.0666667
0 0.531771 0.330787 0.0635417 0.114352
0 0.597135 0.312269 0.0473958 0.100463
0 0.703125 0.0828704 0.0302083 0.0611111
0 0.445833 0.43588 0.0567708 0.113426
0 0.191797 0.3125 0.0585938 0.0981481
0 0.702214 0.550694 0.0315104 0.0625
0 0.822005 0.226852 0.0361979 0.0703704
0 0.397005 0.613657 0.0507813 0.100463
0 0.817318 0.595139 0.0726563 0.129167
0 0.785417 0.664815 0.0432292 0.0916667
0 0.757031 0.704861 0.0390625 0.0699074
0 0.761589 0.6 0.0429688 0.0824074
0 0.647266 0.800463 0.0434896 0.0833333
2 0.27487 0.0703704 0.0789063 0.110185
2 0.360807 0.208565 0.0408854 0.0625
2 0.375781 0.26875 0.0416667 0.0976852
2 0.472396 0.225694 0.0609375 0.118981
2 0.619401 0.100694 0.0815104 0.143981
2 0.338932 0.391204 0.0466146 0.0685185
2 0.829297 0.191898 0.0481771 0.0986111
2 0.604818 0.580324 0.0283854 0.050463
1 0.639453 0.544907 0.0763021 0.118519
2 0.835156 0.5375 0.0375 0.0675926
