0 0.601937 0.238115 0.044647 0.089493
0 0.745906 0.641973 0.040306 0.077561
0 0.398692 0.513190 0.049660 0.103121
0 0.756440 0.540369 0.046809 0.065193
0 0.538897 0.246289 0.057334 0.117513
0 0.208647 0.201386 0.065300 0.093338
0 0.811915 0.533218 0.058825 0.096119
2 0.601370 0.490841 0.032490 0.077331
1 0.638562 0.458997 0.068553 0.113727
2 0.386602 0.170329 0.039230 0.090573
2 0.842217 0.118529 0.041966 0.084447
0 0.632258 0.710719 0.031858 0.075971
2 0.351758 0.292135 0.040319 0.097460
0 0.775962 0.590423 0.046087 0.078528
2 0.632664 0.051707 0.062377 0.103414
0 0.695705 0.477805 0.035480 0.045008
0 0.445658 0.334933 0.044089 0.108257
2 0.663085 0.387702 0.033373 0.057468
0 0.800997 0.662850 0.045314 0.074061
0 0.827506 0.182842 0.045297 0.079920
2 0.483237 0.125280 0.049585 0.115826
0 0.759926 0.531856 0.052527 0.080844
0 0.714365 0.031446 0.032138 0.062892
0 0.370012 0.315959 0.029005 0.071079
0 0.830030 0.230162 0.031316 0.048291
0 0.109274 0.078013 0.042237 0.068024
0 0.738339 0.586886 0.023120 0.039712
0 0.741929 0.601596 0.031786 0.065614
0 0.768772 0.513414 0.042349 0.082531
2 0.181604 0.518174 0.061158 0.123543
0 0.978198 0.125854 0.043236 0.089459
0 0.462486 0.337980 0.043408 0.079637
0 0.181062 0.519143 0.062505 0.123098
0 0.830444 0.222778 0.036626 0.058290
