0 0.709489 0.608806 0.042930 0.083302
0 0.376778 0.432431 0.047277 0.104803
0 0.585870 0.190546 0.048404 0.087928
0 0.523748 0.191269 0.059147 0.116078
0 0.779062 0.511036 0.060497 0.098272
2 0.839507 0.112560 0.039570 0.092009
2 0.379024 0.100829 0.041776 0.105797
1 0.612446 0.419223 0.073099 0.118256
0 0.429386 0.264729 0.049505 0.125083
0 0.190992 0.892888 0.102609 0.123095
0 0.722517 0.509255 0.048534 0.069945
2 0.474888 0.064330 0.045730 0.100884
0 0.817519 0.178266 0.044874 0.089227
0 0.208127 0.103098 0.064216 0.096563
2 0.573690 0.444929 0.033039 0.075921
2 0.981097 0.642753 0.037475 0.125221
0 0.739668 0.573628 0.053290 0.096215
0 0.760483 0.639553 0.047567 0.072591
0 0.591745 0.662174 0.032183 0.080870
0 0.667237 0.441021 0.034575 0.042006
2 0.628828 0.040414 0.052744 0.080828
2 0.168631 0.403019 0.057801 0.116708
0 0.725567 0.501298 0.059000 0.092417
0 0.345525 0.228550 0.040088 0.079886
2 0.801550 0.462557 0.033638 0.064256
0 0.595881 0.663923 0.043201 0.086520
2 0.342687 0.214978 0.047617 0.103770
