0 0.512891 0.183333 0.0575521 0.103704
0 0.57474 0.18125 0.0473958 0.100463
0 0.704297 0.0185185 0.0273438 0.0555556
0 0.204167 0.0930556 0.0557292 0.0935185
0 0.657812 0.43912 0.0260417 0.0513889
0 0.810677 0.165046 0.034375 0.0671296
0 0.365234 0.420602 0.0507813 0.100463
0 0.765885 0.509259 0.0692708 0.123148
0 0.728906 0.566204 0.0432292 0.0916667
0 0.69388 0.596759 0.0372396 0.0666667
0 0.707161 0.497222 0.0429688 0.0824074
0 0.578125 0.652546 0.0375 0.0717593
0 0.178385 0.863889 0.103646 0.118519
0 0.416146 0.258333 0.0489583 0.139815
2 0.361979 0.0180556 0.040625 0.062037
2 0.372396 0.0886574 0.0395833 0.0930556
2 0.475521 0.0548611 0.0552083 0.10787
2 0.618229 0.0113426 0.0776042 0.1375
2 0.328385 0.192361 0.0489583 0.0717593
2 0.828906 0.113657 0.0458333 0.0939815
2 0.160286 0.387963 0.0591146 0.133333
2 0.0332031 0.396528 0.0757812 0.11713
2 0.563542 0.428241 0.03125 0.0555556
1 0.594661 0.406944 0.0763021 0.118519
2 0.790104 0.463889 0.0375 0.0675926
