0 0.522526 0.171528 0.0549479 0.0986111
0 0.58138 0.182407 0.0408854 0.087037
0 0.73151 0.0342593 0.0260417 0.0527778
0 0.639714 0.463194 0.0273438 0.0541667
0 0.830339 0.239815 0.0361979 0.0703704
0 0.361198 0.364583 0.0484375 0.0958333
0 0.74362 0.569676 0.0658854 0.11713
0 0.700781 0.616898 0.0479167 0.101389
0 0.660937 0.634491 0.0354167 0.0634259
0 0.684505 0.538657 0.0450521 0.0865741
0 0.541016 0.649769 0.0393229 0.075463
0 0.148047 0.726389 0.0986979 0.112963
0 0.420703 0.218519 0.0466146 0.133333
0 0.711589 0.690741 0.0471354 0.0833333
2 0.396354 0.0483796 0.0416667 0.0976852
2 0.496354 0.0539352 0.0552083 0.10787
2 0.642187 0.0298611 0.0703125 0.124537
2 0.344141 0.143519 0.0466146 0.0685185
2 0.860807 0.178472 0.0481771 0.0986111
2 0.17474 0.27338 0.0536458 0.120833
2 0.0550781 0.258102 0.0757812 0.11713
2 0.547656 0.425463 0.0296875 0.0527778
1 0.580859 0.41713 0.0726563 0.112963
2 0.776823 0.531018 0.0338542 0.0611111
