0 0.560547 0.187037 0.0638021 0.135185
0 0.612109 0.217824 0.0429688 0.0912037
0 0.810938 0.163889 0.0223958 0.0851852
0 0.625391 0.522454 0.0273438 0.0541667
0 0.864453 0.410417 0.0481771 0.111574
0 0.381901 0.287269 0.0507813 0.100463
0 0.709766 0.680787 0.0658854 0.11713
0 0.656901 0.706019 0.0434896 0.0916667
0 0.613281 0.702315 0.0322917 0.0574074
0 0.654557 0.624306 0.0450521 0.0865741
0 0.497005 0.646528 0.0393229 0.075463
0 0.151953 0.527315 0.0903646 0.15
0 0.459245 0.18287 0.0466146 0.133333
0 0.65625 0.778472 0.0447917 0.0791667
0 0.38125 0.948843 0.0604167 0.075463
2 0.409896 0.0655093 0.034375 0.0800926
2 0.557552 0.0509259 0.0526042 0.102778
2 0.717188 0.080787 0.0776042 0.1375
2 0.909635 0.372222 0.0505208 0.103704
2 0.150781 0.074537 0.0645833 0.142593
2 0.239193 0.128009 0.0528646 0.129167
2 0.539714 0.441898 0.0283854 0.050463
1 0.570443 0.439815 0.0726563 0.112963
2 0.752865 0.666667 0.0338542 0.0611111
