0 0.496224 0.189352 0.0638021 0.135185
0 0.539974 0.227315 0.0408854 0.087037
0 0.751042 0.197454 0.0234375 0.0893519
0 0.544141 0.533796 0.0434896 0.0518519
0 0.788281 0.459028 0.0505208 0.11713
0 0.322005 0.265046 0.0507813 0.100463
0 0.609635 0.703704 0.0692708 0.123148
0 0.561068 0.718982 0.0455729 0.0962963
0 0.517448 0.703704 0.0354167 0.062963
0 0.559505 0.637037 0.0429688 0.0824074
0 0.407161 0.630556 0.0315104 0.0712963
0 0.0945313 0.46412 0.0859375 0.143056
0 0.394792 0.170833 0.0442708 0.126852
0 0.554167 0.793287 0.0447917 0.0791667
0 0.281771 0.924769 0.0604167 0.10787
2 0.34974 0.0497685 0.034375 0.0800926
2 0.495313 0.0534722 0.0552083 0.10787
2 0.658073 0.10625 0.0776042 0.1375
2 0.835938 0.422917 0.0557292 0.114352
2 0.124479 0.0263889 0.0645833 0.142593
2 0.196224 0.0905093 0.0528646 0.129167
1 0.490495 0.444444 0.0611979 0.118519
2 0.65625 0.693056 0.0338542 0.0611111
