2 0.609888 0.719570 0.045296 0.079442
0 0.754862 0.498839 0.064568 0.106040
0 0.514452 0.240939 0.047614 0.101369
0 0.078195 0.413399 0.072710 0.144648
0 0.304287 0.244175 0.041453 0.118767
0 0.560237 0.714358 0.053936 0.119447
0 0.514889 0.644719 0.044627 0.072291
0 0.476127 0.191312 0.059517 0.119428
2 0.637961 0.131363 0.069085 0.150148
0 0.734395 0.229483 0.034556 0.082130
0 0.379874 0.154301 0.057302 0.136675
2 0.805130 0.470594 0.060846 0.118425
0 0.232166 0.887795 0.054745 0.103415
0 0.506817 0.541018 0.035172 0.057279
0 0.511446 0.730418 0.055510 0.103648
0 0.773514 0.038547 0.038570 0.077094
1 0.459260 0.451857 0.061117 0.100991
2 0.378169 0.648237 0.058239 0.124900
0 0.193924 0.059492 0.043741 0.111495
2 0.339635 0.045663 0.050480 0.091326
2 0.047260 0.809515 0.034641 0.079231
2 0.485459 0.047722 0.046260 0.095445
0 0.474098 0.710667 0.033806 0.076157
0 0.503035 0.804006 0.038471 0.085581
0 0.993343 0.550153 0.013314 0.103400
2 0.382496 0.662868 0.055614 0.105293
