0 0.41875 0.194213 0.0578125 0.122685
0 0.448958 0.23912 0.0390625 0.0921296
0 0.671615 0.238194 0.0302083 0.0893519
0 0.444141 0.54375 0.0414063 0.049537
0 0.7125 0.488657 0.0572917 0.111574
0 0.247786 0.241898 0.0460938 0.0912037
0 0.494141 0.721296 0.0606771 0.110185
0 0.446094 0.729167 0.0479167 0.100926
0 0.438542 0.720833 0.0354167 0.062963
0 0.447786 0.65162 0.0450521 0.0865741
0 0.0410156 0.424074 0.0820313 0.136111
0 0.319401 0.161111 0.0466146 0.133333
0 0.436589 0.800463 0.0471354 0.0833333
0 0.171094 0.892824 0.0635417 0.113426
0 0.947786 0.543287 0.0460938 0.13287
1 0.950911 0.303009 0.0419271 0.0708333
2 0.286719 0.04375 0.0380208 0.0884259
2 0.426562 0.0497685 0.0609375 0.118981
2 0.578906 0.129861 0.0776042 0.1375
2 0.752865 0.472685 0.0614583 0.125926
2 0.142057 0.068287 0.0554687 0.135648
1 0.398177 0.449074 0.0583333 0.112963
2 0.545052 0.718056 0.0447917 0.0703704
