0 0.782849 0.736948 0.061309 0.122351
1 0.700100 0.220902 0.053581 0.080107
0 0.863678 0.548020 0.065242 0.123776
2 0.458791 0.366539 0.064620 0.143553
2 0.269549 0.599353 0.046440 0.083830
0 0.219113 0.597092 0.067564 0.115395
0 0.180882 0.427786 0.045702 0.057305
0 0.404362 0.390385 0.065957 0.100515
0 0.683692 0.620792 0.067261 0.153894
0 0.925011 0.511617 0.040636 0.067727
0 0.664311 0.445141 0.045315 0.086276
0 0.164421 0.097759 0.070354 0.133697
0 0.797798 0.316468 0.060741 0.098093
0 0.158353 0.595954 0.069080 0.105074
0 0.409563 0.136995 0.041472 0.088303
0 0.174071 0.522467 0.050393 0.071860
0 0.895206 0.398472 0.048529 0.127009
0 0.913459 0.418335 0.048317 0.099789
0 0.917435 0.424016 0.037035 0.080500
0 0.890098 0.390790 0.040001 0.106475
2 0.311264 0.058272 0.061210 0.116543
1 0.739972 0.362086 0.044371 0.093032
