2 0.489524 0.295645 0.062041 0.118165
0 0.432254 0.295840 0.066121 0.095113
0 0.757170 0.789431 0.063007 0.112178
0 0.881500 0.647928 0.066099 0.109122
1 0.752855 0.253967 0.046876 0.080697
0 0.670162 0.627887 0.073125 0.148772
2 0.284804 0.438926 0.043969 0.083539
0 0.845053 0.388243 0.060377 0.103629
0 0.243461 0.418204 0.059841 0.116026
0 0.969317 0.567113 0.046085 0.079867
0 0.233184 0.263025 0.044829 0.070378
0 0.190035 0.410144 0.066747 0.135860
0 0.946061 0.510257 0.044250 0.101139
0 0.678240 0.455090 0.049782 0.084798
0 0.208596 0.338152 0.053920 0.068773
2 0.361307 0.897849 0.105878 0.194509
2 0.962000 0.652516 0.042795 0.071039
0 0.470732 0.063365 0.038644 0.085442
0 0.922621 0.576776 0.036521 0.066325
2 0.782440 0.496241 0.037420 0.056647
0 0.683701 0.449546 0.064214 0.096998
