0 0.469661 0.043287 0.0372396 0.0856481
0 0.201042 0.263426 0.0479167 0.0574074
0 0.413932 0.264583 0.0721354 0.0958333
0 0.648568 0.466898 0.0450521 0.0893519
0 0.633984 0.628472 0.0622396 0.150463
0 0.728776 0.815046 0.0648438 0.109722
0 0.232552 0.199769 0.0427083 0.0662037
0 0.227474 0.346528 0.0648438 0.14213
0 0.18151 0.332639 0.0630208 0.141204
0 0.854427 0.7 0.0598958 0.124074
0 0.938411 0.573148 0.0382813 0.0935185
0 0.9625 0.63588 0.0421875 0.0884259
1 0.745182 0.281713 0.0481771 0.0791667
2 0.475911 0.275926 0.0617188 0.132407
2 0.309766 0.830324 0.103385 0.172685
2 0.267708 0.380324 0.0416667 0.0736111
0 0.83151 0.436343 0.0619792 0.099537
2 0.758464 0.523148 0.0330729 0.0657407
2 0.905339 0.640972 0.0361979 0.0689815
2 0.942187 0.727083 0.0489583 0.0782407
