0 0.396094 0.00833333 0.0411458 0.0944444
0 0.126953 0.131944 0.0434896 0.0518519
0 0.311328 0.195602 0.0721354 0.0958333
0 0.536589 0.446991 0.0450521 0.0893519
0 0.480339 0.605324 0.0539063 0.130093
0 0.167969 0.0824074 0.0447917 0.0694444
0 0.137109 0.215509 0.0648438 0.14213
0 0.11276 0.196759 0.0661458 0.148148
0 0.698568 0.793287 0.0627604 0.130093
0 0.835938 0.716204 0.0401042 0.0981481
0 0.860937 0.790741 0.0401042 0.0842593
0 0.516146 0.835185 0.0557292 0.112963
1 0.648828 0.336574 0.0585938 0.0962963
2 0.358724 0.226852 0.0757812 0.132407
2 0.154297 0.696991 0.103385 0.172685
2 0.776693 0.752546 0.0434896 0.0606481
2 0.819922 0.866667 0.0429688 0.0601852
2 0.71263 0.899074 0.0585938 0.0740741
2 0.17526 0.265046 0.0359375 0.0634259
0 0.713802 0.517824 0.0682292 0.109722
2 0.617318 0.572917 0.0299479 0.0597222
