0 0.363151 0.412731 0.0960938 0.129167
0 0.282422 0.562268 0.0924479 0.136574
0 0.542578 0.78287 0.0679687 0.118519
0 0.705208 0.729167 0.0401042 0.0981481
0 0.734115 0.803935 0.0489583 0.102315
0 0.324219 0.789815 0.053125 0.107407
0 0.584115 0.512731 0.0369792 0.0625
0 0.629687 0.753009 0.040625 0.0634259
0 0.679948 0.874768 0.0453125 0.0597222
1 0.511589 0.302315 0.0585938 0.0962963
2 0.198307 0.138889 0.0721354 0.125926
2 0.456641 0.544213 0.0299479 0.0597222
1 0.552604 0.450694 0.0359375 0.074537
