0 0.339762 0.544349 0.056333 0.113738
0 0.537143 0.554530 0.060673 0.114190
0 0.690264 0.524450 0.043501 0.110082
0 0.715607 0.603963 0.048960 0.092839
0 0.300092 0.339308 0.081568 0.133317
1 0.507075 0.115637 0.060213 0.099582
0 0.663039 0.659497 0.036444 0.051112
0 0.952733 0.738026 0.078774 0.106244
0 0.196611 0.898741 0.055988 0.075795
0 0.575860 0.307249 0.035857 0.056451
1 0.963373 0.373287 0.073255 0.156465
0 0.616168 0.540202 0.036745 0.059566
0 0.365753 0.204392 0.068953 0.105450
0 0.409274 0.942050 0.033359 0.082609
1 0.548754 0.260366 0.039178 0.082042
2 0.975938 0.450312 0.046531 0.086696
0 0.401861 0.951503 0.051773 0.096995
0 0.396277 0.967913 0.058171 0.064174
2 0.027425 0.385147 0.054850 0.165889
