0 0.372005 0.168519 0.0914062 0.123148
0 0.301823 0.303935 0.0880208 0.130093
0 0.535547 0.518056 0.0648438 0.112963
0 0.688021 0.493287 0.0421875 0.103241
0 0.71224 0.568287 0.0489583 0.102315
0 0.341667 0.50463 0.0557292 0.112963
0 0.571615 0.283565 0.0369792 0.0625
0 0.614844 0.503009 0.0447917 0.0699074
0 0.659896 0.621296 0.05 0.0657407
0 0.947266 0.701852 0.0835937 0.111111
0 0.202344 0.854861 0.0546875 0.0699074
0 0.376172 0.95463 0.0507813 0.0666667
0 0.409896 0.896065 0.0302083 0.104167
1 0.509635 0.081713 0.0645833 0.106019
1 0.963672 0.332407 0.0726563 0.14537
2 0.458464 0.292361 0.0299479 0.0597222
1 0.548698 0.227083 0.0359375 0.074537
