0 0.703883 0.460316 0.045085 0.096020
0 0.535293 0.397231 0.059158 0.105635
0 0.350197 0.376248 0.053378 0.109878
0 0.680080 0.387598 0.043987 0.109306
1 0.585402 0.912940 0.046394 0.073242
0 0.414025 0.754483 0.029762 0.082533
0 0.609439 0.388984 0.035808 0.052195
0 0.926369 0.587659 0.078132 0.095600
1 0.611250 0.961723 0.040215 0.069014
1 0.960225 0.234001 0.079551 0.154760
0 0.217041 0.713327 0.052012 0.072078
0 0.389107 0.812058 0.048687 0.074189
0 0.652790 0.506097 0.035008 0.046699
0 0.016256 0.392470 0.032512 0.103551
0 0.569467 0.167602 0.031536 0.049800
0 0.309859 0.178355 0.077283 0.122094
0 0.363956 0.060338 0.048811 0.079397
0 0.309401 0.976541 0.049120 0.046918
0 0.151128 0.899994 0.024951 0.045147
1 0.546939 0.125806 0.042940 0.083196
2 0.960061 0.321069 0.056939 0.094800
2 0.049286 0.242235 0.075728 0.138670
