0 0.316667 0.14838 0.0723958 0.106944
0 0.529557 0.356944 0.0648438 0.112963
0 0.672005 0.362037 0.0466146 0.113889
0 0.694792 0.436343 0.0421875 0.0884259
0 0.350911 0.321759 0.0585938 0.118519
0 0.561458 0.141898 0.0401042 0.0625
0 0.604557 0.359259 0.0361979 0.0472222
0 0.646224 0.473611 0.0382813 0.0342593
0 0.917708 0.560185 0.06875 0.0916667
0 0.216406 0.663657 0.0494792 0.0634259
0 0.385026 0.751389 0.0507813 0.0666667
0 0.410937 0.709722 0.0286458 0.0990741
0 0.30638 0.942824 0.0502604 0.0791667
0 0.15026 0.859491 0.025 0.0513889
1 0.928776 0.226157 0.0945313 0.147685
1 0.582031 0.879861 0.0515625 0.0717593
1 0.608594 0.923843 0.040625 0.0662037
1 0.536068 0.1 0.0299479 0.1
