0 0.297555 0.819602 0.058140 0.080503
0 0.699647 0.326049 0.050051 0.105796
0 0.674421 0.249617 0.048119 0.118827
0 0.530072 0.228061 0.067982 0.121387
0 0.925411 0.455809 0.077514 0.104463
0 0.344519 0.184194 0.059422 0.111976
0 0.204839 0.538821 0.054026 0.075278
0 0.383410 0.630457 0.056935 0.076132
0 0.604110 0.236920 0.041624 0.060401
1 0.584128 0.772496 0.051892 0.071063
0 0.407530 0.576201 0.031942 0.091589
0 0.134237 0.734531 0.024173 0.052734
0 0.650157 0.356745 0.042059 0.044961
1 0.611736 0.810807 0.047000 0.075037
0 0.309260 0.036796 0.079339 0.073591
0 0.203706 0.923172 0.025686 0.043054
0 0.014092 0.236269 0.027849 0.105598
1 0.954949 0.100094 0.083469 0.148042
2 0.952034 0.194731 0.074146 0.124771
