0 0.547526 0.125 0.0617188 0.107407
0 0.684375 0.156019 0.0489583 0.119444
0 0.706771 0.228472 0.0489583 0.102315
0 0.372656 0.075463 0.0645833 0.130556
0 0.616797 0.137963 0.0398437 0.0518519
0 0.659896 0.255556 0.0401042 0.0361111
0 0.922266 0.351852 0.0721354 0.0962963
0 0.244531 0.412037 0.0520833 0.0666667
0 0.408724 0.495602 0.0559896 0.0736111
0 0.433594 0.449074 0.0260417 0.0898148
0 0.333724 0.676157 0.0554687 0.0875
0 0.180469 0.6 0.0276042 0.0564815
0 0.443359 0.833796 0.0606771 0.0842593
0 0.0548177 0.137963 0.0346354 0.0888889
1 0.941146 0.0337963 0.0911458 0.152778
1 0.599219 0.642824 0.0484375 0.0634259
1 0.626562 0.667361 0.0286458 0.0486111
