0 0.592057 0.0569444 0.0617188 0.107407
0 0.727995 0.0949074 0.0466146 0.113889
0 0.750781 0.170139 0.0489583 0.102315
0 0.396615 0.0328704 0.0645833 0.130556
0 0.660807 0.0726852 0.0398437 0.0518519
0 0.704687 0.194444 0.0401042 0.0361111
0 0.972786 0.299537 0.0721354 0.0962963
0 0.283073 0.350694 0.0546875 0.0699074
0 0.451693 0.436343 0.0559896 0.0736111
0 0.476563 0.388889 0.0260417 0.0898148
0 0.375651 0.618519 0.0528646 0.0833333
0 0.216927 0.544444 0.0276042 0.0564815
0 0.488151 0.782176 0.0638021 0.0884259
0 0.0865885 0.075 0.0346354 0.0888889
0 0.465365 0.928935 0.0375 0.0736111
1 0.932552 0.056713 0.0786458 0.131944
1 0.64388 0.591204 0.0460938 0.0601852
1 0.673828 0.613657 0.0315104 0.0532407
1 0.226953 0.962731 0.0585938 0.074537
