0 0.594922 0.00138889 0.0648438 0.112963
0 0.736979 0.0430556 0.0442708 0.108333
0 0.762109 0.120139 0.0539063 0.1125
0 0.666536 0.025463 0.0398437 0.0518519
0 0.715104 0.143981 0.0421875 0.037963
0 0.963411 0.270833 0.0721354 0.0962963
0 0.273177 0.302546 0.0546875 0.0699074
0 0.452734 0.389583 0.0533854 0.0699074
0 0.476953 0.342361 0.0247396 0.0856481
0 0.371224 0.583333 0.0528646 0.0833333
0 0.204167 0.506944 0.0276042 0.0564815
0 0.491016 0.755787 0.0638021 0.0884259
0 0.0664063 0.0199074 0.0364583 0.0935185
0 0.466406 0.909491 0.0375 0.0736111
1 0.652604 0.555787 0.0484375 0.0634259
1 0.684505 0.578472 0.0315104 0.0532407
1 0.213021 0.952546 0.0614583 0.0782407
