0 0.374239 0.583039 0.063370 0.085990
0 0.764040 0.118539 0.055547 0.114007
0 0.275606 0.304049 0.059318 0.077510
1 0.655726 0.554651 0.053417 0.071637
0 0.493015 0.757840 0.069112 0.090942
0 0.738981 0.051014 0.047166 0.102028
1 0.216225 0.953510 0.063827 0.092981
0 0.977294 0.258829 0.045396 0.112245
0 0.461103 0.392458 0.057915 0.079750
0 0.470699 0.914039 0.042646 0.078752
0 0.205542 0.508997 0.027792 0.054003
0 0.668748 0.022221 0.042064 0.044443
0 0.716527 0.138114 0.043975 0.051511
0 0.480847 0.343195 0.032259 0.098456
0 0.063299 0.031704 0.041110 0.063407
0 0.598548 0.037053 0.059650 0.074107
1 0.688338 0.584511 0.042217 0.068961
0 0.279583 0.692009 0.025182 0.048219
