0 0.696224 0 0.0559896 0.0976852
0 0.83112 0.0268519 0.0565104 0.137963
0 0.858203 0.109259 0.0513021 0.107407
0 0.766667 0.0215278 0.0328125 0.0430556
0 0.815885 0.135648 0.0421875 0.037963
0 0.3875 0.313657 0.0572917 0.0736111
0 0.578906 0.399769 0.0484375 0.0634259
0 0.594922 0.338426 0.0273438 0.0944444
0 0.493359 0.590278 0.0528646 0.0833333
0 0.320573 0.523611 0.0369792 0.0759259
0 0.614453 0.762731 0.0669271 0.0930556
0 0.159115 0.031713 0.0421875 0.10787
0 0.598828 0.925231 0.0455729 0.0893519
0 0.400781 0.707176 0.0265625 0.0643518
1 0.764453 0.554861 0.0544271 0.074537
1 0.802865 0.585185 0.0427083 0.0574074
1 0.344922 0.967824 0.0585938 0.0875
