0 0.727083 0.0025463 0.0588542 0.102315
0 0.854818 0 0.0539063 0.131481
0 0.883984 0.0537037 0.0513021 0.107407
0 0.852604 0.0833333 0.0442708 0.0398148
0 0.457812 0.323843 0.0572917 0.0736111
0 0.65651 0.37662 0.0484375 0.0634259
0 0.669661 0.314815 0.0273438 0.0944444
0 0.583724 0.581944 0.0580729 0.0916667
0 0.402083 0.543056 0.0369792 0.0759259
0 0.710547 0.729861 0.0638021 0.0884259
0 0.205208 0.0664352 0.0442708 0.113426
0 0.711849 0.897917 0.0455729 0.0893519
0 0.492969 0.713657 0.0265625 0.0643518
1 0.828255 0.50162 0.0570313 0.0782407
1 0.871875 0.518981 0.0447917 0.0601852
1 0.466667 0.979167 0.0692708 0.0990741
