0 0.838975 0.827493 0.076991 0.134788
0 0.706582 0.666643 0.050338 0.085875
2 0.174748 0.671930 0.082902 0.115802
2 0.946622 0.505489 0.054500 0.143837
1 0.680224 0.327634 0.048588 0.096569
0 0.176009 0.761271 0.070919 0.087247
2 0.347764 0.900992 0.073232 0.186533
2 0.401378 0.894563 0.091621 0.210874
0 0.213169 0.626579 0.034735 0.057928
2 0.142644 0.931735 0.105437 0.136529
2 0.762174 0.148256 0.042138 0.165512
0 0.658094 0.794821 0.046694 0.083401
2 0.765590 0.138391 0.031768 0.149512
2 0.365296 0.898905 0.100756 0.202189
