1 0.454009 0.485855 0.070182 0.117355
2 0.502689 0.738556 0.060346 0.105659
0 0.355521 0.203630 0.049269 0.072642
2 0.499824 0.485995 0.038971 0.101416
2 0.376995 0.402409 0.039939 0.110681
2 0.502006 0.627553 0.040696 0.129695
2 0.272229 0.062723 0.055565 0.082382
2 0.430462 0.118560 0.072475 0.146829
0 0.238773 0.907997 0.079593 0.135397
2 0.454937 0.687998 0.052652 0.100824
2 0.541549 0.662375 0.033264 0.081278
2 0.449532 0.700050 0.041494 0.082958
2 0.090492 0.224505 0.043833 0.094673
2 0.239280 0.907621 0.075580 0.132910
2 0.547330 0.734851 0.031946 0.079489
2 0.460493 0.679033 0.054308 0.119726
2 0.466009 0.667625 0.041670 0.106815
2 0.837917 0.942679 0.064163 0.114641
0 0.888900 0.920877 0.040935 0.071291
