2 0.650325 0.820664 0.081286 0.109780
2 0.447946 0.200662 0.042842 0.066782
1 0.602593 0.590757 0.060843 0.105954
2 0.642482 0.595470 0.035504 0.089865
0 0.518196 0.330169 0.040171 0.069249
2 0.530734 0.499901 0.031726 0.093162
2 0.178071 0.343231 0.088864 0.158741
2 0.640321 0.713952 0.038018 0.096833
2 0.759653 0.101167 0.037234 0.111192
2 0.584258 0.256290 0.065126 0.138472
2 0.677372 0.752811 0.033843 0.065579
2 0.294467 0.333590 0.036502 0.079049
2 0.133149 0.165544 0.098283 0.150903
2 0.592114 0.775891 0.042499 0.075977
2 0.025416 0.376069 0.050832 0.078754
2 0.411157 0.947044 0.063336 0.105912
2 0.639004 0.825637 0.063546 0.098287
2 0.482336 0.143991 0.037480 0.089846
0 0.410649 0.947075 0.065984 0.105850
2 0.603394 0.752834 0.041413 0.098317
2 0.596176 0.765082 0.046944 0.096918
1 0.545021 0.105197 0.060580 0.113823
2 0.605053 0.739490 0.034669 0.075648
