0 0.5625 0.350231 0.0411458 0.0615741
1 0.635417 0.623611 0.0682292 0.105556
1 0.601042 0.119907 0.0619792 0.121296
2 0.634896 0.280556 0.0671875 0.140741
2 0.503385 0.215278 0.0375 0.0564815
2 0.661328 0.864583 0.0596354 0.106019
2 0.671615 0.760417 0.0338542 0.118056
2 0.620964 0.794213 0.0513021 0.108796
2 0.680078 0.641204 0.0341146 0.0935185
2 0.565885 0.527083 0.0260417 0.0865741
2 0.705729 0.801389 0.0328125 0.0731481
2 0.235417 0.334028 0.0833333 0.148611
2 0.820052 0.154861 0.0421875 0.0921296
2 0.539583 0.168981 0.0369792 0.0898148
2 0.426172 0.926157 0.0554687 0.074537
