1 0.711772 0.719333 0.058924 0.092342
0 0.668054 0.433753 0.037386 0.066915
2 0.621626 0.285931 0.039858 0.063076
2 0.662759 0.246256 0.036529 0.086075
2 0.747395 0.755586 0.038853 0.093203
1 0.729571 0.237407 0.059569 0.123638
2 0.654379 0.599766 0.027538 0.086269
2 0.464960 0.348848 0.032961 0.075494
2 0.478269 0.947933 0.053412 0.104134
2 0.957494 0.314609 0.051295 0.099924
2 0.711476 0.961225 0.073902 0.077549
2 0.745789 0.396232 0.059512 0.132434
0 0.983945 0.047463 0.032110 0.094926
2 0.728485 0.856891 0.042881 0.086367
2 0.369810 0.314136 0.074071 0.139366
2 0.358922 0.150405 0.075727 0.141041
2 0.762121 0.914639 0.039521 0.056960
2 0.678935 0.881663 0.052980 0.090213
2 0.239884 0.281579 0.037996 0.066741
2 0.720420 0.961434 0.097137 0.077133
