2 0.049434 0.690935 0.057408 0.096093
1 0.745446 0.827336 0.059143 0.085421
2 0.715922 0.358652 0.037938 0.080847
0 0.715294 0.543152 0.038183 0.061522
2 0.674407 0.391646 0.036612 0.053892
2 0.431376 0.395104 0.068102 0.120221
2 0.695071 0.701954 0.030089 0.088414
2 0.782114 0.865878 0.038091 0.086917
2 0.790812 0.522964 0.065451 0.137400
2 0.519462 0.432868 0.027476 0.068099
1 0.027305 0.106012 0.054610 0.117354
1 0.781932 0.360349 0.058787 0.118229
1 0.722098 0.043352 0.035153 0.062172
2 0.760258 0.961758 0.045258 0.071972
2 0.650798 0.082657 0.038432 0.115017
2 0.426491 0.235837 0.065045 0.124467
2 0.310366 0.348640 0.038282 0.063982
2 0.421353 0.050435 0.050920 0.100870
