0 0.727604 0.570602 0.0411458 0.0615741
1 0.797135 0.376157 0.065625 0.128241
1 0.761068 0.876389 0.0658854 0.0962963
1 0.733203 0.0472222 0.0351563 0.0527778
2 0.429818 0.411806 0.0585938 0.115278
2 0.423828 0.247917 0.0679687 0.140278
2 0.681901 0.12963 0.0377604 0.112963
2 0.808854 0.548148 0.0666667 0.150926
2 0.799349 0.916435 0.0341146 0.0921296
2 0.523047 0.45463 0.0257812 0.0731481
2 0.684766 0.409259 0.0367187 0.0611111
2 0.729427 0.375463 0.0401042 0.0898148
2 0.780729 1 0.0447917 0.0884259
2 0.038151 0.725231 0.0419271 0.0893519
2 0.659245 0.0831019 0.0346354 0.106944
2 0.419401 0.0509259 0.0518229 0.100926
2 0.302995 0.366204 0.0351563 0.0731481
2 0.707292 0.737963 0.0302083 0.0833333
