2 0.159547 0.860160 0.059264 0.096572
0 0.085247 0.577773 0.044878 0.123209
0 0.914482 0.693545 0.047749 0.074871
2 0.447409 0.468380 0.038548 0.070479
2 0.682351 0.561415 0.037088 0.080296
2 0.867791 0.523311 0.034090 0.062566
1 0.906283 0.121821 0.041938 0.068389
2 0.911327 0.482867 0.043344 0.095459
2 0.586016 0.518300 0.073702 0.141537
2 0.573439 0.089332 0.054217 0.145106
2 0.886166 0.733580 0.034185 0.068556
2 0.579648 0.336125 0.071816 0.122787
1 0.113078 0.188389 0.066472 0.122728
0 0.087590 0.958507 0.079872 0.082986
2 0.981378 0.663668 0.037244 0.094566
2 0.888727 0.862857 0.034978 0.067725
2 0.830332 0.163581 0.042243 0.114712
1 0.978759 0.486399 0.042482 0.107035
1 0.413208 0.508542 0.047735 0.075306
2 0.487720 0.690097 0.035531 0.076206
0 0.113131 0.188847 0.065249 0.122123
