0 0.270052 0.561343 0.0536458 0.129167
0 0.282031 0.947454 0.0796875 0.0662037
0 0.0764323 0.247685 0.0502604 0.0740741
0 0.081901 0.574537 0.0617188 0.0953704
1 0.271615 0.172917 0.0671875 0.130093
2 0.777083 0.494907 0.0677083 0.133333
2 0.774479 0.325231 0.0828125 0.170833
2 0.879948 0.537731 0.0307292 0.074537
2 0.358594 0.837269 0.0463542 0.0986111
2 0.764714 0.0722222 0.0518229 0.144444
2 0.639974 0.448148 0.0372396 0.0675926
2 0.228385 0.393287 0.0625 0.141204
2 0.682552 0.675231 0.0265625 0.0782407
2 0.18763 0.886574 0.0559896 0.0898148
