1 0.077968 0.320119 0.055176 0.110982
0 0.643374 0.762122 0.046783 0.094435
1 0.533291 0.513764 0.032766 0.063373
0 0.758613 0.664541 0.034192 0.080852
2 0.621159 0.171340 0.057845 0.134504
2 0.747634 0.135606 0.033786 0.135948
0 0.717528 0.506868 0.032633 0.098396
0 0.471977 0.070958 0.080703 0.139965
2 0.542158 0.290075 0.032304 0.075791
1 0.553422 0.626489 0.035397 0.071075
2 0.502409 0.336326 0.037100 0.107000
0 0.346769 0.213039 0.054341 0.112384
0 0.460443 0.197548 0.068386 0.122514
2 0.636735 0.485173 0.031602 0.074883
0 0.524652 0.237729 0.033382 0.052807
0 0.178272 0.675322 0.122309 0.174644
2 0.542120 0.377055 0.044011 0.103398
1 0.403394 0.040165 0.060678 0.080330
2 0.026071 0.487625 0.052141 0.118056
2 0.673878 0.620442 0.028966 0.089573
2 0.092664 0.248829 0.034689 0.062696
2 0.605302 0.555749 0.023090 0.058457
2 0.582053 0.490591 0.031879 0.068451
1 0.181623 0.052620 0.070009 0.105239
2 0.348986 0.360050 0.042841 0.093481
2 0.235306 0.398588 0.035589 0.055628
2 0.205610 0.430487 0.055416 0.101202
2 0.781795 0.259985 0.025878 0.079943
2 0.090389 0.142604 0.048009 0.110694
2 0.859136 0.681856 0.041757 0.109633
2 0.505642 0.322278 0.036829 0.104316
2 0.851897 0.673721 0.034356 0.092768
2 0.202357 0.424552 0.045846 0.082920
2 0.229059 0.404081 0.051767 0.063455
2 0.748520 0.125951 0.028141 0.110463
2 0.690383 0.554257 0.024058 0.074005
2 0.847270 0.666314 0.025299 0.073839
