0 0.711552 0.781519 0.047339 0.088165
1 0.619824 0.649320 0.036823 0.069949
1 0.139358 0.355909 0.054900 0.107698
2 0.683980 0.191160 0.055845 0.133142
0 0.409782 0.242116 0.057375 0.111118
1 0.595416 0.535813 0.034193 0.061455
0 0.783555 0.519725 0.031058 0.096116
1 0.457997 0.048193 0.057875 0.096386
0 0.824370 0.678034 0.037295 0.078336
0 0.523349 0.219759 0.067632 0.115242
2 0.079816 0.525350 0.067857 0.105415
2 0.604001 0.309202 0.032931 0.074713
0 0.586710 0.257688 0.032307 0.055604
2 0.802524 0.147303 0.040095 0.125733
0 0.532769 0.090881 0.083827 0.138568
0 0.248415 0.713514 0.144735 0.191430
2 0.299358 0.426889 0.042591 0.064670
2 0.262881 0.455452 0.045649 0.083325
2 0.564163 0.361402 0.035842 0.097035
1 0.238437 0.065467 0.071660 0.123320
2 0.151798 0.283398 0.033590 0.062404
2 0.700585 0.504172 0.036387 0.074561
2 0.840478 0.275979 0.033176 0.090943
2 0.605607 0.396302 0.046841 0.099374
2 0.144848 0.176570 0.054544 0.111736
2 0.644457 0.513510 0.026033 0.059489
2 0.911215 0.668879 0.027279 0.056924
2 0.407842 0.380024 0.042393 0.075540
2 0.671127 0.569079 0.025180 0.051111
2 0.742889 0.635587 0.034524 0.095312
0 0.233870 0.716942 0.104941 0.185879
2 0.573028 0.329040 0.030266 0.087469
2 0.805641 0.142841 0.026336 0.116525
2 0.569718 0.343080 0.032334 0.096661
