0 0.850651 0.835648 0.0492188 0.0935185
0 0.966146 0.728704 0.0447917 0.0796296
0 0.401823 0.783565 0.151562 0.193981
0 0.552604 0.310417 0.0552083 0.108796
0 0.923698 0.575463 0.0364583 0.107407
0 0.671094 0.153935 0.0864583 0.144907
0 0.663281 0.276852 0.0619792 0.107407
1 0.286979 0.433102 0.0541667 0.116204
1 0.591797 0.0881944 0.0643229 0.121759
1 0.383724 0.125463 0.0684896 0.124074
2 0.703516 0.418519 0.0346354 0.102778
2 0.545703 0.44213 0.0403646 0.0787037
2 0.405208 0.525926 0.0442708 0.0787037
2 0.838411 0.5625 0.0408854 0.0648148
2 0.78125 0.574306 0.0213542 0.0513889
2 0.803906 0.624074 0.0369792 0.062963
2 0.871615 0.689583 0.0635417 0.100463
2 0.925391 0.215972 0.0518229 0.116204
2 0.73737 0.369907 0.0377604 0.0675926
2 0.44349 0.497222 0.0427083 0.0592593
2 0.291146 0.359491 0.0447917 0.0523148
2 0.220182 0.600926 0.0731771 0.101852
0 0.71888 0.319444 0.0335938 0.0564815
2 0.745313 0.459491 0.0505208 0.109722
2 0.823047 0.254167 0.0554687 0.137963
1 0.733724 0.599306 0.0320312 0.0597222
1 0.759766 0.706713 0.0408854 0.0699074
