0 0.955729 0.881944 0.0515625 0.0981481
0 0.517318 0.832407 0.129427 0.190741
0 0.666276 0.36713 0.0638021 0.125926
0 0.761979 0.205556 0.0822917 0.137963
0 0.772396 0.334259 0.0619792 0.107407
1 0.40638 0.484954 0.0382813 0.101389
1 0.694531 0.146065 0.0583333 0.110648
1 0.500781 0.186343 0.0651042 0.118056
2 0.814844 0.470602 0.0364583 0.10787
2 0.651953 0.499074 0.0424479 0.0824074
2 0.515885 0.586111 0.0442708 0.0787037
2 0.933984 0.614815 0.0408854 0.0648148
2 0.88151 0.61875 0.0213542 0.0513889
2 0.902995 0.678472 0.0388021 0.0662037
2 0.966146 0.756019 0.0666667 0.105556
2 0.84349 0.418287 0.0359375 0.0643518
2 0.55599 0.558333 0.040625 0.0564815
2 0.403255 0.415046 0.0471354 0.0550926
2 0.333594 0.649537 0.0697917 0.0972222
0 0.833984 0.375926 0.0335938 0.0564815
2 0.85638 0.514815 0.0382813 0.0907407
2 0.927604 0.307407 0.0604167 0.12963
1 0.839193 0.648843 0.0320312 0.0597222
1 0.870443 0.76088 0.0429688 0.0578704
