0 0.473828 0.385417 0.0559896 0.0856481
0 0.215104 0.445833 0.0458333 0.137963
1 0.883724 0.729167 0.0367187 0.0842593
1 0.897396 0.0333333 0.0427083 0.0666667
1 0.174349 0.20162 0.0778646 0.18287
1 0.0878906 0.0516204 0.0539063 0.109722
2 0.877474 0.650926 0.0565104 0.0546296
2 0.759635 0.86088 0.0375 0.075463
2 0.206901 0.561111 0.0372396 0.0675926
2 0.350391 0.125231 0.0544271 0.14213
2 0.108984 0.38588 0.0924479 0.0893519
2 0.107813 0.297685 0.0453125 0.0851852
2 0.0630208 0.484491 0.0479167 0.0912037
2 0.0545573 0.165278 0.0601562 0.114815
2 0.0451823 0.584028 0.0726563 0.103241
2 0.263151 0.695833 0.0377604 0.0777778
0 0.129818 0.0664352 0.0268229 0.0699074
2 0.0486979 0.652083 0.0973958 0.123611
