0 0.750521 0.489352 0.0604167 0.0935185
0 0.519271 0.569907 0.0328125 0.139815
0 0.30013 0.21875 0.0294271 0.0708333
0 0.508984 0.0766204 0.0304688 0.106944
0 0.315625 0.0615741 0.0411458 0.0925926
0 0.305599 0.136806 0.0351563 0.0763889
0 0.633464 0.0560185 0.0408854 0.114815
1 0.489714 0.358796 0.0523437 0.158333
1 0.33763 0.209954 0.0497396 0.0763889
1 0.259766 0.458796 0.0414063 0.0824074
2 0.519531 0.678935 0.0291667 0.0708333
2 0.63099 0.265046 0.0302083 0.129167
2 0.441797 0.519907 0.0690104 0.0851852
2 0.436979 0.43588 0.0364583 0.0893519
2 0.400651 0.62963 0.0325521 0.0740741
2 0.38763 0.332639 0.0638021 0.127315
2 0.369792 0.702546 0.0354167 0.0828704
2 0.551562 0.788657 0.034375 0.0791667
2 0.458854 0.614583 0.084375 0.115278
2 0.330859 0.308796 0.0205729 0.0611111
2 0.295443 0.309028 0.0330729 0.0708333
2 0.23138 0.209491 0.0268229 0.0578704
2 0.405339 0.224537 0.0304688 0.0907407
0 0.444141 0.240741 0.0309896 0.0740741
2 0.375651 0.767361 0.0632813 0.111574
