0 0.742708 0.317361 0.0552083 0.0773148
0 0.578776 0.545833 0.0445312 0.12037
0 0.277214 0.382176 0.0341146 0.0819444
0 0.44388 0.0907407 0.0294271 0.106481
0 0.245703 0.210417 0.0528646 0.0921296
0 0.251953 0.291667 0.0388021 0.0842593
0 0.403516 0.681481 0.0335938 0.0657407
0 0.436458 0.290046 0.0270833 0.0856481
1 0.505078 0.366667 0.0497396 0.150926
1 0.307161 0.331019 0.0726563 0.0722222
1 0.320443 0.622454 0.0518229 0.0884259
1 0.157031 0.117824 0.046875 0.125463
2 0.601172 0.645602 0.0294271 0.0708333
2 0.590885 0.18287 0.0286458 0.123148
2 0.513672 0.562732 0.0596354 0.0736111
2 0.469661 0.495602 0.0382813 0.0939815
2 0.48138 0.7875 0.0325521 0.0740741
2 0.40625 0.446991 0.0578125 0.115278
2 0.490625 0.694676 0.0354167 0.0828704
2 0.640755 0.725694 0.0315104 0.0921296
2 0.540234 0.647917 0.0804688 0.109722
2 0.339453 0.438194 0.0273438 0.0726852
2 0.296615 0.474537 0.0338542 0.0722222
2 0.190495 0.42662 0.0309896 0.0671296
2 0.377344 0.288426 0.03125 0.0703704
2 0.495182 0.85 0.0752604 0.0962963
