0 0.666667 0.23912 0.0526042 0.0736111
0 0.56237 0.532407 0.0611979 0.102778
0 0.241016 0.513426 0.0393229 0.0685185
0 0.353646 0.1375 0.0427083 0.107407
0 0.173828 0.359028 0.0554687 0.0967593
0 0.192708 0.433565 0.0427083 0.0930556
0 0.411979 0.753241 0.0338542 0.0703704
0 0.381901 0.346296 0.0257812 0.0814815
0 0.0915365 0.133796 0.0799479 0.161111
1 0.462109 0.383102 0.0596354 0.155093
1 0.255859 0.452315 0.0778646 0.0907407
1 0.30599 0.778009 0.0619792 0.0884259
1 0.0669271 0.30463 0.0640625 0.152778
2 0.592057 0.616435 0.0309896 0.074537
2 0.508203 0.174769 0.0299479 0.129167
2 0.538932 0.632176 0.0486979 0.0884259
2 0.459375 0.521065 0.0364583 0.0893519
2 0.504427 0.815278 0.0359375 0.0814815
2 0.383854 0.503241 0.0708333 0.137963
2 0.498568 0.715278 0.0372396 0.087037
2 0.638672 0.675 0.0388021 0.0972222
2 0.488932 0.569676 0.0804688 0.109722
2 0.295964 0.544213 0.0299479 0.0800926
2 0.274479 0.589815 0.0390625 0.0759259
2 0.158724 0.598843 0.0367187 0.0856481
2 0.327083 0.377315 0.03125 0.0703704
2 0.528516 0.867593 0.0789063 0.100926
