2 0.568928 0.187875 0.027987 0.134932
2 0.454003 0.493988 0.080671 0.167463
0 0.167354 0.146191 0.080616 0.165810
1 0.529609 0.395627 0.054453 0.164587
0 0.449878 0.358443 0.027365 0.081642
0 0.318697 0.524864 0.040219 0.070199
0 0.726394 0.251894 0.053047 0.069717
0 0.268178 0.445158 0.044262 0.083708
2 0.565242 0.584037 0.066797 0.101493
0 0.624033 0.538719 0.059236 0.098798
2 0.234706 0.610741 0.037145 0.090048
0 0.249437 0.371219 0.064128 0.086246
2 0.350600 0.598217 0.036456 0.074130
0 0.421714 0.150088 0.037735 0.102734
1 0.379870 0.786710 0.058015 0.087972
0 0.482654 0.757828 0.030938 0.076960
2 0.402750 0.386593 0.033764 0.075319
2 0.697937 0.681774 0.035488 0.096376
2 0.528869 0.536001 0.047282 0.100991
2 0.572267 0.727391 0.035641 0.069475
1 0.144787 0.321158 0.073751 0.155848
2 0.655480 0.624178 0.030092 0.071564
2 0.595906 0.878282 0.077663 0.089397
2 0.386180 0.543126 0.028272 0.073219
1 0.020363 0.117288 0.040727 0.114265
2 0.480864 0.659031 0.026487 0.054523
2 0.606617 0.638630 0.053563 0.089268
2 0.603719 0.660078 0.058634 0.121493
2 0.575887 0.821269 0.041083 0.078919
1 0.331117 0.450067 0.073528 0.085135
2 0.600228 0.679541 0.053772 0.098906
2 0.594392 0.864117 0.085354 0.119919
2 0.566716 0.172475 0.023238 0.118726
0 0.362945 0.539304 0.030811 0.064301
