0 0.744792 0.252083 0.05 0.0699074
0 0.648047 0.544444 0.0611979 0.102778
0 0.344661 0.529398 0.0414063 0.0717593
0 0.444792 0.153241 0.0427083 0.107407
0 0.274609 0.374306 0.0554687 0.0967593
0 0.292448 0.449306 0.0447917 0.0976852
0 0.506771 0.767593 0.0354167 0.0740741
0 0.473958 0.361806 0.0322917 0.0847222
0 0.195703 0.150926 0.0799479 0.161111
1 0.552474 0.399306 0.0596354 0.155093
1 0.354297 0.466667 0.0778646 0.0907407
1 0.40625 0.790509 0.0619792 0.0884259
1 0.172917 0.322222 0.0671875 0.160185
1 0.0507813 0.119213 0.0463542 0.127315
2 0.676953 0.629861 0.0325521 0.0782407
2 0.588542 0.181944 0.0286458 0.123148
2 0.629687 0.645602 0.0536458 0.0976852
2 0.552474 0.537269 0.0382813 0.0939815
2 0.600781 0.830093 0.0359375 0.0814815
2 0.479427 0.491435 0.0708333 0.152315
2 0.596484 0.730556 0.0372396 0.087037
2 0.71888 0.687037 0.0388021 0.0972222
2 0.58099 0.585185 0.0765625 0.10463
2 0.413802 0.552083 0.0286458 0.0763889
2 0.379427 0.604167 0.0390625 0.0759259
2 0.26237 0.612731 0.0367187 0.0856481
2 0.417969 0.401157 0.0296875 0.0671296
2 0.622005 0.881019 0.0752604 0.0962963
