2 0.718500 0.230072 0.026386 0.141072
2 0.600476 0.514604 0.077203 0.160134
1 0.510783 0.794083 0.056321 0.083927
0 0.345821 0.127212 0.075903 0.177157
0 0.469395 0.520469 0.031116 0.066140
0 0.759973 0.596277 0.063210 0.107831
0 0.410716 0.359120 0.057326 0.082257
1 0.315056 0.297658 0.068544 0.158915
0 0.422695 0.435926 0.047568 0.085128
0 0.599649 0.383213 0.027437 0.088212
1 0.675871 0.434926 0.054716 0.163465
2 0.383985 0.589778 0.033644 0.091181
0 0.582531 0.173622 0.035977 0.101799
2 0.697044 0.634242 0.073345 0.097935
2 0.552561 0.405226 0.032895 0.082027
2 0.494451 0.599402 0.031745 0.079905
0 0.607101 0.791832 0.035714 0.070220
2 0.703114 0.773605 0.027112 0.071535
0 0.873960 0.324150 0.051662 0.075661
2 0.819759 0.755755 0.033642 0.097129
1 0.209861 0.071021 0.044260 0.123199
2 0.720084 0.938504 0.071440 0.086815
0 0.669687 0.045640 0.033578 0.091280
2 0.615839 0.689121 0.023680 0.052937
2 0.670910 0.577719 0.049910 0.107199
1 0.481824 0.450616 0.072331 0.081460
2 0.783544 0.690008 0.034844 0.066468
2 0.741662 0.702061 0.045483 0.103506
2 0.701203 0.868369 0.037288 0.076774
2 0.500141 0.587334 0.031702 0.073997
1 0.483993 0.457820 0.060372 0.073869
2 0.689709 0.609619 0.091942 0.145892
2 0.714593 0.915226 0.072471 0.131503
2 0.511762 0.551480 0.031385 0.074048
2 0.530627 0.555424 0.021881 0.070338
2 0.675659 0.584077 0.066652 0.123739
2 0.737578 0.722458 0.042126 0.106642
1 0.488419 0.465271 0.049760 0.063565
