0 0.905469 0.336806 0.05 0.0699074
0 0.790755 0.611806 0.0643229 0.10787
0 0.501302 0.530093 0.0286458 0.0601852
0 0.61862 0.185417 0.0367187 0.0958333
0 0.441536 0.358796 0.0611979 0.106481
0 0.453646 0.4375 0.0458333 0.0888889
0 0.636198 0.796528 0.0364583 0.0578704
0 0.634635 0.395139 0.0291667 0.0875
0 0.384635 0.128472 0.0838542 0.168981
1 0.709115 0.445833 0.059375 0.171296
1 0.510807 0.462963 0.0778646 0.0907407
1 0.538151 0.796759 0.0591146 0.0842593
1 0.34987 0.301852 0.0627604 0.160185
1 0.244661 0.0555556 0.0341146 0.0944444
2 0.777083 0.699537 0.028125 0.0675926
2 0.755599 0.247917 0.0299479 0.129167
2 0.704036 0.596759 0.0591146 0.107407
2 0.731641 0.884028 0.0382813 0.075463
2 0.630859 0.515972 0.0674479 0.144907
2 0.733464 0.790741 0.0273438 0.0675926
2 0.81276 0.704861 0.0369792 0.0893519
2 0.730469 0.655787 0.0661458 0.0902778
2 0.563411 0.563194 0.0299479 0.0800926
2 0.521875 0.611806 0.0296875 0.0680556
2 0.414583 0.5875 0.0385417 0.0898148
2 0.585677 0.403704 0.03125 0.0703704
2 0.743099 0.944907 0.0752604 0.0962963
0 0.707552 0.0638889 0.0348958 0.0842593
