2 0.721138 0.509443 0.072573 0.166343
0 0.469476 0.118309 0.062403 0.162311
0 0.537944 0.427397 0.045389 0.081337
2 0.829193 0.225993 0.026619 0.135361
0 0.527407 0.350530 0.052842 0.082758
1 0.435729 0.285131 0.060656 0.158417
0 0.977043 0.329169 0.042684 0.079011
1 0.623128 0.784193 0.059350 0.084643
1 0.789834 0.430583 0.050693 0.182700
0 0.714478 0.377811 0.027479 0.086129
0 0.697218 0.164996 0.034419 0.106131
2 0.499795 0.576520 0.035022 0.086526
0 0.867214 0.601076 0.063236 0.106047
2 0.612179 0.593287 0.032183 0.076836
2 0.669091 0.395546 0.037531 0.083264
2 0.918403 0.761413 0.032405 0.098768
2 0.782246 0.578193 0.051060 0.098173
0 0.585420 0.508674 0.034559 0.062708
2 0.812127 0.633529 0.069298 0.093517
1 0.596674 0.443840 0.072000 0.084448
0 0.058664 0.125347 0.069936 0.105951
0 0.716146 0.791541 0.040147 0.067313
1 0.334185 0.056982 0.039664 0.113963
2 0.057960 0.278356 0.036787 0.097063
2 0.829397 0.939186 0.071672 0.091937
0 0.786154 0.041951 0.031735 0.083902
2 0.634879 0.544963 0.043014 0.083761
2 0.814734 0.773179 0.023858 0.068778
2 0.648888 0.550881 0.027539 0.074466
2 0.880700 0.696312 0.055530 0.074437
2 0.728812 0.687117 0.019963 0.052877
2 0.826514 0.919707 0.074092 0.126323
2 0.641980 0.547310 0.038424 0.078684
2 0.813424 0.868533 0.035123 0.071470
0 0.631526 0.543772 0.037907 0.080048
0 0.060343 0.115236 0.059675 0.085047
