2 0.904588 0.257096 0.030245 0.133372
1 0.713655 0.816666 0.058579 0.083480
1 0.871946 0.462491 0.055991 0.167125
0 0.630550 0.461404 0.044789 0.078428
1 0.527027 0.325699 0.057168 0.150816
0 0.564462 0.163023 0.059457 0.168008
0 0.618771 0.387375 0.059184 0.081656
2 0.809753 0.546581 0.078840 0.157623
2 0.898077 0.669173 0.067876 0.088899
2 0.707817 0.628452 0.033674 0.066489
2 0.756853 0.436760 0.037508 0.072896
2 0.592048 0.606239 0.038756 0.088422
0 0.781282 0.203600 0.037508 0.097300
0 0.947981 0.630759 0.060261 0.102700
0 0.158507 0.152039 0.053479 0.074933
0 0.801028 0.416387 0.027477 0.081093
1 0.688003 0.474639 0.070365 0.076916
1 0.432356 0.090723 0.036554 0.104336
0 0.678797 0.539928 0.038237 0.063498
2 0.958211 0.723653 0.059828 0.078716
2 0.155858 0.319042 0.028988 0.088531
0 0.864563 0.064516 0.031453 0.100864
2 0.868668 0.611009 0.054866 0.095668
1 0.134520 0.198921 0.035186 0.061232
2 0.743529 0.583993 0.028821 0.066603
2 0.985206 0.786960 0.029286 0.097407
2 0.912417 0.952523 0.070478 0.093728
2 0.901119 0.807024 0.024631 0.066425
2 0.307847 0.040526 0.043916 0.081051
2 0.727886 0.578406 0.043315 0.077405
0 0.724713 0.577264 0.040719 0.071916
2 0.818543 0.717898 0.023882 0.047150
1 0.030757 0.027062 0.042791 0.054124
0 0.802463 0.818990 0.044950 0.059305
2 0.738154 0.584495 0.041990 0.076377
