0 0.951172 0.646065 0.0643229 0.10787
0 0.691016 0.5625 0.0356771 0.0601852
0 0.789453 0.229167 0.0403646 0.105556
0 0.631771 0.410648 0.0541667 0.0768519
0 0.644141 0.485648 0.0434896 0.0777778
0 0.813411 0.827546 0.0382813 0.0643518
0 0.808203 0.444213 0.0242187 0.0810185
0 0.580208 0.192824 0.0567708 0.151389
0 0.181901 0.180787 0.0533854 0.0819444
1 0.880208 0.4875 0.059375 0.171296
1 0.697786 0.498148 0.0643229 0.075
1 0.724089 0.827315 0.0591146 0.0842593
1 0.54375 0.350231 0.0541667 0.138426
1 0.451042 0.121528 0.0348958 0.0986111
1 0.524479 0.0164352 0.0380208 0.0634259
2 0.910286 0.286343 0.0315104 0.135648
2 0.873438 0.632639 0.05625 0.102315
2 0.903906 0.909028 0.0364583 0.0717593
2 0.81901 0.560417 0.0708333 0.152315
2 0.908203 0.815278 0.0247396 0.0611111
2 0.961979 0.733565 0.0546875 0.0699074
2 0.897656 0.659954 0.0572917 0.0782407
2 0.738672 0.597222 0.0471354 0.0842593
2 0.717448 0.644676 0.0270833 0.0615741
2 0.605078 0.624306 0.0367187 0.0856481
2 0.765625 0.455093 0.040625 0.0731481
2 0.919922 0.964815 0.0752604 0.0962963
2 0.331901 0.0608796 0.0627604 0.0671296
1 0.060026 0.0398148 0.0528646 0.0972222
0 0.875781 0.0972222 0.0348958 0.0842593
