1 0.542026 0.369345 0.053860 0.144908
1 0.719425 0.835711 0.055404 0.079530
1 0.526853 0.044763 0.045235 0.089525
2 0.810035 0.576212 0.068508 0.143180
0 0.629179 0.432272 0.053600 0.070312
0 0.577427 0.221202 0.056984 0.153947
2 0.604817 0.643063 0.032884 0.083439
2 0.758864 0.476057 0.036208 0.071414
0 0.641059 0.500466 0.043070 0.077397
1 0.867770 0.500501 0.052390 0.159990
0 0.687631 0.577647 0.031965 0.057242
0 0.939482 0.658008 0.056141 0.103404
2 0.901769 0.303619 0.027589 0.137482
0 0.782892 0.254597 0.035660 0.094471
1 0.068686 0.058450 0.050905 0.108311
2 0.890979 0.694918 0.065348 0.089534
2 0.712086 0.661292 0.032347 0.068745
1 0.694935 0.513889 0.069741 0.077131
0 0.190919 0.208820 0.058324 0.080156
0 0.800816 0.457784 0.026986 0.082622
2 0.862375 0.643025 0.051600 0.088832
0 0.862427 0.121194 0.034306 0.097016
1 0.452876 0.147809 0.038961 0.109945
2 0.980571 0.803717 0.034406 0.085968
2 0.732669 0.614252 0.040383 0.082435
1 0.168066 0.246281 0.035413 0.059285
2 0.334591 0.092828 0.042880 0.067618
2 0.739060 0.614078 0.038336 0.075111
2 0.818024 0.744253 0.022082 0.054841
2 0.187544 0.359354 0.033382 0.080324
2 0.948832 0.748557 0.058863 0.069886
2 0.898773 0.306649 0.024384 0.117697
0 0.803250 0.838813 0.041479 0.058772
