0 0.934505 0.685417 0.0554687 0.0930556
0 0.683464 0.608796 0.0356771 0.0601852
0 0.777995 0.282639 0.0367187 0.0958333
0 0.626302 0.459722 0.0515625 0.0731481
0 0.638151 0.530556 0.0414063 0.0740741
0 0.801042 0.861111 0.0364583 0.0611111
0 0.796484 0.490972 0.0242187 0.0810185
0 0.577083 0.25162 0.0541667 0.143981
0 0.192318 0.233102 0.0533854 0.0819444
1 0.864583 0.533333 0.059375 0.171296
1 0.689714 0.545833 0.0643229 0.075
1 0.715234 0.861111 0.0591146 0.0842593
1 0.541276 0.402546 0.0492188 0.125463
1 0.453125 0.182639 0.0317708 0.0893519
1 0.524349 0.068287 0.0408854 0.0773148
1 0.345443 0.0287037 0.0382813 0.0731481
2 0.895833 0.332407 0.0286458 0.123148
2 0.859896 0.674074 0.0536458 0.0972222
2 0.888411 0.938426 0.0346354 0.0685185
2 0.805729 0.60625 0.0744792 0.159722
2 0.891927 0.85 0.0234375 0.0583333
2 0.944792 0.768056 0.0520833 0.0666667
2 0.880469 0.699074 0.0630208 0.0861111
2 0.729167 0.642824 0.0447917 0.0800926
2 0.709115 0.68588 0.0270833 0.0615741
2 0.600911 0.666898 0.0367187 0.0856481
2 0.755078 0.500926 0.0388021 0.0694444
2 0.905078 0.996296 0.0716146 0.0916667
2 0.336849 0.122454 0.0627604 0.0671296
2 0.220573 0.0701389 0.0307292 0.0597222
1 0.071224 0.0854167 0.0518229 0.1125
0 0.861458 0.151852 0.0348958 0.0842593
