1 0.717436 0.902742 0.054354 0.076741
1 0.539631 0.436900 0.056498 0.143160
2 0.806824 0.645156 0.077034 0.150024
2 0.756130 0.539849 0.037962 0.074284
0 0.780237 0.314266 0.034504 0.093138
0 0.627423 0.497394 0.056453 0.074033
2 0.897238 0.370676 0.025824 0.129575
1 0.525204 0.099395 0.047420 0.089365
0 0.638746 0.568019 0.045687 0.075257
1 0.066554 0.117303 0.052555 0.117633
0 0.936959 0.719365 0.057018 0.100779
2 0.602060 0.706965 0.034966 0.088120
2 0.333434 0.157759 0.047432 0.067476
0 0.575494 0.282300 0.054186 0.145212
0 0.798988 0.521664 0.027117 0.080767
0 0.860151 0.178040 0.031337 0.084193
1 0.866791 0.567459 0.054448 0.161285
0 0.683979 0.646334 0.033878 0.060423
1 0.692562 0.577969 0.070618 0.082809
1 0.341789 0.054905 0.039761 0.080294
1 0.450873 0.219410 0.033545 0.085857
2 0.887281 0.762745 0.066514 0.093694
0 0.188421 0.263754 0.056635 0.075001
2 0.184614 0.423176 0.030947 0.088859
2 0.710319 0.726679 0.030478 0.062391
2 0.979985 0.860634 0.030403 0.082810
2 0.863250 0.706154 0.049451 0.087881
1 0.164501 0.302620 0.032029 0.054857
2 0.732845 0.681752 0.048071 0.081206
2 0.738736 0.680941 0.038021 0.073954
2 0.946491 0.807322 0.062901 0.075000
2 0.815732 0.808116 0.019427 0.048986
2 0.892719 0.894360 0.025836 0.065657
0 0.052013 0.230907 0.030043 0.054461
2 0.711858 0.721593 0.037351 0.076443
