0 0.944401 0.764352 0.0528646 0.0888889
0 0.6875 0.694907 0.0322917 0.0546296
0 0.784896 0.350231 0.0348958 0.0912037
0 0.629687 0.538426 0.0515625 0.0731481
0 0.641016 0.611111 0.0414063 0.0740741
0 0.804036 0.566898 0.0242187 0.0810185
0 0.578125 0.322917 0.0541667 0.143981
0 0.182422 0.296528 0.0533854 0.0819444
1 0.873438 0.611111 0.059375 0.171296
1 0.694661 0.624074 0.0643229 0.075
1 0.720312 0.952546 0.05625 0.0800926
1 0.541406 0.478472 0.0515625 0.131944
1 0.450781 0.259954 0.0333333 0.0939815
1 0.523307 0.132639 0.0408854 0.0773148
1 0.339323 0.0865741 0.0401042 0.0768519
1 0.159115 0.334259 0.034375 0.0564815
2 0.904818 0.396065 0.0257812 0.111574
2 0.872005 0.760648 0.0429688 0.087037
2 0.81276 0.691898 0.0708333 0.152315
2 0.901302 0.94213 0.0234375 0.0583333
2 0.952604 0.846991 0.0572917 0.0736111
2 0.890885 0.806019 0.0630208 0.0861111
2 0.738672 0.726852 0.0471354 0.0842593
2 0.713932 0.774769 0.0257812 0.0587963
2 0.603125 0.753241 0.0348958 0.0814815
2 0.762109 0.581481 0.0388021 0.0694444
2 0.33112 0.187269 0.0627604 0.0671296
2 0.209896 0.130324 0.0307292 0.0597222
1 0.0566406 0.143287 0.0518229 0.1125
0 0.870052 0.211343 0.0317708 0.0763889
