1 0.540928 0.543696 0.056593 0.145597
0 0.576831 0.388316 0.057782 0.152662
0 0.811329 0.628151 0.030233 0.085084
1 0.047441 0.202106 0.049320 0.119392
2 0.822198 0.761420 0.070487 0.153561
0 0.875538 0.264345 0.032366 0.090094
2 0.768611 0.650274 0.035834 0.068716
1 0.334856 0.140394 0.040067 0.078738
2 0.328347 0.245548 0.049811 0.070258
2 0.913640 0.451534 0.027584 0.123387
1 0.881718 0.667365 0.051858 0.167912
0 0.633972 0.607642 0.056138 0.077957
0 0.321905 0.055084 0.073552 0.109139
2 0.608043 0.827976 0.037637 0.096540
0 0.692591 0.770854 0.035424 0.056196
1 0.526362 0.188141 0.047272 0.085873
0 0.792270 0.409096 0.033056 0.087188
1 0.700892 0.693072 0.067403 0.079967
0 0.644570 0.678851 0.043565 0.077213
2 0.240012 0.085290 0.034361 0.085542
1 0.151670 0.392344 0.033989 0.058064
0 0.953692 0.828919 0.054615 0.097518
2 0.904608 0.889416 0.063578 0.095195
2 0.742677 0.803928 0.048701 0.085873
2 0.720550 0.852731 0.033336 0.068752
1 0.449284 0.320303 0.035023 0.094909
1 0.559104 0.064632 0.044109 0.074333
0 0.177593 0.352953 0.053992 0.079469
2 0.881202 0.823574 0.046880 0.089131
2 0.829852 0.052128 0.035321 0.094814
2 0.171995 0.521756 0.038377 0.096708
2 0.205357 0.185585 0.034200 0.069270
2 0.829832 0.936026 0.021436 0.053997
0 0.033286 0.319216 0.027150 0.045674
2 0.957260 0.924212 0.069891 0.094604
2 0.749120 0.032268 0.035141 0.064536
2 0.967576 0.926576 0.060111 0.089999
2 0.947502 0.923927 0.048320 0.084995
