0 0.959245 0.94838 0.0502604 0.0847222
0 0.695703 0.907639 0.0294271 0.049537
0 0.794531 0.531713 0.0348958 0.0912037
0 0.636719 0.738426 0.0515625 0.0731481
0 0.647266 0.815278 0.0434896 0.0777778
0 0.816016 0.761806 0.0221354 0.0736111
0 0.58151 0.51412 0.0541667 0.143981
0 0.173828 0.467824 0.0533854 0.0819444
0 0.320964 0.168287 0.0705729 0.116204
0 0.295833 0.050463 0.046875 0.116667
1 0.88737 0.798148 0.0565104 0.155556
1 0.701953 0.818981 0.0643229 0.075
1 0.54388 0.676389 0.0570313 0.14537
1 0.450781 0.44838 0.0348958 0.0986111
1 0.525391 0.315509 0.0429688 0.0810185
1 0.336458 0.263426 0.0401042 0.0768519
1 0.150391 0.505556 0.0361979 0.0592593
1 0.558594 0.187963 0.046875 0.0805556
2 0.917969 0.563194 0.0270833 0.11713
2 0.889714 0.956019 0.0429688 0.087037
2 0.826302 0.896065 0.0708333 0.152315
2 0.90625 0.99375 0.0661458 0.0902778
2 0.74401 0.943287 0.0494792 0.0884259
2 0.724479 0.991898 0.0270833 0.0615741
2 0.608203 0.956713 0.0367187 0.0856481
2 0.773177 0.78125 0.0369792 0.0662037
2 0.328646 0.365741 0.0489583 0.0675926
2 0.170312 0.637731 0.0390625 0.0921296
2 0.240234 0.206019 0.0325521 0.087037
2 0.752995 0.109028 0.0471354 0.1125
2 0.204948 0.307639 0.0416667 0.0856481
1 0.0451823 0.316435 0.0518229 0.1125
0 0.880729 0.384491 0.0333333 0.0800926
2 0.832943 0.17037 0.0372396 0.108333
