0 0.328540 0.129013 0.070484 0.116833
1 0.342258 0.221549 0.040418 0.079815
0 0.578356 0.479006 0.052742 0.137052
1 0.455248 0.412974 0.031615 0.082169
1 0.542429 0.619867 0.052775 0.123508
2 0.336581 0.324324 0.053816 0.071889
2 0.752576 0.714115 0.034883 0.067104
0 0.781740 0.479097 0.035678 0.087787
0 0.679549 0.831700 0.034004 0.051708
1 0.689056 0.752821 0.065827 0.086366
2 0.798848 0.821171 0.076624 0.147146
0 0.628733 0.680733 0.051468 0.069651
0 0.637871 0.747438 0.042389 0.073663
0 0.867153 0.334959 0.028603 0.086303
0 0.920181 0.859200 0.046392 0.085354
1 0.527971 0.275503 0.040814 0.077239
2 0.752580 0.065680 0.045593 0.114988
1 0.398976 0.140220 0.038126 0.060814
1 0.058306 0.267537 0.049994 0.114388
2 0.214294 0.259449 0.035069 0.079576
2 0.830229 0.123961 0.037527 0.097176
2 0.900545 0.496713 0.025752 0.109938
2 0.246324 0.159561 0.032344 0.081382
2 0.601553 0.878385 0.036574 0.086926
1 0.168170 0.448206 0.038122 0.052474
2 0.704179 0.904737 0.028802 0.064143
0 0.190834 0.415312 0.053411 0.079488
1 0.858258 0.721932 0.050819 0.151006
2 0.873427 0.920019 0.072623 0.100608
0 0.793411 0.693210 0.026293 0.074515
2 0.190362 0.575222 0.033767 0.084748
2 0.942347 0.948079 0.052889 0.085979
2 0.722880 0.857167 0.045148 0.083516
0 0.297888 0.031154 0.044318 0.062307
0 0.051493 0.389013 0.025840 0.047667
1 0.559827 0.150736 0.046281 0.076457
2 0.855173 0.871241 0.036372 0.082162
