1 0.544308 0.691969 0.052302 0.117371
0 0.580345 0.553571 0.052596 0.133284
1 0.530039 0.344588 0.042552 0.086798
1 0.456091 0.482849 0.033076 0.085350
2 0.335508 0.389392 0.051816 0.068063
0 0.322999 0.185012 0.072377 0.123740
0 0.681035 0.902750 0.030584 0.052657
1 0.339942 0.281994 0.040529 0.077798
0 0.786634 0.546843 0.033467 0.084117
0 0.630860 0.751330 0.050796 0.080535
2 0.754668 0.783643 0.033455 0.058256
1 0.690362 0.822126 0.062740 0.077348
2 0.801434 0.887593 0.058888 0.140950
0 0.919002 0.915204 0.048693 0.077195
2 0.760572 0.118585 0.046035 0.114860
0 0.876858 0.392459 0.030183 0.084072
0 0.639891 0.818241 0.040669 0.071987
2 0.209590 0.318458 0.039139 0.083901
2 0.239539 0.221208 0.035497 0.087907
2 0.841580 0.179171 0.034748 0.088298
1 0.859380 0.781509 0.050185 0.142724
1 0.049741 0.323536 0.054945 0.112374
0 0.797192 0.759539 0.026933 0.067233
2 0.723044 0.927929 0.046219 0.092243
0 0.291566 0.052225 0.050089 0.104451
1 0.398686 0.199839 0.041147 0.063387
2 0.906031 0.553455 0.023821 0.103957
0 0.184508 0.477081 0.058938 0.090377
1 0.562933 0.217992 0.048545 0.090869
2 0.602662 0.945317 0.036590 0.082138
2 0.187678 0.634511 0.038701 0.101003
2 0.866589 0.953993 0.067469 0.092013
0 0.044893 0.449706 0.028358 0.051393
2 0.858086 0.947565 0.044994 0.082315
2 0.029726 0.258807 0.024025 0.042916
1 0.164455 0.502921 0.038152 0.054719
2 0.870055 0.963224 0.070711 0.073553
