2 0.415574 0.514811 0.053791 0.069257
1 0.477738 0.330074 0.041535 0.061616
1 0.419468 0.405983 0.041720 0.082402
1 0.536809 0.611725 0.030362 0.079782
0 0.404212 0.315737 0.071410 0.114772
1 0.611418 0.469264 0.041269 0.086184
1 0.623311 0.814093 0.051019 0.113145
0 0.663842 0.678089 0.049166 0.127440
1 0.128706 0.444171 0.054677 0.109836
0 0.370669 0.173344 0.050011 0.116006
0 0.865080 0.660753 0.035440 0.080216
0 0.710299 0.871319 0.047285 0.070213
0 0.720463 0.938031 0.042919 0.071265
1 0.934889 0.900564 0.048120 0.144249
0 0.260329 0.588405 0.057409 0.089547
2 0.107394 0.380042 0.023595 0.051759
2 0.922886 0.300032 0.036563 0.085556
2 0.845884 0.240257 0.046000 0.102304
2 0.831153 0.901356 0.034125 0.063160
2 0.288392 0.438875 0.039405 0.078612
2 0.321390 0.345517 0.036816 0.088973
1 0.770086 0.940900 0.055908 0.086305
0 0.955742 0.506901 0.025899 0.074162
2 0.869685 0.954387 0.046055 0.077815
2 0.263795 0.745462 0.033800 0.089473
2 0.979942 0.661108 0.027415 0.080896
0 0.875225 0.879064 0.025983 0.057779
2 0.063114 0.436551 0.023435 0.067715
0 0.124227 0.566670 0.028341 0.051551
1 0.646492 0.348107 0.045832 0.085749
