0 0.487807 0.341606 0.065221 0.115320
1 0.710522 0.834285 0.050781 0.111969
1 0.503367 0.430752 0.038981 0.079974
1 0.699209 0.491574 0.045094 0.085071
0 0.752134 0.698511 0.051284 0.128574
0 0.454168 0.201976 0.048398 0.116906
2 0.502043 0.539433 0.047326 0.066819
1 0.561359 0.352250 0.036645 0.065375
1 0.623906 0.639535 0.031819 0.081235
1 0.858955 0.955866 0.055149 0.079782
1 0.210608 0.475088 0.048024 0.109470
2 0.407453 0.376116 0.032102 0.087441
2 0.928972 0.257709 0.049274 0.111684
0 0.799549 0.889103 0.050572 0.068952
0 0.949002 0.673577 0.033962 0.073947
2 0.370311 0.464118 0.035371 0.073138
1 0.317757 0.641252 0.033732 0.054290
0 0.343978 0.613498 0.051610 0.084484
2 0.345883 0.775849 0.032285 0.082325
0 0.804873 0.952995 0.043314 0.065005
2 0.187818 0.411607 0.021481 0.043505
2 0.917810 0.918141 0.038922 0.061397
2 0.960829 0.970738 0.045906 0.058524
0 0.207299 0.597417 0.028514 0.049248
1 0.735572 0.374229 0.055687 0.093633
