0 0.454879 0.271111 0.071904 0.154123
0 0.894005 0.707949 0.058883 0.085411
0 0.741921 0.376291 0.037165 0.072128
0 0.297774 0.160309 0.035403 0.071573
2 0.341671 0.711667 0.050592 0.083074
0 0.226917 0.830390 0.056742 0.076956
0 0.548094 0.155809 0.048854 0.105058
0 0.345168 0.806941 0.057608 0.083137
0 0.742775 0.844949 0.088106 0.087327
0 0.688427 0.294509 0.035087 0.057425
0 0.251344 0.939353 0.030863 0.055327
0 0.550042 0.025651 0.037362 0.051302
0 0.490063 0.222571 0.027980 0.089802
1 0.394652 0.138618 0.033671 0.049515
0 0.286237 0.929932 0.031941 0.054190
1 0.707108 0.347573 0.037662 0.073162
1 0.447048 0.073885 0.044930 0.068787
0 0.503290 0.943529 0.041421 0.082628
0 0.760470 0.931693 0.103769 0.090422
0 0.230351 0.488698 0.034924 0.057034
2 0.423214 0.032203 0.024516 0.053677
0 0.748300 0.872057 0.097686 0.131565
