0 0.933203 0.807407 0.0492188 0.0731481
0 0.938932 0.871759 0.0471354 0.0611111
0 0.880729 0.631019 0.0526042 0.127778
0 0.445052 0.633565 0.05 0.0782407
0 0.582682 0.317361 0.0778646 0.128241
0 0.53776 0.186111 0.0484375 0.121296
1 0.995443 0.855787 0.0643229 0.103241
1 0.842839 0.776157 0.0502604 0.104167
1 0.745703 0.604398 0.0325521 0.0773148
1 0.81276 0.424306 0.0473958 0.104167
1 0.601563 0.412037 0.0401042 0.0768519
1 0.414714 0.666667 0.0361979 0.0592593
1 0.661589 0.316898 0.0419271 0.0634259
2 0.610417 0.526852 0.0421875 0.0583333
2 0.451562 0.800463 0.0354167 0.0833333
2 0.498698 0.372917 0.0359375 0.0958333
2 0.270182 0.45625 0.0309896 0.0476852
2 0.463411 0.473843 0.0372396 0.0560185
1 0.296875 0.516204 0.046875 0.101852
