0 0.614603 0.290834 0.069855 0.119153
0 0.929200 0.526797 0.053183 0.129178
0 0.558963 0.170434 0.050664 0.121499
1 0.798979 0.532465 0.036869 0.085956
1 0.848741 0.342335 0.046050 0.091362
1 0.692263 0.273355 0.041208 0.066607
1 0.902990 0.676743 0.045067 0.099701
1 0.639787 0.377844 0.042609 0.081440
2 0.656238 0.492233 0.050790 0.071112
1 0.346230 0.563549 0.059302 0.110373
2 0.539238 0.372531 0.036845 0.094656
1 0.470366 0.681048 0.032794 0.053296
2 0.505764 0.473842 0.035023 0.065796
0 0.497149 0.639610 0.056429 0.078132
2 0.520676 0.799028 0.035601 0.083879
0 0.980924 0.685346 0.038152 0.072233
0 0.500177 0.645155 0.047892 0.062286
2 0.312373 0.510864 0.025423 0.051399
