0 0.991667 0.590278 0.0515625 0.0768519
0 0.929688 0.453241 0.0552083 0.134259
0 0.511198 0.635417 0.05 0.0782407
0 0.609505 0.271065 0.0778646 0.128241
0 0.548828 0.161574 0.0460938 0.115741
1 0.910417 0.60162 0.0375 0.105093
1 0.803255 0.48125 0.0309896 0.0736111
1 0.840755 0.278704 0.0450521 0.0990741
1 0.638021 0.355556 0.0421875 0.0805556
1 0.483854 0.681481 0.034375 0.0564815
1 0.684505 0.238657 0.0440104 0.0662037
2 0.66237 0.466667 0.0445312 0.0611111
2 0.532161 0.797222 0.0320312 0.0759259
2 0.533333 0.359491 0.0359375 0.0958333
2 0.322005 0.539583 0.0341146 0.0523148
2 0.511328 0.472454 0.0408854 0.0615741
1 0.351042 0.581481 0.0447917 0.0972222
