0 0.604851 0.230762 0.066119 0.116341
1 0.394523 0.634797 0.064266 0.113355
1 0.826065 0.164807 0.047586 0.097100
1 0.641004 0.295288 0.041886 0.075069
1 0.929073 0.437973 0.040871 0.099313
0 0.532450 0.144293 0.053037 0.114017
2 0.547458 0.350323 0.036548 0.094907
2 0.677172 0.396988 0.045331 0.071633
2 0.532650 0.463225 0.036702 0.056673
0 0.548112 0.626099 0.061693 0.072099
1 0.528928 0.680194 0.033512 0.052144
1 0.815285 0.361105 0.032523 0.080388
0 0.927263 0.287997 0.050068 0.124274
1 0.676011 0.169652 0.034752 0.060350
2 0.597830 0.768556 0.030431 0.063701
0 0.988533 0.410548 0.022915 0.079235
2 0.350718 0.605221 0.026215 0.050009
