0 0.0575521 0.703935 0.0598958 0.16713
0 0.739193 0.577546 0.0549479 0.133796
0 0.424479 0.390046 0.0661458 0.133796
0 0.681901 0.0659722 0.0507813 0.125463
1 0.958724 0.215972 0.0648438 0.158796
2 0.130208 0.890046 0.0713542 0.126389
2 0.647266 0.831481 0.0372396 0.075
2 0.613151 0.555093 0.0747396 0.184259
2 0.939453 0.369907 0.0549479 0.108333
2 0.465234 0.286111 0.0398437 0.103704
2 0.740365 0.160185 0.0651042 0.117593
2 0.604818 0.224537 0.0664063 0.111111
2 0.41849 0.103935 0.0526042 0.115278
2 0.565234 0.0935185 0.0502604 0.137963
1 0.626693 0.285185 0.0710938 0.0972222
