0 0.0838542 0.79375 0.0598958 0.16713
0 0.723307 0.699306 0.0523437 0.127315
0 0.430339 0.529167 0.0570313 0.115741
0 0.668229 0.216204 0.0484375 0.119444
0 0.311458 0.206713 0.021875 0.0393519
0 0.257161 0.031713 0.0539063 0.0634259
1 0.916146 0.382176 0.0848958 0.127315
1 0.819792 0.101852 0.0916667 0.144444
2 0.154948 0.958565 0.075 0.13287
2 0.638021 0.927083 0.0338542 0.0680556
2 0.605599 0.678472 0.0710938 0.175463
2 0.909245 0.503935 0.0523437 0.103241
2 0.46875 0.420602 0.0380208 0.0986111
2 0.719922 0.313426 0.0684896 0.123148
2 0.596484 0.370139 0.0632813 0.106019
2 0.425521 0.257176 0.05 0.109722
2 0.561328 0.242593 0.0455729 0.125
2 0.449609 0.122222 0.0705729 0.15
