2 0.425482 0.334086 0.048260 0.109707
0 0.096323 0.837044 0.057184 0.132301
2 0.450558 0.212227 0.067264 0.144176
2 0.708898 0.386897 0.057976 0.122032
0 0.431018 0.597181 0.056819 0.120494
2 0.598280 0.736173 0.069620 0.169105
2 0.886709 0.580387 0.056337 0.112164
0 0.655844 0.295242 0.046412 0.109897
2 0.556069 0.325984 0.047771 0.132680
0 0.711599 0.768710 0.055417 0.134050
0 0.974294 0.511383 0.051411 0.116658
2 0.467227 0.498032 0.042506 0.105087
0 0.016993 0.523105 0.033987 0.081930
1 0.900553 0.455831 0.085814 0.138843
2 0.629391 0.173299 0.036364 0.089835
1 0.796976 0.196350 0.084290 0.139052
2 0.584058 0.447398 0.064461 0.108197
2 0.903507 0.054354 0.042515 0.084865
0 0.254705 0.077647 0.058829 0.119643
2 0.759335 0.862263 0.036443 0.079653
