0 0.100391 0.866898 0.0658854 0.114352
0 0.710938 0.802315 0.0588542 0.137037
0 0.430859 0.626852 0.0570313 0.115741
0 0.653776 0.334722 0.0460938 0.113889
0 0.319792 0.31875 0.0229167 0.0412037
0 0.257292 0.127778 0.0572917 0.0972222
0 0.0201823 0.551389 0.0320312 0.0694444
0 0.967708 0.541898 0.059375 0.122685
1 0.890625 0.490509 0.0848958 0.127315
1 0.794661 0.234028 0.0830729 0.131019
2 0.622005 1 0.0320312 0.0648148
2 0.594661 0.76875 0.0710938 0.175463
2 0.882031 0.606481 0.0473958 0.0935185
2 0.466276 0.516204 0.0398437 0.103704
2 0.704167 0.423843 0.0619792 0.111574
2 0.585547 0.475926 0.0601562 0.100926
2 0.42526 0.372454 0.05 0.109722
2 0.554297 0.353704 0.0455729 0.125
2 0.44987 0.249537 0.0674479 0.142593
2 0.89349 0.0969907 0.0484375 0.0939815
