2 0.424244 0.478700 0.047468 0.106571
0 0.646893 0.443562 0.042948 0.100002
1 0.782622 0.352548 0.076846 0.119032
2 0.448117 0.364088 0.065919 0.138260
0 0.429353 0.729185 0.055816 0.119481
2 0.870516 0.721251 0.055418 0.098080
2 0.694850 0.534582 0.059682 0.109320
0 0.960173 0.650032 0.058223 0.110971
0 0.025890 0.646133 0.034383 0.075214
2 0.884644 0.211710 0.048478 0.093007
2 0.463310 0.630825 0.036300 0.091279
2 0.591334 0.870492 0.064043 0.145607
0 0.104751 0.942638 0.062320 0.114723
2 0.548958 0.465890 0.043484 0.124899
0 0.701446 0.899096 0.052891 0.115804
0 0.259744 0.224604 0.061509 0.110146
1 0.883630 0.594843 0.078193 0.125644
0 0.857399 0.043331 0.042912 0.086662
2 0.622222 0.331449 0.033614 0.089976
2 0.582370 0.583018 0.061276 0.109876
0 0.984415 0.181897 0.031037 0.064908
