0 0.10013 0.967361 0.0658854 0.114352
0 0.699089 0.927315 0.0559896 0.130556
0 0.424609 0.752315 0.0544271 0.110185
0 0.643099 0.465278 0.0398437 0.0981481
0 0.252344 0.248148 0.0572917 0.0972222
0 0.022526 0.662037 0.0320312 0.0694444
0 0.95651 0.675694 0.059375 0.122685
0 0.984896 0.205787 0.0302083 0.0597222
1 0.875521 0.623843 0.0770833 0.115278
1 0.779948 0.378009 0.0755208 0.118981
2 0.584245 0.886574 0.0747396 0.184259
2 0.867448 0.736574 0.0473958 0.0935185
2 0.459245 0.653935 0.0304688 0.0699074
2 0.690104 0.567593 0.071875 0.12963
2 0.578385 0.603472 0.0494792 0.0828704
2 0.41875 0.503009 0.05 0.109722
2 0.545703 0.479167 0.0455729 0.125
2 0.444271 0.384722 0.0609375 0.12963
2 0.882682 0.232176 0.0460938 0.0893519
2 0.759375 0.161343 0.0322917 0.0597222
