2 0.312459 0.588750 0.045290 0.100584
0 0.316110 0.843620 0.055043 0.114493
1 0.669336 0.470379 0.075936 0.123943
2 0.334554 0.471179 0.062531 0.132619
0 0.852400 0.763573 0.061652 0.110696
0 0.742312 0.147803 0.045091 0.111381
2 0.588737 0.640313 0.057207 0.103837
2 0.760408 0.833205 0.057838 0.107349
0 0.537292 0.551950 0.043914 0.106643
0 0.455746 0.122529 0.031277 0.083021
2 0.440264 0.573674 0.040916 0.109215
2 0.776536 0.324571 0.044661 0.096248
2 0.353390 0.737746 0.033960 0.078132
1 0.777932 0.710149 0.079977 0.127940
0 0.149144 0.327815 0.054216 0.095576
0 0.877244 0.290169 0.036645 0.059600
2 0.473085 0.692429 0.060170 0.106374
2 0.510950 0.443497 0.030462 0.077765
2 0.643317 0.254141 0.034940 0.065849
