2 0.148123 0.336371 0.047599 0.104623
0 0.272061 0.559022 0.042900 0.090724
2 0.493389 0.585431 0.040670 0.074856
2 0.279109 0.668750 0.044631 0.085263
2 0.198818 0.617102 0.042517 0.082798
2 0.533946 0.191202 0.038924 0.084295
1 0.363492 0.607875 0.062380 0.117680
2 0.112409 0.403540 0.039615 0.094301
1 0.833621 0.360330 0.045926 0.076152
2 0.648979 0.249997 0.075369 0.149130
2 0.127909 0.845456 0.054493 0.108493
2 0.756591 0.392127 0.046281 0.090556
2 0.191838 0.499210 0.033011 0.068313
0 0.303597 0.173462 0.028218 0.068715
2 0.765304 0.501288 0.032504 0.051356
0 0.504146 0.420363 0.047481 0.106864
1 0.338007 0.058687 0.058172 0.117375
0 0.587443 0.649589 0.035350 0.065174
0 0.761414 0.870570 0.080057 0.126419
0 0.053600 0.592652 0.053053 0.091300
0 0.438515 0.971587 0.052596 0.056825
0 0.186449 0.936430 0.042633 0.085579
2 0.350055 0.962262 0.038013 0.064007
2 0.231072 0.669925 0.029931 0.061908
1 0.961365 0.588016 0.054470 0.096183
2 0.399764 0.423798 0.041834 0.063004
