2 0.565117 0.644358 0.069658 0.149960
2 0.170305 0.675923 0.051231 0.087447
2 0.127695 0.565804 0.044445 0.072655
0 0.198459 0.578520 0.041168 0.088040
2 0.158708 0.291427 0.048210 0.089020
1 0.713493 0.908283 0.050592 0.086758
2 0.028149 0.690590 0.052956 0.086969
1 0.354652 0.216036 0.080289 0.151255
1 0.242266 0.696767 0.059768 0.111091
2 0.305695 0.580279 0.057564 0.067433
2 0.632620 0.858794 0.041121 0.100077
2 0.358007 0.797670 0.039277 0.081404
0 0.916183 0.092820 0.068868 0.116564
2 0.483138 0.490707 0.039554 0.086192
0 0.039235 0.820014 0.049298 0.085477
0 0.399828 0.669610 0.055295 0.099405
0 0.306746 0.292710 0.028833 0.063246
0 0.413945 0.935252 0.044991 0.074033
0 0.977501 0.889238 0.044663 0.085542
2 0.118464 0.321796 0.039313 0.079213
0 0.035159 0.424439 0.047306 0.078411
2 0.156601 0.461316 0.039896 0.068143
2 0.607955 0.965509 0.035482 0.068981
0 0.646906 0.309394 0.023004 0.041687
