1 0.260700 0.798208 0.051988 0.096930
2 0.554479 0.736143 0.067606 0.136261
1 0.354700 0.354651 0.075531 0.128521
2 0.191141 0.776156 0.048073 0.078242
2 0.175268 0.419923 0.041362 0.083197
2 0.057389 0.788528 0.049560 0.081506
0 0.215530 0.682710 0.037975 0.079288
0 0.861755 0.225650 0.068834 0.118247
2 0.477519 0.600290 0.036758 0.075678
0 0.311890 0.420666 0.030273 0.060377
2 0.366114 0.882878 0.039424 0.073967
2 0.150061 0.671174 0.041151 0.068471
1 0.690143 0.964176 0.046645 0.070588
0 0.936378 0.931816 0.053183 0.075466
0 0.403628 0.765705 0.048959 0.086347
2 0.314731 0.690013 0.046623 0.054698
0 0.061232 0.545416 0.046463 0.074774
0 0.963004 0.092582 0.068750 0.149666
2 0.618559 0.925752 0.036405 0.093097
0 0.367763 0.267428 0.028001 0.051795
0 0.623021 0.425379 0.021925 0.044511
1 0.070178 0.917660 0.047988 0.085590
2 0.161269 0.736527 0.036483 0.070189
0 0.071137 0.916647 0.045600 0.083009
2 0.136749 0.442149 0.031558 0.071061
