0 0.217187 0.709259 0.0395833 0.0777778
0 0.403906 0.787963 0.0447917 0.0777778
0 0.313021 0.44375 0.0286458 0.0699074
0 0.0643229 0.569676 0.046875 0.0726852
0 0.932943 0.948148 0.0476562 0.0712963
0 0.85625 0.248611 0.06875 0.113889
0 0.956771 0.131713 0.0640625 0.14213
0 0.940104 0.48588 0.0390625 0.0680556
1 0.354427 0.387963 0.0703125 0.125
1 0.2625 0.821065 0.0536458 0.0976852
1 0.688802 0.98588 0.0536458 0.0875
2 0.0622396 0.811806 0.0567708 0.0773148
2 0.19375 0.799306 0.0442708 0.0791667
2 0.14401 0.471296 0.0463542 0.0740741
2 0.368359 0.905556 0.0440104 0.0851852
2 0.315365 0.71412 0.0489583 0.0569444
2 0.480208 0.619444 0.0447917 0.0888889
2 0.619401 0.94213 0.0388021 0.0851852
2 0.552604 0.758333 0.065625 0.148148
2 0.154167 0.694676 0.0427083 0.0652778
2 0.176693 0.44375 0.0445312 0.0884259
2 0.345443 0.215972 0.0216146 0.0393519
