0 0.223047 0.816435 0.0341146 0.0671296
0 0.40625 0.905556 0.0447917 0.0777778
0 0.317057 0.565741 0.0273438 0.0666667
0 0.0723958 0.677083 0.046875 0.0726852
0 0.844792 0.377315 0.06875 0.113889
0 0.942578 0.262731 0.0580729 0.129167
0 0.928385 0.602546 0.0390625 0.0680556
0 0.617318 0.573843 0.0216146 0.0513889
0 0.363151 0.111343 0.0518229 0.0847222
1 0.35651 0.508796 0.0703125 0.125
1 0.268099 0.934259 0.0486979 0.0888889
1 0.967448 0.61088 0.0552083 0.0782407
1 0.916276 0.10463 0.0695312 0.149074
2 0.0707031 0.915046 0.0596354 0.0810185
2 0.20026 0.901389 0.0463542 0.0833333
2 0.151042 0.57963 0.0463542 0.0740741
2 0.31862 0.828241 0.0539063 0.062963
2 0.479948 0.735648 0.040625 0.0805556
2 0.552083 0.875694 0.0625 0.141204
2 0.158854 0.800926 0.040625 0.062037
2 0.181641 0.556944 0.0424479 0.0842593
2 0.348568 0.336806 0.0216146 0.0393519
