0 0.214714 0.948148 0.0325521 0.0638889
0 0.309375 0.689583 0.0286458 0.0699074
0 0.0567708 0.800231 0.046875 0.0726852
0 0.858073 0.50625 0.0723958 0.119907
0 0.96224 0.368056 0.0552083 0.123148
0 0.946615 0.725 0.0411458 0.0712963
0 0.622005 0.699074 0.0205729 0.0490741
0 0.355078 0.214583 0.0518229 0.0847222
0 0.0223958 0.318287 0.0276042 0.0476852
0 0.36263 0.547454 0.0304688 0.0625
1 0.35026 0.636111 0.0739583 0.131481
1 0.988542 0.728009 0.0552083 0.0782407
1 0.930469 0.217593 0.0729167 0.156481
2 0.138281 0.696759 0.0463542 0.0740741
2 0.315625 0.930787 0.0489583 0.0569444
2 0.479948 0.876389 0.040625 0.0805556
2 0.560026 0.95787 0.0596354 0.134259
2 0.145052 0.938657 0.0427083 0.0652778
2 0.169661 0.677546 0.0403646 0.0800926
2 0.34987 0.386343 0.0216146 0.0393519
