0 0.29375 0.877315 0.0265625 0.0527778
0 0.805208 0.458565 0.0723958 0.119907
0 0.877214 0.293287 0.0809896 0.183796
0 0.914453 0.623148 0.0372396 0.0648148
0 0.608724 0.743287 0.0216146 0.0513889
0 0.272786 0.376852 0.0570313 0.0935185
0 0.330078 0.712269 0.0304688 0.0625
1 0.328646 0.808796 0.0776042 0.137963
1 0.950781 0.621065 0.0526042 0.074537
1 0.884766 0.294907 0.0695312 0.149074
1 0.0688802 0.225 0.0440104 0.0675926
2 0.109635 0.961343 0.0265625 0.0541667
2 0.492708 0.9875 0.040625 0.0805556
2 0.148568 0.92662 0.0445312 0.0884259
2 0.289714 0.624768 0.0216146 0.0393519
2 0.513672 0.683102 0.0289063 0.0486111
2 0.970833 0.30787 0.0697917 0.105556
