0 0.329948 0.649306 0.0442708 0.10787
0 0.516667 0.822222 0.0213542 0.0601852
0 0.551823 0.9875 0.0197917 0.0305556
0 0.870964 0.0868056 0.0299479 0.0671296
0 0.759896 0.0770833 0.06875 0.114352
1 0.563672 0.899306 0.0606771 0.10787
1 0.0529948 0.829167 0.0445312 0.0824074
2 0.445443 0.81412 0.0216146 0.0393519
2 0.643359 0.586806 0.0268229 0.0550926
2 0.226563 0.237269 0.0265625 0.0699074
2 0.742708 0.824537 0.04375 0.0592593
2 0.404818 0.0925926 0.0174479 0.0490741
1 0.897396 0.0479167 0.0411458 0.0736111
