1 0.168855 0.875733 0.052061 0.097806
1 0.704728 0.886587 0.065912 0.129584
2 0.033820 0.454798 0.064284 0.143329
0 0.458320 0.668888 0.040134 0.112478
2 0.772810 0.567213 0.034597 0.067515
2 0.580808 0.818444 0.023321 0.040858
2 0.348865 0.265332 0.036624 0.074058
2 0.870730 0.794552 0.044749 0.069708
2 0.389470 0.721475 0.028957 0.056120
2 0.440993 0.758505 0.021832 0.058045
2 0.414397 0.757172 0.026055 0.054582
0 0.656162 0.823495 0.029147 0.060251
2 0.526127 0.098142 0.023378 0.046418
2 0.865990 0.060821 0.069184 0.121641
2 0.972895 0.729861 0.052697 0.142056
0 0.966475 0.056445 0.030836 0.054926
2 0.656211 0.823532 0.029170 0.060451
