0 0.501302 0.671528 0.0442708 0.10787
0 0.701563 0.818519 0.0182292 0.0518519
0 0.741667 0.978935 0.0213542 0.0412037
0 0.986198 0.0314815 0.0270833 0.0611111
0 0.889193 0.0328704 0.0757812 0.125926
0 0.980729 0.693981 0.0338542 0.0527778
1 0.753646 0.869907 0.0713542 0.137963
1 0.211719 0.897685 0.0515625 0.0953704
2 0.633724 0.818287 0.0216146 0.0393519
2 0.814062 0.561574 0.0432292 0.0777778
2 0.387891 0.280324 0.0351563 0.0736111
2 0.915104 0.780093 0.0458333 0.062037
2 0.563542 0.0993056 0.0260417 0.0467593
2 0.483984 0.765972 0.0263021 0.0643518
2 0.457161 0.758565 0.0289063 0.0458333
2 0.766797 0.136111 0.0393229 0.128704
2 0.0654948 0.488194 0.0638021 0.134722
