0 0.60625 0.674537 0.0421875 0.102778
0 0.817708 0.821759 0.0182292 0.0518519
0 0.852083 0.976852 0.0234375 0.0453704
0 0.979297 0.0340278 0.0721354 0.119907
0 0.088151 0.0766204 0.0632813 0.153241
0 0.116927 0.187037 0.0552083 0.118519
1 0.869922 0.875463 0.0679687 0.131481
1 0.305729 0.906482 0.0515625 0.0953704
2 0.491927 0.282176 0.0369792 0.0773148
2 0.674089 0.104167 0.0273438 0.0490741
2 0.878125 0.130787 0.0375 0.122685
2 0.155599 0.497222 0.0669271 0.141667
2 0.554818 0.766898 0.0257812 0.0550926
2 0.582031 0.763426 0.021875 0.0435185
2 0.0673177 0.453935 0.0388021 0.0875
2 0.191927 0.16713 0.0536458 0.087037
