0 0.316296 0.481574 0.059576 0.145409
0 0.131266 0.236055 0.099335 0.161751
2 0.350905 0.904147 0.073909 0.156767
1 0.373832 0.335145 0.067466 0.141987
2 0.750704 0.718685 0.031711 0.069777
0 0.777518 0.329782 0.055872 0.129338
2 0.683924 0.139920 0.057627 0.120715
2 0.423471 0.588468 0.046516 0.080195
2 0.756370 0.075740 0.051858 0.100629
2 0.254929 0.860080 0.038300 0.083685
0 0.339349 0.597806 0.040284 0.095880
2 0.544843 0.099091 0.025798 0.087384
1 0.815439 0.283304 0.039261 0.108633
0 0.962221 0.158755 0.049234 0.080934
