0 0.846354 1 0.04375 0.126389
0 0.317448 0.537269 0.0578125 0.146759
0 0.334375 0.653935 0.0333333 0.0884259
0 0.78125 0.388657 0.0541667 0.131944
0 0.129036 0.286111 0.102344 0.175
0 0.962891 0.208565 0.0341146 0.0782407
1 0.377344 0.396991 0.0614583 0.127315
1 0.823307 0.337963 0.0403646 0.103704
2 0.758203 0.778472 0.0351563 0.0736111
2 0.34362 0.953935 0.0606771 0.128241
2 0.252995 0.917361 0.0388021 0.0875
2 0.423828 0.644907 0.0486979 0.0787037
2 0.689714 0.193981 0.0533854 0.135185
2 0.763151 0.126852 0.0606771 0.112963
2 0.549219 0.156713 0.0359375 0.0782407
