0 0.320875 0.670019 0.058563 0.130980
1 0.377253 0.530245 0.064876 0.130682
2 0.682485 0.347269 0.059627 0.121322
2 0.753185 0.292007 0.051355 0.089728
0 0.775813 0.546909 0.052020 0.115398
0 0.138314 0.412456 0.094905 0.158159
2 0.423786 0.776214 0.049092 0.080823
0 0.342535 0.782851 0.040953 0.090136
1 0.810804 0.494781 0.035938 0.082662
0 0.954619 0.378373 0.042870 0.076617
0 0.970680 0.203525 0.048600 0.071762
2 0.752277 0.920420 0.030963 0.061049
0 0.306594 0.221002 0.037429 0.080033
2 0.546017 0.308353 0.028462 0.086971
