0 0.322786 0.687963 0.0523437 0.133333
0 0.341406 0.796991 0.0333333 0.0884259
0 0.771354 0.564583 0.0567708 0.138426
0 0.1375 0.430324 0.0927083 0.158796
0 0.946484 0.391435 0.0325521 0.074537
0 0.307552 0.239352 0.0364583 0.0694444
0 0.963281 0.21875 0.0322917 0.0625
1 0.379167 0.552083 0.0677083 0.140278
1 0.81263 0.508796 0.0403646 0.103704
2 0.544401 0.328009 0.0257812 0.0837963
2 0.68125 0.36875 0.0479167 0.128241
2 0.750521 0.314815 0.0479167 0.0907407
2 0.425781 0.797454 0.0505208 0.0865741
2 0.751172 0.937963 0.0278646 0.0509259
