0 0.321571 0.754479 0.057181 0.126663
1 0.377547 0.614294 0.063267 0.127890
2 0.678147 0.443336 0.053876 0.110132
0 0.768850 0.643284 0.051455 0.114943
0 0.141371 0.488857 0.091314 0.158513
2 0.749139 0.386559 0.050000 0.079696
2 0.423887 0.860733 0.046053 0.079777
1 0.843807 0.080616 0.076305 0.161232
1 0.805985 0.588378 0.038505 0.084860
0 0.342844 0.866092 0.041146 0.094419
0 0.961850 0.303581 0.046607 0.075842
0 0.309279 0.306566 0.033174 0.073154
0 0.945214 0.477315 0.041497 0.072170
2 0.542922 0.400508 0.027217 0.086558
2 0.512191 0.089925 0.036034 0.072035
