0 0.813802 1 0.0458333 0.13287
0 0.323047 0.782407 0.0523437 0.133333
0 0.341667 0.889583 0.0333333 0.0884259
0 0.767839 0.674306 0.0492188 0.119907
0 0.141406 0.517593 0.0973958 0.166667
0 0.939974 0.500232 0.0325521 0.074537
0 0.308333 0.334722 0.0364583 0.0694444
0 0.957552 0.327778 0.0338542 0.0657407
1 0.378385 0.645602 0.0677083 0.140278
1 0.807943 0.615278 0.0403646 0.103704
1 0.847526 0.107407 0.0705729 0.156481
2 0.542708 0.430556 0.0270833 0.087963
2 0.678255 0.473148 0.0455729 0.122222
2 0.747005 0.419676 0.0455729 0.0865741
2 0.425391 0.89213 0.0481771 0.0824074
2 0.51237 0.121528 0.0351563 0.0736111
