0 0.221615 0.934259 0.0604167 0.0787037
0 0.341536 0.910648 0.0466146 0.0675926
0 0.74349 0.966204 0.0921875 0.10463
0 0.904557 0.860648 0.0648438 0.0888889
0 0.226042 0.586343 0.0307292 0.0476852
0 0.746094 0.509028 0.0421875 0.0680556
0 0.453125 0.380787 0.06875 0.15787
0 0.691276 0.424769 0.0335938 0.0560185
0 0.29375 0.252546 0.0364583 0.0736111
0 0.546484 0.272222 0.0486979 0.107407
0 0.54987 0.136806 0.0330729 0.0699074
0 0.503646 0.979398 0.0442708 0.0569444
0 0.365625 0.0631944 0.028125 0.0569444
1 0.607031 0.0905093 0.059375 0.0986111
2 0.335547 0.822685 0.0476562 0.0805556
2 0.413411 0.0824074 0.0330729 0.0740741
1 0.710547 0.480093 0.0440104 0.0824074
1 0.39388 0.243287 0.0325521 0.050463
