0 0.303516 1 0.0606771 0.122222
0 0.814193 0.979167 0.0799479 0.100926
0 0.115104 0.696065 0.0927083 0.158796
0 0.352214 0.394907 0.0341146 0.0518519
0 0.917448 0.811111 0.0302083 0.0657407
1 0.370443 0.875926 0.0710938 0.147222
1 0.846354 0.898843 0.0427083 0.0893519
1 0.900651 0.315509 0.0742188 0.164352
2 0.55625 0.655093 0.0270833 0.087963
2 0.71224 0.734722 0.0567708 0.0962963
2 0.786328 0.66875 0.0455729 0.0865741
2 0.526563 0.305093 0.040625 0.0851852
2 0.749609 0.221528 0.0372396 0.0513889
2 0.448568 0.0469907 0.0596354 0.113426
