2 0.831912 0.373293 0.042640 0.087580
0 0.029321 0.743275 0.058642 0.141382
2 0.551298 0.182286 0.036492 0.110744
0 0.176834 0.487940 0.077565 0.195513
1 0.318639 0.841097 0.047332 0.109351
1 0.197104 0.712871 0.060320 0.133003
0 0.513275 0.475899 0.048108 0.111166
1 0.864108 0.290446 0.050702 0.104227
2 0.080293 0.958091 0.056209 0.083817
1 0.979894 0.035395 0.040212 0.070789
2 0.267458 0.684845 0.041660 0.096628
2 0.786348 0.302371 0.029863 0.061876
0 0.814588 0.131849 0.042457 0.084929
2 0.267890 0.676628 0.035536 0.078083
1 0.976225 0.471381 0.047551 0.110299
2 0.922311 0.652873 0.033840 0.080027
