0 0.254427 0.416667 0.0447917 0.0638889
0 0.250521 0.361806 0.0526042 0.0726852
1 0.230729 0.62963 0.0833333 0.22963
2 0.660677 0.615278 0.0588542 0.175926
2 0.261849 0.244907 0.0690104 0.224074
2 0.788672 0.298148 0.0950521 0.186111
2 0.830729 0.406713 0.0765625 0.181019
2 0.50013 0.273148 0.0721354 0.228704
2 0.0755208 0.14213 0.113021 0.300926
2 0.165104 0.236574 0.0614583 0.15463
2 0.194661 0.125463 0.0513021 0.125926
2 0.185547 0.190046 0.0591146 0.155093
2 0.280078 0.0965278 0.0830729 0.2125
