0 0.298568 0.595602 0.0367187 0.0569444
0 0.292057 0.547222 0.0434896 0.0648148
1 0.276302 0.745139 0.0598958 0.122685
1 0.426562 0.174074 0.104687 0.208333
2 0.305208 0.441667 0.0723958 0.173148
2 0.740104 0.503935 0.0822917 0.160648
2 0.779557 0.570602 0.0695312 0.164352
2 0.504557 0.536574 0.0721354 0.228704
2 0.146094 0.385417 0.0885417 0.235648
2 0.221484 0.4375 0.0559896 0.0861111
2 0.239714 0.333796 0.0513021 0.125926
2 0.233984 0.386111 0.0455729 0.0981481
2 0.314714 0.359954 0.0830729 0.2125
2 0.364062 0.194676 0.0567708 0.129167
2 0.357161 0.05625 0.0601562 0.144907
