0 0.325521 0.740741 0.053125 0.109259
1 0.304948 0.905324 0.0598958 0.122685
1 0.456901 0.396528 0.0997396 0.198611
1 0.239844 0.112731 0.101563 0.204167
2 0.329036 0.611343 0.0684896 0.123611
2 0.766146 0.687732 0.0822917 0.160648
2 0.801823 0.738426 0.053125 0.113889
2 0.530599 0.709722 0.0721354 0.228704
2 0.179427 0.560648 0.0802083 0.213889
2 0.244792 0.612269 0.0588542 0.0902778
2 0.265755 0.564352 0.0455729 0.0981481
2 0.344661 0.5625 0.0752604 0.192593
2 0.398307 0.395139 0.0596354 0.135648
2 0.384505 0.257639 0.0601562 0.144907
2 0.751172 0.232639 0.0596354 0.108796
2 0.621875 0.124537 0.0567708 0.191667
2 0.6875 0.122917 0.0510417 0.150463
2 0.274219 0.509491 0.0494792 0.0884259
2 0.746484 0.0553241 0.0507813 0.125463
