1 0.475783 0.428366 0.085063 0.181427
2 0.197409 0.601252 0.090010 0.243266
2 0.401312 0.290205 0.068292 0.148614
2 0.549884 0.738543 0.067338 0.191078
2 0.418017 0.431667 0.059168 0.152523
2 0.369591 0.575634 0.072343 0.137553
1 0.251411 0.138585 0.104364 0.212180
2 0.786284 0.723438 0.075871 0.163222
2 0.347707 0.661371 0.060829 0.142946
2 0.820479 0.782549 0.061644 0.145786
2 0.344808 0.223777 0.052281 0.144018
2 0.602041 0.089940 0.048770 0.147413
2 0.790234 0.079430 0.051843 0.124970
2 0.638182 0.163419 0.055138 0.167386
2 0.711847 0.154932 0.057995 0.185665
0 0.344207 0.788799 0.049048 0.075383
2 0.601756 0.112700 0.055867 0.194022
2 0.647369 0.157275 0.070486 0.184935
1 0.319352 0.938684 0.071102 0.122439
0 0.345609 0.796935 0.041111 0.059410
2 0.280902 0.585345 0.044758 0.102037
2 0.721721 0.133442 0.052302 0.167326
2 0.773814 0.265817 0.057826 0.131112
0 0.341984 0.771416 0.057111 0.101533
2 0.080552 0.094546 0.088719 0.189092
