1 0.577364 0.625962 0.085322 0.172912
2 0.509214 0.495219 0.064459 0.121194
2 0.482467 0.739556 0.068136 0.125474
1 0.385849 0.370178 0.093645 0.171372
2 0.520985 0.622137 0.059339 0.143814
2 0.323754 0.751293 0.082462 0.217634
2 0.892125 0.438913 0.059175 0.116442
2 0.845077 0.865953 0.065091 0.149734
2 0.632588 0.878802 0.054338 0.145270
2 0.680784 0.190366 0.042505 0.121719
2 0.597586 0.323226 0.054371 0.135132
2 0.784290 0.350567 0.044002 0.148788
2 0.459433 0.821640 0.048204 0.111394
2 0.685590 0.360918 0.059550 0.197318
2 0.780300 0.355039 0.049561 0.181956
2 0.718648 0.380862 0.051355 0.151101
2 0.834579 0.469869 0.050870 0.114103
2 0.791595 0.065176 0.050686 0.129726
0 0.449768 0.927674 0.036255 0.058146
2 0.457805 0.431074 0.043270 0.125541
2 0.218433 0.293093 0.084066 0.148531
2 0.126286 0.105635 0.073376 0.157710
2 0.606614 0.217426 0.058928 0.147958
2 0.600046 0.218319 0.051600 0.110798
0 0.448468 0.919570 0.041409 0.072503
2 0.873174 0.916956 0.059241 0.115038
2 0.849524 0.295303 0.043344 0.089266
2 0.787484 0.327947 0.036184 0.109439
2 0.212255 0.189789 0.053393 0.079026
2 0.924526 0.200059 0.088884 0.183961
