0 0.447656 0.933796 0.053125 0.109259
1 0.576172 0.663657 0.0903646 0.180093
1 0.390234 0.409491 0.0877604 0.176389
2 0.453646 0.836806 0.0515625 0.101389
2 0.844531 0.869213 0.0744792 0.145833
2 0.873698 0.939815 0.0557292 0.119444
2 0.631901 0.905324 0.0611979 0.13287
2 0.326042 0.78125 0.0885417 0.235648
2 0.482031 0.773843 0.065625 0.116204
2 0.522526 0.652546 0.0658854 0.149537
2 0.508073 0.534259 0.0494792 0.119444
2 0.888542 0.460185 0.0567708 0.103704
2 0.682292 0.3875 0.0541667 0.182407
2 0.713021 0.406713 0.0536458 0.15787
2 0.829297 0.334491 0.0419271 0.103241
2 0.598307 0.374537 0.0481771 0.137963
2 0.621875 0.321528 0.04375 0.108796
2 0.778776 0.398611 0.0460938 0.161111
2 0.611589 0.232176 0.0341146 0.120833
2 0.624609 0.156481 0.0278646 0.0925926
2 0.685026 0.191898 0.0424479 0.103241
2 0.793099 0.204167 0.0346354 0.109259
2 0.902734 0.19537 0.0533854 0.102778
2 0.858333 0.181713 0.0588542 0.147685
2 0.786458 0.0944444 0.0505208 0.134259
