1 0.573438 0.838426 0.078125 0.155556
1 0.392969 0.597222 0.0921875 0.185185
2 0.332292 0.886806 0.084375 0.224537
2 0.481771 0.940972 0.065625 0.116204
2 0.520703 0.821759 0.0627604 0.142593
2 0.508724 0.709028 0.0471354 0.113426
2 0.875391 0.615972 0.0539063 0.0986111
2 0.673437 0.538194 0.0515625 0.173611
2 0.709505 0.615509 0.0591146 0.128241
2 0.807943 0.525 0.0518229 0.0935185
2 0.595964 0.561574 0.0481771 0.137963
2 0.620313 0.499769 0.04375 0.108796
2 0.765625 0.576157 0.0484375 0.168981
2 0.586328 0.434259 0.0377604 0.133333
2 0.627474 0.399306 0.0278646 0.0921296
2 0.674609 0.415972 0.0424479 0.103241
2 0.779818 0.419907 0.0346354 0.109259
2 0.888021 0.12662 0.0484375 0.0930556
2 0.842057 0.384259 0.0648438 0.162963
2 0.775391 0.291204 0.0481771 0.127778
2 0.160938 0.320833 0.106771 0.14537
2 0.714583 0.202315 0.05625 0.111111
