1 0.399169 0.724485 0.090122 0.166028
2 0.678601 0.560343 0.041532 0.101682
2 0.784301 0.445051 0.053047 0.119883
2 0.509006 0.839244 0.059374 0.114026
2 0.520663 0.944241 0.056843 0.111518
2 0.700502 0.489378 0.035644 0.086199
2 0.629229 0.547391 0.032167 0.091586
2 0.171698 0.410421 0.090310 0.148796
2 0.853506 0.529882 0.085956 0.145922
2 0.599237 0.701617 0.050446 0.106922
2 0.871397 0.787096 0.060561 0.126180
2 0.677341 0.716921 0.048582 0.119609
2 0.890780 0.315521 0.061867 0.129836
1 0.568894 0.945707 0.076519 0.108586
2 0.729003 0.365313 0.055415 0.120360
2 0.596352 0.616029 0.045051 0.087659
2 0.708650 0.770897 0.048100 0.119900
2 0.669003 0.725078 0.047685 0.124423
