1 0.572396 1 0.0744792 0.148148
1 0.401302 0.757407 0.0921875 0.185185
2 0.514714 0.97338 0.0596354 0.135648
2 0.511198 0.874537 0.0520833 0.125
2 0.86862 0.845833 0.0601562 0.126852
2 0.823568 0.731481 0.0544271 0.0981481
2 0.605208 0.774074 0.05 0.101852
2 0.589714 0.650926 0.0403646 0.0685185
2 0.636589 0.589583 0.0278646 0.0921296
2 0.703385 0.538889 0.0385417 0.0935185
2 0.778776 0.655787 0.0382813 0.0930556
2 0.89401 0.365972 0.0484375 0.0930556
2 0.864453 0.582639 0.107031 0.155093
2 0.785677 0.506481 0.053125 0.140741
2 0.190885 0.440278 0.106771 0.14537
2 0.71888 0.418981 0.0591146 0.116667
2 0.633594 0.690741 0.0364583 0.0703704
2 0.681901 0.754167 0.0419271 0.0722222
2 0.703906 0.809259 0.0552083 0.109259
2 0.683333 0.61412 0.0473958 0.0837963
