0 0.218229 0.719676 0.0338542 0.0523148
0 0.753125 0.691204 0.0442708 0.0712963
0 0.45 0.528009 0.06875 0.15787
0 0.696875 0.612269 0.0369792 0.0615741
0 0.288542 0.381713 0.0364583 0.0736111
0 0.545182 0.435648 0.0486979 0.107407
0 0.552474 0.275231 0.0346354 0.0736111
0 0.361719 0.196065 0.0296875 0.0597222
0 0.485547 0.484491 0.0393229 0.0958333
0 0.465234 0.212037 0.0471354 0.0657407
0 0.222396 0.518287 0.0421875 0.0717593
0 0.393229 0.126389 0.0552083 0.0703704
0 0.43737 0.0981481 0.0419271 0.0509259
0 0.337109 0.0965278 0.0398437 0.075463
0 0.376172 0.0569444 0.0377604 0.0555556
0 0.509375 0.0523148 0.0557292 0.103704
1 0.602344 0.252546 0.059375 0.0986111
1 0.596615 0.152546 0.0520833 0.0708333
2 0.330469 0.961574 0.0453125 0.0768519
2 0.411589 0.219444 0.0330729 0.0740741
1 0.715234 0.671759 0.0440104 0.0824074
1 0.390495 0.391898 0.0325521 0.050463
