0 0.287575 0.412182 0.037133 0.065340
0 0.506636 0.078172 0.053871 0.106009
0 0.449328 0.566514 0.067386 0.145080
0 0.392889 0.155284 0.058022 0.067760
1 0.387688 0.432840 0.035402 0.057769
0 0.580355 0.041843 0.059186 0.083685
0 0.336298 0.124124 0.039774 0.076737
0 0.372498 0.090284 0.033702 0.058618
1 0.602344 0.294662 0.061428 0.101063
0 0.695871 0.654941 0.038922 0.065607
0 0.755130 0.738164 0.037119 0.083460
0 0.550269 0.321142 0.040282 0.085265
0 0.463010 0.253227 0.050487 0.071505
0 0.544113 0.476921 0.048306 0.108545
0 0.361040 0.229182 0.028047 0.058065
1 0.592964 0.198488 0.061852 0.076120
2 0.414199 0.262324 0.031416 0.082984
0 0.449892 0.094881 0.038993 0.076378
0 0.485241 0.521913 0.030239 0.086651
1 0.601332 0.193850 0.046443 0.061508
0 0.222653 0.549161 0.042969 0.074558
0 0.215093 0.752405 0.030881 0.045317
0 0.442945 0.360614 0.044102 0.071625
0 0.907528 0.128486 0.072310 0.108496
0 0.402406 0.042406 0.035749 0.044846
