0 0.271224 0.938657 0.0580729 0.1125
0 0.50026 0.320139 0.0494792 0.102315
0 0.0675781 0.81088 0.0408854 0.0680556
0 0.08125 0.683796 0.0432292 0.062963
0 0.0902344 0.73287 0.0445312 0.107407
0 0.75625 0.206944 0.0651042 0.116667
2 0.41849 0.109954 0.0421875 0.1125
2 0.497005 0.207176 0.0424479 0.0662037
2 0.678906 0.297917 0.0760417 0.186574
2 0.389453 1 0.0627604 0.115741
2 0.904427 0.637963 0.0557292 0.0898148
2 0.894661 0.696296 0.0424479 0.0814815
2 0.572917 0.0907407 0.0588542 0.117593
2 0.849609 0.518056 0.0304688 0.0861111
