2 0.656499 0.389902 0.073387 0.180763
2 0.388938 0.203724 0.053408 0.112581
0 0.474162 0.413624 0.047679 0.100771
2 0.471246 0.301431 0.047237 0.071715
0 0.737483 0.291602 0.060368 0.112286
2 0.546268 0.173677 0.060672 0.127141
2 0.875504 0.792743 0.041845 0.065688
2 0.832727 0.607573 0.034264 0.093877
1 0.053424 0.834860 0.045444 0.094215
2 0.376514 0.070983 0.061088 0.098347
2 0.889374 0.735451 0.055421 0.097395
0 0.165306 0.142348 0.063802 0.084350
2 0.554502 0.160303 0.067427 0.149621
2 0.492853 0.089360 0.039777 0.128367
0 0.053778 0.834946 0.046561 0.098229
