0 0.414662 0.446621 0.045834 0.093157
0 0.682064 0.320116 0.059624 0.107934
2 0.599139 0.424424 0.072638 0.186457
2 0.413052 0.332849 0.042724 0.076098
2 0.327570 0.234107 0.053457 0.107319
2 0.488406 0.199548 0.052456 0.121139
2 0.433259 0.116552 0.042801 0.125323
2 0.313364 0.095987 0.062286 0.118260
2 0.778859 0.640335 0.030105 0.087475
2 0.749533 0.049774 0.045375 0.099547
2 0.574377 0.072774 0.062826 0.145549
0 0.098669 0.170128 0.070063 0.096476
2 0.836720 0.765500 0.054390 0.095498
2 0.825823 0.822105 0.042686 0.076912
0 0.505665 0.030153 0.047034 0.060306
2 0.832204 0.789590 0.059247 0.127429
