0 0.604925 0.265000 0.059125 0.110222
2 0.339077 0.275616 0.047606 0.080862
2 0.524182 0.364848 0.070944 0.188997
2 0.702519 0.579268 0.029416 0.084598
0 0.338838 0.381756 0.046181 0.098517
2 0.252062 0.175497 0.051268 0.102557
0 0.983101 0.686309 0.033799 0.087634
2 0.414358 0.147528 0.057659 0.118775
2 0.759643 0.705224 0.056064 0.093717
0 0.108703 0.968519 0.059230 0.062963
2 0.664830 0.299945 0.036239 0.088998
2 0.755161 0.755093 0.051011 0.103378
2 0.752033 0.764611 0.042200 0.085319
2 0.360525 0.066855 0.042150 0.123236
2 0.754891 0.740808 0.055483 0.137123
