0 0.294271 0.32338 0.0447917 0.0930556
0 0.564062 0.227778 0.0536458 0.0962963
0 0.0791667 0.944676 0.0848958 0.110648
2 0.219792 0.129167 0.0364583 0.0972222
2 0.323307 0.247917 0.0466146 0.0726852
2 0.483333 0.315741 0.0723958 0.177778
2 0.716406 0.653009 0.0645833 0.104167
2 0.709505 0.715509 0.0445312 0.0856481
2 0.376042 0.106019 0.0588542 0.117593
2 0.624089 0.250231 0.0335938 0.0875
2 0.208203 0.00231481 0.0695312 0.139815
2 0.3625 0.0918982 0.0390625 0.133796
2 0.480339 0.0185185 0.0346354 0.114815
2 0.663281 0.527778 0.0244792 0.0787037
