0 0.639827 0.401630 0.059847 0.101991
2 0.390675 0.404389 0.047002 0.092413
0 0.876273 0.629167 0.050816 0.092784
0 0.702436 0.839998 0.044814 0.075818
2 0.333685 0.288311 0.023606 0.068582
2 0.476394 0.806760 0.033044 0.084440
2 0.331437 0.277952 0.028421 0.095726
1 0.775974 0.223582 0.106660 0.205491
2 0.389229 0.474570 0.035044 0.079353
2 0.341934 0.394132 0.021663 0.056219
0 0.751293 0.132030 0.022859 0.047793
1 0.837966 0.725407 0.042072 0.106439
2 0.137612 0.062710 0.056518 0.125420
2 0.391147 0.429714 0.045743 0.141032
