0 0.502172 0.320757 0.051823 0.075625
2 0.205119 0.186271 0.066549 0.118470
0 0.646300 0.514978 0.072372 0.112032
2 0.581077 0.590834 0.032672 0.058437
2 0.400451 0.705105 0.052219 0.077859
0 0.404157 0.784861 0.041790 0.082672
0 0.946901 0.554871 0.061021 0.104279
2 0.231400 0.368505 0.043962 0.104928
2 0.324745 0.450224 0.030425 0.072753
2 0.315297 0.368663 0.028935 0.053945
0 0.748899 0.817492 0.029006 0.045299
1 0.576918 0.157772 0.057323 0.102337
2 0.103135 0.049056 0.052891 0.098112
2 0.374501 0.775537 0.023424 0.060734
2 0.697863 0.785753 0.029436 0.047890
0 0.823961 0.948737 0.030889 0.071575
2 0.829927 0.587695 0.043962 0.069741
