2 0.536542 0.342986 0.036642 0.060054
2 0.352120 0.448385 0.056088 0.095508
0 0.927509 0.786892 0.046961 0.084483
0 0.454325 0.054344 0.048712 0.082889
0 0.902988 0.284927 0.062814 0.108012
0 0.602865 0.246834 0.076490 0.117368
2 0.652657 0.530858 0.033220 0.061314
2 0.354361 0.222830 0.037435 0.086571
0 0.776663 0.678445 0.028994 0.063729
0 0.546291 0.950433 0.043032 0.080651
2 0.271856 0.178330 0.038141 0.091908
2 0.171661 0.096442 0.058460 0.115792
0 0.705338 0.561474 0.031414 0.042720
0 0.708092 0.626770 0.031478 0.054284
0 0.353279 0.529042 0.047205 0.090369
0 0.891732 0.694883 0.028123 0.044631
2 0.879255 0.152387 0.030151 0.089827
2 0.789305 0.326335 0.039757 0.082084
2 0.262254 0.096881 0.030845 0.056725
2 0.827962 0.833738 0.039248 0.059061
