2 0.488519 0.251719 0.037310 0.059676
0 0.875349 0.694700 0.045082 0.089260
2 0.302212 0.358601 0.060702 0.098124
0 0.499671 0.862406 0.039293 0.079371
0 0.550059 0.152241 0.080232 0.121437
2 0.697401 0.931332 0.056260 0.104122
0 0.848604 0.188461 0.060929 0.108964
2 0.305695 0.132176 0.040864 0.096586
0 0.652849 0.467498 0.030869 0.044814
0 0.303544 0.437357 0.052604 0.091708
2 0.735066 0.228354 0.037631 0.077472
0 0.723099 0.579887 0.027389 0.063993
0 0.840983 0.603329 0.029004 0.045830
0 0.958312 0.387219 0.049131 0.075091
2 0.602120 0.442798 0.031051 0.063643
0 0.656124 0.533977 0.029157 0.048705
2 0.221199 0.087092 0.035886 0.092316
0 0.679285 0.729532 0.025549 0.050008
2 0.743888 0.642655 0.035108 0.072431
0 0.466804 0.937188 0.047719 0.092409
2 0.777052 0.741688 0.041262 0.055239
0 0.471901 0.938834 0.061313 0.103993
0 0.502810 0.967762 0.040688 0.064476
