0 0.534375 0.136343 0.0765625 0.114352
0 0.661328 0.710417 0.0356771 0.049537
0 0.289323 0.424537 0.0479167 0.102778
0 0.831771 0.169444 0.0588542 0.118519
0 0.710807 0.575 0.0289063 0.0787037
0 0.824479 0.590278 0.0270833 0.0509259
0 0.857031 0.679398 0.0484375 0.0782407
0 0.63776 0.528935 0.0291667 0.0458333
0 0.641536 0.663426 0.0289063 0.0648148
0 0.483333 0.849769 0.04375 0.0819444
0 0.933203 0.375231 0.0700521 0.0856481
0 0.453516 0.924074 0.0372396 0.0768519
0 0.485547 0.957176 0.0424479 0.0634259
0 0.976042 0.259722 0.0416667 0.0935185
2 0.0972656 0 0.0726563 0.107407
2 0.20651 0.0821759 0.0385417 0.074537
2 0.281641 0.341435 0.0585938 0.106019
2 0.48138 0.251389 0.0283854 0.0537037
2 0.584245 0.428704 0.0346354 0.0518519
2 0.28151 0.453241 0.0208333 0.0527778
2 0.714193 0.209491 0.0346354 0.0699074
2 0.288411 0.118287 0.0440104 0.0958333
2 0.760938 0.733333 0.0359375 0.0601852
2 0.680729 0.918056 0.0651042 0.102778
