0 0.446615 0.12662 0.0765625 0.114352
0 0.574479 0.686111 0.0270833 0.0518519
0 0.210286 0.403009 0.0502604 0.10787
0 0.734766 0.155324 0.0617188 0.124537
0 0.714583 0.616667 0.0276042 0.075
0 0.734766 0.564815 0.0283854 0.0537037
0 0.766146 0.65162 0.0484375 0.0782407
0 0.549219 0.494907 0.0307292 0.0481481
0 0.553646 0.605093 0.0333333 0.075
0 0.405469 0.82037 0.0458333 0.0861111
0 0.838932 0.355787 0.0700521 0.0856481
0 0.377865 0.89537 0.0390625 0.0805556
0 0.404297 0.920602 0.0424479 0.0634259
0 0.885677 0.245833 0.04375 0.0981481
0 0.608984 0.537731 0.0231771 0.0615741
0 0.547266 0.433565 0.0221354 0.0412037
2 0.125 0.055787 0.040625 0.0782407
2 0.205078 0.322454 0.0585938 0.106019
2 0.403906 0.218981 0.0270833 0.0509259
2 0.502734 0.41088 0.0330729 0.049537
2 0.622396 0.196528 0.0364583 0.0736111
2 0.207943 0.103935 0.0440104 0.0958333
2 0.665365 0.707407 0.0359375 0.0601852
2 0.593229 0.882176 0.0619792 0.0976852
