2 0.331554 0.245176 0.040930 0.058869
0 0.381906 0.152783 0.070026 0.120390
2 0.554471 0.230921 0.039110 0.083613
0 0.346361 0.839914 0.040755 0.074296
0 0.704809 0.673777 0.043701 0.084662
2 0.529355 0.904399 0.056157 0.112886
0 0.780092 0.380155 0.041540 0.076066
2 0.143270 0.346302 0.072862 0.104488
0 0.666769 0.184865 0.060853 0.112099
0 0.542475 0.563659 0.026604 0.062776
2 0.438703 0.433021 0.036341 0.058960
0 0.146466 0.427695 0.060601 0.088825
0 0.819130 0.272619 0.042617 0.090626
0 0.511248 0.708672 0.024482 0.050320
2 0.144940 0.127017 0.043946 0.095959
0 0.485691 0.520886 0.025646 0.046952
0 0.485410 0.458592 0.025610 0.043571
2 0.569418 0.629806 0.035075 0.083895
1 0.488343 0.636514 0.041116 0.088595
0 0.670875 0.587622 0.030794 0.047977
0 0.312452 0.915371 0.048590 0.091129
2 0.060351 0.086875 0.039174 0.087469
2 0.606785 0.727987 0.040233 0.059055
2 0.647379 0.059031 0.034904 0.090549
0 0.345611 0.944498 0.039505 0.074604
0 0.487904 0.634178 0.038830 0.083190
0 0.899381 0.929893 0.038318 0.071727
