0 0.254427 0.996991 0.0427083 0.0819444
0 0.0398437 0.579167 0.0635417 0.0981481
0 0.140365 0.102315 0.053125 0.0833333
0 0.28151 0.296065 0.0651042 0.1125
0 0.390755 0.605093 0.0273438 0.0462963
0 0.390885 0.67037 0.0229167 0.0518519
0 0.445182 0.719213 0.0283854 0.0652778
0 0.417839 0.866204 0.0273438 0.0555556
0 0.617969 0.821296 0.0510417 0.101852
0 0.694141 0.522685 0.0445312 0.0833333
0 0.732552 0.408796 0.0505208 0.0898148
0 0.571875 0.327778 0.0729167 0.113889
2 0.0355469 0.494676 0.0710938 0.129167
2 0.235026 0.38287 0.0440104 0.0564815
2 0.347135 0.575926 0.0364583 0.0546296
2 0.463021 0.375463 0.0421875 0.0851852
2 0.0317708 0.265278 0.0380208 0.0916667
2 0.521094 0.877546 0.0354167 0.0708333
2 0.554036 0.197454 0.0346354 0.106944
