0 0.271376 0.278343 0.058170 0.110776
2 0.418873 0.451759 0.042739 0.093028
2 0.286908 0.092859 0.049581 0.090995
0 0.625906 0.736006 0.039685 0.079925
2 0.218787 0.329234 0.042814 0.059965
0 0.686230 0.652685 0.049571 0.095305
0 0.290613 0.893834 0.029222 0.055370
0 0.338916 0.780835 0.031809 0.068698
0 0.535162 0.480660 0.072399 0.129956
2 0.061329 0.118966 0.044920 0.087931
0 0.123859 0.905660 0.046900 0.077603
1 0.277937 0.809484 0.044712 0.085960
2 0.360788 0.858833 0.041333 0.073544
0 0.315222 0.628937 0.026404 0.045962
0 0.481379 0.873522 0.033527 0.060196
2 0.283094 0.567929 0.036954 0.063173
0 0.077376 0.951812 0.060919 0.093350
2 0.379807 0.957207 0.030021 0.065227
0 0.493458 0.960492 0.051281 0.079016
2 0.022213 0.314962 0.044425 0.097014
0 0.182551 0.029635 0.045912 0.059271
2 0.545447 0.339518 0.039544 0.095068
2 0.458091 0.923785 0.035160 0.075965
2 0.410084 0.946566 0.028964 0.072673
0 0.626582 0.640144 0.028064 0.034887
2 0.260096 0.517033 0.025895 0.049601
0 0.300419 0.693249 0.023091 0.048056
