0 0.147396 0.0247685 0.0505208 0.0791667
0 0.234375 0.292361 0.0619792 0.106944
0 0.277214 0.643519 0.0273438 0.0462963
0 0.260677 0.711806 0.0166667 0.0393519
0 0.302344 0.795139 0.03125 0.0717593
0 0.252865 0.909722 0.0286458 0.0583333
0 0.464714 1 0.0591146 0.118056
0 0.589974 0.755093 0.0445312 0.0833333
0 0.652344 0.67037 0.0505208 0.0898148
0 0.499089 0.497454 0.0804688 0.125463
0 0.445573 0.892361 0.0375 0.0652778
0 0.0875 0.917824 0.0411458 0.074537
0 0.0384115 0.955324 0.0539063 0.0643518
2 0.025 0.336574 0.0677083 0.123148
2 0.185026 0.339352 0.0440104 0.0564815
2 0.25013 0.5875 0.0382813 0.0574074
2 0.380729 0.469676 0.0401042 0.0810185
2 0.346745 0.969444 0.0304688 0.0611111
2 0.0261719 0.127315 0.0471354 0.0833333
2 0.511849 0.351389 0.0403646 0.0953704
2 0.253906 0.099537 0.0473958 0.0990741
2 0.325391 0.873148 0.0445312 0.0722222
