0 0.059375 0.0428241 0.0505208 0.0791667
0 0.144401 0.314352 0.0591146 0.101852
0 0.198698 0.662731 0.0286458 0.0486111
0 0.183203 0.727778 0.0216146 0.0407407
0 0.204427 0.819213 0.03125 0.0717593
0 0.163411 0.931481 0.0315104 0.0518519
0 0.373958 1 0.0651042 0.12963
0 0.504036 0.774074 0.0492188 0.0916667
0 0.567318 0.691435 0.0481771 0.0856481
0 0.407682 0.519213 0.0804688 0.125463
0 0.359896 0.913426 0.0395833 0.0685185
0 0.00859375 0.937732 0.0432292 0.0782407
0 0.71237 0.83287 0.0361979 0.0601852
0 0.610547 0.0824074 0.0455729 0.128704
2 0.0988281 0.358796 0.0440104 0.0564815
2 0.161589 0.59838 0.0570313 0.0782407
2 0.288021 0.492824 0.0401042 0.0810185
2 0.284505 0.99537 0.0289063 0.0583333
2 0.422526 0.372917 0.0367187 0.0865741
2 0.166667 0.116204 0.0473958 0.0990741
2 0.236979 0.897685 0.046875 0.0759259
