0 0.144513 0.507718 0.054559 0.102457
0 0.315512 0.515896 0.046355 0.086986
0 0.348136 0.207953 0.059042 0.138267
2 0.118058 0.267427 0.056244 0.089978
0 0.391753 0.546951 0.049969 0.100642
2 0.422149 0.115835 0.038919 0.095236
0 0.180282 0.422321 0.034302 0.069258
2 0.879779 0.296227 0.048025 0.086906
2 0.291182 0.043689 0.044887 0.087378
0 0.115874 0.146765 0.039944 0.067557
2 0.698410 0.389385 0.040222 0.072362
0 0.176275 0.047557 0.026463 0.045992
2 0.085991 0.875028 0.049766 0.082191
1 0.583757 0.899881 0.063208 0.074450
0 0.133872 0.065012 0.024392 0.038202
0 0.713508 0.154632 0.044391 0.103322
0 0.449627 0.884315 0.038987 0.068668
2 0.578946 0.041807 0.024998 0.058704
2 0.937148 0.210583 0.045213 0.103505
2 0.140296 0.415513 0.043523 0.069947
2 0.625015 0.744725 0.024655 0.040026
