0 0.0554687 0.0851852 0.0192708 0.0435185
0 0.0391927 0.159722 0.0315104 0.0518519
0 0.107422 0.521759 0.0513021 0.0953704
0 0.278776 0.475926 0.0481771 0.0861111
0 0.356901 0.482639 0.0455729 0.0856481
0 0.283594 0.148148 0.0520833 0.125926
0 0.135417 0.429861 0.0416667 0.0717593
0 0.442318 0.794444 0.0361979 0.0601852
0 0.313802 0.400694 0.0166667 0.0384259
0 0.620182 0.0289352 0.0669271 0.102315
0 0 0.124074 0.0338542 0.0583333
0 0.0967448 0.0532407 0.0226563 0.0351852
0 0.57513 0.767361 0.0528646 0.0550926
1 0.958594 0.952315 0.0447917 0.0953704
2 0.346615 0.0537037 0.0453125 0.106481
2 0.056901 0.28287 0.0492188 0.0796296
2 0.0546875 0.398148 0.0666667 0.0768519
2 0.754557 0.0511574 0.0403646 0.0819444
2 0.803646 0.102546 0.046875 0.0967593
2 0.696094 0.672222 0.0286458 0.0555556
2 0.0854167 0.908565 0.0447917 0.0791667
2 0.598177 0.605093 0.0239583 0.0407407
