0 0.104026 0.489837 0.054813 0.102023
0 0.276883 0.124738 0.060387 0.142731
0 0.353775 0.447778 0.048878 0.092711
0 0.443088 0.761524 0.039257 0.071538
0 0.275605 0.442033 0.048207 0.086016
2 0.084276 0.878775 0.050408 0.083270
2 0.055063 0.260515 0.053547 0.094279
2 0.795068 0.072057 0.043300 0.086933
2 0.941538 0.191995 0.029951 0.079882
0 0.132057 0.397939 0.037548 0.077205
2 0.630414 0.204857 0.039389 0.071901
0 0.041373 0.134083 0.041416 0.064057
0 0.571209 0.730559 0.060018 0.085419
0 0.092672 0.028613 0.027163 0.043335
2 0.595358 0.565183 0.023643 0.040880
2 0.091421 0.138668 0.032256 0.059307
2 0.061599 0.268150 0.065967 0.106498
0 0.052376 0.055606 0.021954 0.037200
2 0.091264 0.401008 0.054870 0.082409
