0 0.449604 0.229990 0.049787 0.107871
1 0.514850 0.451198 0.035760 0.062108
0 0.497044 0.368159 0.061885 0.087799
0 0.775908 0.658912 0.045136 0.090562
1 0.878204 0.852073 0.046669 0.069957
1 0.737875 0.786976 0.042019 0.071633
2 0.380848 0.504906 0.033967 0.057085
1 0.648125 0.642525 0.032367 0.064766
1 0.221384 0.547954 0.054748 0.100548
1 0.716936 0.476654 0.044821 0.069637
2 0.522099 0.563254 0.039357 0.060257
0 0.821827 0.817318 0.049094 0.069355
2 0.934079 0.809917 0.028411 0.048496
2 0.417538 0.421857 0.039634 0.071253
0 0.364125 0.645686 0.057228 0.090580
0 0.963444 0.581978 0.032046 0.060830
0 0.870851 0.931842 0.029738 0.049645
0 0.088307 0.075686 0.046191 0.067583
0 0.971817 0.774039 0.023012 0.044562
0 0.232085 0.663495 0.027685 0.043419
2 0.193023 0.484348 0.028083 0.041802
