0 0.467009 0.122779 0.050191 0.110883
0 0.506934 0.276577 0.065211 0.090508
0 0.777066 0.624691 0.046653 0.091970
1 0.731144 0.753551 0.046672 0.077444
1 0.868727 0.852638 0.050567 0.070213
1 0.648109 0.586560 0.035201 0.066109
1 0.728777 0.426438 0.046121 0.073874
1 0.522325 0.364848 0.036083 0.063452
0 0.858399 0.929163 0.031090 0.052037
0 0.815239 0.798007 0.046303 0.059743
2 0.383423 0.400839 0.035057 0.055568
2 0.522881 0.484672 0.041729 0.062006
0 0.973999 0.582399 0.033477 0.065211
2 0.930441 0.813932 0.028082 0.050047
1 0.218385 0.417232 0.055634 0.105331
2 0.423895 0.318309 0.044375 0.079885
0 0.356759 0.549346 0.060363 0.088416
2 0.189871 0.349619 0.027478 0.046518
1 0.584023 0.291926 0.034468 0.056615
0 0.970609 0.784105 0.025159 0.045570
2 0.978462 0.157636 0.042018 0.115288
