2 0.537807 0.230171 0.051820 0.074099
0 0.766112 0.719632 0.043006 0.064503
1 0.690253 0.623363 0.046165 0.085107
0 0.763321 0.510383 0.045740 0.081255
0 0.781593 0.873870 0.030391 0.048851
1 0.752361 0.285898 0.049996 0.086157
1 0.641941 0.401528 0.035824 0.069197
2 0.417425 0.074230 0.033860 0.065335
0 0.369733 0.222373 0.043907 0.095888
0 0.807398 0.800315 0.046230 0.061513
2 0.872996 0.803138 0.027830 0.045131
0 0.916935 0.802577 0.027805 0.044737
0 0.959273 0.600031 0.033152 0.063593
1 0.562553 0.106113 0.037194 0.064574
1 0.339265 0.235725 0.028157 0.055927
0 0.564969 0.033206 0.065054 0.066412
0 0.759453 0.773873 0.036647 0.053652
2 0.698748 0.869191 0.032456 0.058982
1 0.968355 0.874309 0.048219 0.080577
1 0.258466 0.034469 0.049546 0.068938
0 0.973409 0.808253 0.030870 0.045314
0 0.234208 0.125763 0.028200 0.055121
1 0.636317 0.057975 0.029373 0.052835
0 0.987977 0.974810 0.024046 0.050381
2 0.349868 0.376950 0.023884 0.054859
0 0.490055 0.034488 0.049504 0.068976
1 0.810941 0.191361 0.065600 0.125295
2 0.901522 0.877280 0.034645 0.055567
