0 0.775771 0.397785 0.047836 0.092306
2 0.538410 0.106760 0.054928 0.079690
0 0.775444 0.622919 0.046833 0.062306
1 0.697772 0.524989 0.049803 0.088294
1 0.648385 0.287194 0.039749 0.075712
0 0.792806 0.787882 0.031393 0.051199
1 0.763685 0.156961 0.048348 0.088170
0 0.820214 0.710353 0.048976 0.059917
0 0.978229 0.497001 0.034988 0.068422
2 0.706661 0.783146 0.030241 0.059258
0 0.364066 0.109998 0.048886 0.100611
0 0.766578 0.684462 0.034400 0.058938
2 0.886069 0.711964 0.031474 0.051559
0 0.932684 0.713426 0.030082 0.046766
1 0.334184 0.125542 0.032825 0.058403
1 0.765894 0.969812 0.048108 0.060377
1 0.981195 0.783428 0.037162 0.093874
0 0.987377 0.723916 0.024874 0.053807
2 0.942896 0.924294 0.041279 0.089364
2 0.343979 0.274080 0.023600 0.046253
