0 0.770573 0.383333 0.046875 0.0898148
0 0.975651 0.48125 0.0341146 0.0671296
0 0.771615 0.608796 0.0432292 0.0685185
0 0.816797 0.695139 0.0528646 0.0680556
0 0.928385 0.69838 0.0286458 0.0449074
0 0.363281 0.0956018 0.0427083 0.0884259
0 0.788802 0.773843 0.0307292 0.0486111
0 0.987109 0.70463 0.0367187 0.0574074
1 0.76224 0.134722 0.053125 0.0675926
1 0.642318 0.272917 0.0481771 0.0791667
1 0.695964 0.508565 0.0486979 0.0930556
1 0.330078 0.11875 0.0330729 0.0615741
1 0.821615 0.0293981 0.0661458 0.140278
1 0.990885 0.775463 0.0604167 0.102778
1 0.760026 0.958796 0.0429688 0.0657407
2 0.533724 0.087963 0.0502604 0.0814815
2 0.340625 0.259722 0.0338542 0.0546296
2 0.883464 0.696065 0.0330729 0.0587963
2 0.701172 0.769676 0.0304688 0.0652778
0 0.764974 0.669676 0.0361979 0.0597222
