0 0.720833 0.315278 0.0515625 0.0990741
0 0.935547 0.417824 0.0341146 0.0671296
0 0.725911 0.553009 0.0476562 0.075463
0 0.773307 0.642824 0.0528646 0.0680556
0 0.889063 0.647222 0.0302083 0.0472222
0 0.307031 0.0226852 0.0447917 0.0925926
0 0.744922 0.723611 0.0320312 0.0509259
0 0.952734 0.662963 0.0367187 0.0574074
0 0.973047 0.849074 0.0367187 0.0611111
1 0.710938 0.0541667 0.053125 0.0675926
1 0.589323 0.202083 0.0458333 0.075463
1 0.646224 0.449306 0.0565104 0.10787
1 0.289453 0.0543981 0.0330729 0.0615741
1 0.947656 0.72037 0.0604167 0.102778
1 0.719661 0.915278 0.0429688 0.0657407
2 0.477474 0.018287 0.0528646 0.0856481
2 0.285417 0.198611 0.0338542 0.0546296
2 0.843359 0.644213 0.0330729 0.0587963
2 0.65638 0.72037 0.0320312 0.0685185
0 0.719661 0.61713 0.0398437 0.0657407
