0 0.611858 0.521385 0.052649 0.075261
0 0.597694 0.273578 0.053166 0.108110
1 0.529542 0.415312 0.052667 0.113383
0 0.663896 0.613047 0.048262 0.064876
0 0.788871 0.620235 0.028253 0.052413
0 0.636688 0.699900 0.030070 0.054416
2 0.549677 0.702041 0.028217 0.072878
0 0.830129 0.385068 0.036858 0.083726
2 0.737178 0.619541 0.035732 0.058099
0 0.610498 0.592376 0.037563 0.064237
1 0.463592 0.141441 0.043098 0.095085
1 0.621732 0.902611 0.045664 0.061222
0 0.884890 0.833083 0.041326 0.070880
1 0.851441 0.691263 0.064534 0.112090
0 0.859224 0.634474 0.037934 0.050129
2 0.672897 0.742695 0.031835 0.084703
0 0.971606 0.260094 0.034309 0.079959
2 0.765753 0.694495 0.032614 0.070898
2 0.953941 0.471666 0.031649 0.067202
1 0.572260 0.032724 0.035541 0.065448
