1 0.431515 0.392828 0.060060 0.117684
0 0.518477 0.504467 0.053382 0.076266
0 0.495012 0.242484 0.056211 0.119015
0 0.574017 0.603477 0.052617 0.070185
0 0.546714 0.692714 0.034324 0.057350
0 0.744394 0.362281 0.038368 0.089173
0 0.706394 0.607767 0.029893 0.056039
2 0.652519 0.611393 0.033923 0.064493
2 0.458593 0.691669 0.031979 0.071419
1 0.538501 0.901833 0.046176 0.061289
1 0.768781 0.691335 0.060824 0.107854
0 0.521573 0.580854 0.033467 0.063424
0 0.784696 0.626305 0.033599 0.051135
1 0.352230 0.103306 0.040603 0.108244
2 0.679624 0.685929 0.039258 0.069906
0 0.813985 0.829857 0.041843 0.067863
2 0.883616 0.443423 0.037821 0.100747
2 0.585930 0.736429 0.034219 0.083879
0 0.890721 0.233811 0.034081 0.086843
2 0.680415 0.763335 0.045534 0.072718
2 0.881784 0.447378 0.031246 0.085251
