0 0.436589 0.224537 0.0596354 0.114815
0 0.698047 0.35 0.0393229 0.0861111
0 0.467708 0.497454 0.0552083 0.0875
0 0.526172 0.599537 0.0580729 0.075
0 0.660937 0.604167 0.0385417 0.0601852
0 0.496224 0.690741 0.0330729 0.0592593
0 0.74401 0.622222 0.0385417 0.0601852
0 0.778385 0.838194 0.0385417 0.0643518
1 0.286458 0.0884259 0.053125 0.087037
1 0.375391 0.375231 0.0565104 0.113426
1 0.725 0.689583 0.0635417 0.10787
1 0.494401 0.908565 0.0460938 0.0587963
2 0.605469 0.602315 0.0401042 0.0712963
2 0.421484 0.685185 0.0289063 0.062037
2 0.540625 0.738194 0.040625 0.0949074
2 0.694531 0.826389 0.0328125 0.0537037
2 0.627995 0.687268 0.0330729 0.0689815
2 0.847786 0.433565 0.0361979 0.0810185
2 0.777604 0.908565 0.0338542 0.0560185
0 0.46888 0.571065 0.0424479 0.074537
