0 0.212109 0.17963 0.0502604 0.119444
0 0.189974 0.449769 0.0283854 0.0634259
0 0.0102865 0.548611 0.0492188 0.075
0 0.307292 0.481481 0.0520833 0.0638889
0 0.37487 0.712731 0.0424479 0.0708333
0 0.596224 0.461574 0.0601562 0.0990741
0 0.36263 0.0460648 0.0481771 0.129167
1 0.286589 0.558565 0.0773437 0.131019
1 0.0554687 0.797454 0.0614583 0.0643518
2 0.154687 0.543287 0.0661458 0.0939815
2 0.047526 0.617361 0.0539063 0.115278
2 0.132292 0.455556 0.0401042 0.0842593
2 0.420052 0.286343 0.0484375 0.108796
2 0.39388 0.796759 0.0351563 0.0555556
2 0.245573 0.694444 0.0401042 0.0712963
2 0.159115 0.625232 0.0661458 0.0856481
2 0.449349 0.831019 0.0382813 0.0842593
2 0.0794271 0.627083 0.0390625 0.0513889
0 0.0316406 0.435417 0.0445312 0.0782407
0 0.264974 0.964583 0.0789063 0.108796
