0 0.121094 0.236806 0.03125 0.0699074
0 0.25013 0.299769 0.0450521 0.0606481
0 0.31875 0.574769 0.0640625 0.106019
0 0.571224 0.347454 0.0632813 0.104167
1 0.224349 0.384028 0.0835937 0.122685
2 0.0627604 0.237269 0.0661458 0.0939815
2 0.0800781 0.323843 0.0611979 0.0884259
2 0.38776 0.122917 0.0510417 0.114352
2 0.339323 0.675926 0.0369792 0.0583333
2 0.18125 0.529167 0.0421875 0.075
2 0.0841146 0.430093 0.0729167 0.0944444
2 0.39974 0.730324 0.0401042 0.0884259
2 0.203776 0.595602 0.0768229 0.0912037
0 0.192188 0.834491 0.0828125 0.114352
2 0.189453 0.720139 0.0445312 0.0541667
0 0.0949219 0.659954 0.0278646 0.0467593
