0 0.067381 0.129527 0.050673 0.093220
0 0.065108 0.043418 0.072917 0.086836
0 0.717026 0.361370 0.063921 0.113960
0 0.089396 0.272280 0.053748 0.087624
1 0.378686 0.349180 0.083183 0.167523
2 0.317208 0.733483 0.053182 0.067794
1 0.104005 0.602828 0.077597 0.093688
2 0.228789 0.204119 0.058536 0.092380
2 0.323203 0.501672 0.054044 0.079639
0 0.295242 0.213504 0.044885 0.098499
0 0.459758 0.586348 0.062435 0.124019
2 0.340855 0.594498 0.078624 0.089847
2 0.245002 0.393226 0.085201 0.124688
0 0.309738 0.869872 0.102269 0.166272
2 0.538001 0.125932 0.056858 0.131183
0 0.409595 0.291394 0.042264 0.069983
2 0.470370 0.701850 0.034525 0.067269
2 0.240128 0.294110 0.077751 0.087183
2 0.522015 0.778802 0.042431 0.107483
0 0.120765 0.183580 0.101674 0.162013
0 0.109911 0.386260 0.054785 0.098344
0 0.388734 0.679504 0.085849 0.110337
0 0.223562 0.663321 0.035486 0.063577
2 0.009910 0.284031 0.019606 0.096377
2 0.147977 0.367187 0.042630 0.087609
0 0.490234 0.829148 0.035763 0.058270
2 0.152521 0.374788 0.033507 0.069671
