0 0.322396 0.209491 0.046875 0.0976852
0 0.439714 0.288657 0.0450521 0.0606481
0 0.484245 0.580556 0.0705729 0.116667
0 0.744271 0.35787 0.0572917 0.0990741
0 0.0949219 0.0331019 0.0716146 0.0847222
0 0.0938802 0.122685 0.0466146 0.0935185
0 0.113281 0.263426 0.046875 0.087037
0 0.13724 0.38287 0.0557292 0.0972222
1 0.407682 0.34375 0.0846354 0.180093
1 0.127734 0.598611 0.0804688 0.1
2 0.255729 0.195602 0.0661458 0.0939815
2 0.270443 0.385185 0.0851562 0.125
2 0.453906 0.647222 0.0260417 0.0453704
2 0.35 0.488889 0.0442708 0.0787037
2 0.271875 0.294444 0.0765625 0.0990741
2 0.49388 0.696065 0.0304688 0.0671296
2 0.367708 0.590972 0.0697917 0.0828704
2 0.165885 0.345139 0.0619792 0.123611
2 0.344271 0.727083 0.0473958 0.0699074
2 0.568359 0.101157 0.0325521 0.140278
2 0.180208 0.372222 0.0354167 0.0638889
2 0.0227865 0.267824 0.0408854 0.0939815
0 0.335938 0.865509 0.0958333 0.156019
0 0.545443 0.77963 0.0440104 0.111111
0 0.248698 0.653009 0.0364583 0.0680556
0 0.153776 0.173843 0.105469 0.172685
