2 0.056128 0.240336 0.051200 0.109633
0 0.813589 0.333700 0.064045 0.118247
1 0.466970 0.318458 0.085649 0.183630
2 0.396377 0.724776 0.050732 0.077462
0 0.161301 0.233270 0.052192 0.093643
1 0.170457 0.584087 0.078282 0.104786
0 0.540298 0.569013 0.067431 0.139002
0 0.380105 0.867166 0.102201 0.171954
0 0.136628 0.083386 0.050416 0.104167
2 0.309321 0.161981 0.060756 0.095234
0 0.378484 0.173668 0.045635 0.103988
2 0.327912 0.379152 0.079487 0.119844
0 0.181615 0.363573 0.057863 0.092896
2 0.629943 0.086561 0.051141 0.142400
0 0.296665 0.649433 0.038647 0.071777
2 0.421501 0.577825 0.082792 0.090352
2 0.408156 0.482765 0.050263 0.083365
0 0.496491 0.258072 0.043406 0.069433
2 0.551080 0.693540 0.037456 0.071257
0 0.194397 0.136518 0.103280 0.153799
2 0.325592 0.253988 0.074156 0.084652
0 0.471685 0.674790 0.099249 0.122351
0 0.198309 0.340082 0.090982 0.132525
2 0.597137 0.777647 0.045836 0.112719
2 0.214124 0.324279 0.063355 0.124946
2 0.221500 0.327357 0.046115 0.103557
0 0.562338 0.827859 0.040098 0.066777
