0 0.525391 0.0803241 0.0539063 0.0967593
1 0.296094 0.890741 0.0697917 0.133333
1 0.585807 0.532639 0.103385 0.170833
1 0.183594 0.135417 0.0729167 0.0986111
1 0.913281 0.628241 0.0598958 0.0990741
2 0.310807 0.984954 0.0320312 0.049537
2 0.297656 0.702315 0.0682292 0.0851852
2 0.175911 0.704398 0.108594 0.146759
2 0.404427 0.730556 0.0651042 0.0814815
2 0.674479 0.738657 0.0671875 0.143981
2 0.00924479 0.172917 0.0601562 0.0865741
2 0.0251302 0.128241 0.0419271 0.0722222
2 0.268229 0.227546 0.0546875 0.0578704
