2 0.479297 0.668981 0.0898438 0.142593
1 0.50026 0.551389 0.138021 0.205556
1 0.211068 0.561343 0.0731771 0.133796
1 0.17526 0.247222 0.0895833 0.207407
1 0.377474 0.441435 0.0580729 0.1375
1 0.571224 0.3625 0.0601562 0.119444
1 0.074349 0.459491 0.0648438 0.152315
1 0.68138 0.274769 0.0575521 0.0986111
1 0.772135 0.197222 0.059375 0.124074
1 0.611719 0.256019 0.0609375 0.112963
1 0.866667 0.419676 0.0713542 0.16713
1 0.913672 0.127083 0.0695312 0.158796
1 0.742318 0.500926 0.0929687 0.205556
1 0.55 0.25787 0.0708333 0.138889
2 0.566536 0.565278 0.0565104 0.115741
