2 0.474349 0.777546 0.0815104 0.129167
1 0.491016 0.672454 0.12526 0.186574
1 0.227865 0.675926 0.0661458 0.121296
1 0.197005 0.387269 0.0851562 0.197685
1 0.38112 0.579861 0.0580729 0.1375
1 0.555729 0.508333 0.0546875 0.108333
1 0.0967448 0.564352 0.0559896 0.131481
1 0.652865 0.43125 0.0520833 0.0893519
1 0.73724 0.365741 0.059375 0.124074
1 0.590625 0.421991 0.0526042 0.0976852
1 0.825911 0.555093 0.0679687 0.159259
1 0.860677 0.315046 0.0630208 0.143981
1 0.714063 0.619676 0.0885417 0.195833
1 0.542057 0.423611 0.0643229 0.125926
2 0.554818 0.676389 0.0539063 0.110185
2 0.673698 0.225231 0.0635417 0.0939815
