1 0.503646 1 0.113542 0.169444
1 0.24375 0.735185 0.08125 0.187963
1 0.410677 0.931481 0.0479167 0.0990741
1 0.145443 0.859954 0.0580729 0.105093
1 0.654688 0.815972 0.0520833 0.0893519
1 0.730729 0.764583 0.0536458 0.1125
1 0.60013 0.817361 0.0476562 0.0884259
1 0.810547 0.902546 0.0585938 0.1375
1 0.839453 0.724769 0.0575521 0.124537
1 0.702344 0.965741 0.0729167 0.161111
1 0.549089 0.81412 0.0450521 0.0902778
1 0.651823 0.42662 0.0739583 0.126389
1 0.611589 0.485648 0.0596354 0.110185
1 0.410937 0.386806 0.0619792 0.129167
1 0.598177 0.264815 0.0864583 0.153704
1 0.671354 0.355556 0.0489583 0.0787037
1 0.496875 0.249769 0.0390625 0.0726852
1 0.477474 0.0724537 0.0789063 0.144907
1 0.7375 0.0555556 0.0588542 0.110185
2 0.567187 0.99537 0.059375 0.121296
2 0.670443 0.627546 0.0523437 0.0773148
