2 0.935938 0.22037 0.0567708 0.10463
2 0.895052 0.120833 0.0963542 0.143519
1 0.710026 0.917824 0.0747396 0.13287
1 0.599219 0.734722 0.0682292 0.125
1 0.824349 0.73125 0.0559896 0.105093
1 0.192578 0.637963 0.0481771 0.0972222
1 0.74349 0.803472 0.0505208 0.0828704
1 0.752734 0.707639 0.0606771 0.149537
1 0.795052 0.668519 0.053125 0.0907407
1 0.822135 0.547222 0.0723958 0.130556
1 0.739193 0.313889 0.0679687 0.0981481
1 0.946354 0.355556 0.0729167 0.117593
1 0.8125 0.232176 0.0541667 0.106019
1 0.524609 0.335648 0.0606771 0.121296
1 0.464063 0.300463 0.05 0.119444
1 0.545703 0.0763889 0.0513021 0.0944444
1 0.247005 0.374306 0.0486979 0.0736111
2 0.213411 0.46713 0.0565104 0.0907407
2 0.728906 0.57338 0.0380208 0.0773148
2 0.83125 0.402315 0.0713542 0.119444
2 0.485026 0.366204 0.0263021 0.0527778
2 0.802995 0.340972 0.0471354 0.099537
2 0.615495 0.0678241 0.0638021 0.106019
1 0.13724 0.592824 0.0338542 0.0763889
