2 0.829036 0.472454 0.0596354 0.109722
2 0.792188 0.372454 0.10625 0.15787
1 0.509896 0.967593 0.0682292 0.125
1 0.725781 0.966667 0.0588542 0.110185
1 0.124479 0.840741 0.0458333 0.0925926
1 0.652474 0.950231 0.0549479 0.135648
1 0.697135 0.908333 0.053125 0.0907407
1 0.719922 0.803009 0.0690104 0.124537
1 0.642578 0.543056 0.0648438 0.0935185
1 0.83737 0.616204 0.0695312 0.112037
1 0.71224 0.484491 0.0541667 0.106019
1 0.436849 0.581019 0.0606771 0.121296
1 0.381771 0.532407 0.0453125 0.108333
1 0.468359 0.320833 0.0513021 0.0944444
1 0.179167 0.570139 0.0510417 0.0773148
2 0.148958 0.665278 0.059375 0.0953704
2 0.652604 0.784491 0.0380208 0.0773148
2 0.728385 0.646759 0.0713542 0.119444
2 0.417318 0.609259 0.0263021 0.0527778
2 0.70638 0.580324 0.0544271 0.115278
2 0.526432 0.311343 0.0638021 0.106019
2 0.615365 0.209491 0.0552083 0.108796
1 0.0723958 0.791667 0.0307292 0.0694444
