0 0.441797 0.893056 0.0716146 0.130556
0 0.274089 0.690972 0.0346354 0.0699074
0 0.544271 0.829167 0.0510417 0.112963
0 0.549349 0.658796 0.0414063 0.101852
0 0.351693 0.51412 0.0309896 0.0625
0 0.478516 0.846528 0.0414063 0.100463
0 0.458464 0.56088 0.0544271 0.0763889
0 0.205208 0.842824 0.0442708 0.075463
0 0.384245 0.450463 0.0617188 0.0731481
0 0.329557 0.400463 0.0440104 0.0833333
0 0.365885 0.374074 0.0416667 0.0611111
0 0.504948 0.381019 0.0557292 0.103704
0 0.599479 0.328472 0.0973958 0.111574
0 0.359245 0.213657 0.0507813 0.0791667
0 0.919922 0.475463 0.0705729 0.0981481
0 0.396615 0.260185 0.0453125 0.0472222
0 0.480729 0.68912 0.0385417 0.0643518
1 0.605599 0.650231 0.0653646 0.108796
1 0.590885 0.551852 0.0604167 0.0824074
2 0.40612 0.549074 0.0330729 0.0740741
1 0.376302 0.749537 0.0265625 0.0657407
