0 0.890267 0.702469 0.056921 0.125703
1 0.225462 0.267232 0.057017 0.112431
0 0.779938 0.220341 0.028347 0.096120
0 0.658329 0.641136 0.052878 0.091652
1 0.450124 0.422808 0.037696 0.077540
2 0.614812 0.516330 0.047548 0.099740
0 0.484191 0.598230 0.023978 0.054412
1 0.894106 0.112658 0.049995 0.100937
2 0.477995 0.262441 0.030635 0.102080
0 0.933996 0.886122 0.027216 0.070414
0 0.968882 0.698170 0.018514 0.061433
0 0.033594 0.964604 0.066317 0.070793
0 0.780140 0.213695 0.022362 0.096595
1 0.975856 0.823415 0.048086 0.067446
0 0.976293 0.824205 0.046188 0.062961
