0 0.800169 0.554087 0.053993 0.121109
0 0.574231 0.484552 0.050975 0.081200
1 0.158403 0.125749 0.057572 0.112324
2 0.536992 0.372431 0.045702 0.097285
1 0.375292 0.273238 0.038630 0.075677
0 0.838507 0.722799 0.027741 0.072142
0 0.883434 0.668216 0.041428 0.061519
0 0.880339 0.557680 0.022839 0.066387
0 0.404832 0.437999 0.021993 0.052397
0 0.442265 0.953653 0.074776 0.092694
0 0.707097 0.111921 0.027341 0.094907
2 0.408013 0.135294 0.030921 0.104097
1 0.829591 0.032325 0.042125 0.064650
0 0.951732 0.587067 0.041490 0.068647
