0 0.377634 0.834764 0.083551 0.149604
0 0.740206 0.454397 0.052311 0.117377
0 0.520177 0.377908 0.050097 0.084079
0 0.772225 0.612256 0.027026 0.070711
0 0.818665 0.567473 0.041780 0.064493
0 0.818329 0.461822 0.019455 0.060065
2 0.484608 0.272963 0.045488 0.096120
0 0.984905 0.500965 0.028154 0.075857
0 0.350007 0.328131 0.021788 0.052326
1 0.114095 0.045181 0.059540 0.090363
0 0.025901 0.971896 0.051802 0.056207
1 0.087369 0.889610 0.064553 0.202139
0 0.890882 0.491293 0.039445 0.065079
0 0.657849 0.040021 0.026270 0.079703
1 0.323357 0.169090 0.041557 0.086430
