0 0.289344 0.630690 0.083223 0.138507
0 0.656990 0.318482 0.047983 0.113764
0 0.441731 0.229776 0.053304 0.081703
0 0.896871 0.369322 0.029780 0.074328
0 0.732149 0.424101 0.038277 0.063455
0 0.683896 0.465342 0.026483 0.076521
0 0.935685 0.755036 0.054871 0.094936
2 0.411502 0.139232 0.038775 0.095373
0 0.142945 0.811989 0.042129 0.091727
0 0.733943 0.328276 0.021900 0.062825
0 0.977779 0.750714 0.044300 0.087130
0 0.273927 0.176557 0.021510 0.049492
0 0.934714 0.031579 0.041949 0.063158
1 0.018253 0.666259 0.036506 0.196502
0 0.974080 0.079903 0.050318 0.082759
0 0.805111 0.360069 0.034748 0.066148
1 0.016580 0.640176 0.033159 0.160295
