0 0.267057 0.840972 0.0382813 0.0773148
0 0.548958 0.84213 0.0432292 0.107407
0 0.347005 0.665046 0.0309896 0.0625
0 0.380078 0.606944 0.0648438 0.0768519
0 0.32474 0.546759 0.0484375 0.0916667
0 0.361589 0.52338 0.0481771 0.0708333
0 0.504427 0.540509 0.0614583 0.114352
0 0.600781 0.488426 0.0927083 0.106481
0 0.356641 0.344213 0.0507813 0.0791667
0 0.939714 0.662731 0.0742188 0.103241
0 0.39401 0.406944 0.0453125 0.0472222
0 0.478385 0.864583 0.0385417 0.0643518
1 0.612109 0.848843 0.0721354 0.119907
1 0.594922 0.74213 0.0632813 0.0861111
2 0.402474 0.706944 0.0346354 0.0777778
1 0.373698 0.926389 0.0307292 0.0759259
0 0.451693 0.724537 0.0513021 0.062963
