0 0.502079 0.634449 0.061085 0.112557
0 0.378812 0.699675 0.064601 0.078807
0 0.350899 0.446293 0.056522 0.090065
0 0.319567 0.626573 0.047361 0.081914
0 0.264072 0.928840 0.040883 0.081146
0 0.358560 0.612090 0.036313 0.061504
0 0.452304 0.823094 0.053100 0.076584
0 0.602654 0.602982 0.096625 0.145087
2 0.398048 0.800620 0.034336 0.073397
1 0.596348 0.861649 0.066198 0.079011
0 0.390812 0.497611 0.045160 0.056409
0 0.344079 0.755746 0.030086 0.059259
0 0.389511 0.581703 0.037825 0.053644
1 0.612111 0.955575 0.075758 0.088849
0 0.940479 0.777470 0.078387 0.119585
0 0.547403 0.965706 0.044134 0.068587
0 0.547391 0.953622 0.048252 0.092756
