0 0.377555 0.717859 0.062728 0.077393
0 0.502076 0.655219 0.062943 0.111942
0 0.350417 0.460931 0.055845 0.090142
2 0.397800 0.816115 0.033811 0.073308
0 0.263771 0.946279 0.041771 0.079551
0 0.319079 0.643692 0.047668 0.087223
1 0.596573 0.884717 0.065917 0.083694
0 0.358882 0.628632 0.038675 0.063147
0 0.450971 0.842177 0.052894 0.076626
0 0.603134 0.620711 0.096848 0.150441
0 0.391305 0.513876 0.045116 0.053332
1 0.609827 0.965524 0.061350 0.068952
0 0.343078 0.772320 0.029045 0.059759
0 0.387872 0.598398 0.036924 0.050947
0 0.941124 0.798163 0.080083 0.112178
0 0.441355 0.656170 0.040450 0.071902
0 0.549367 0.956237 0.039646 0.074374
