0 0.377885 0.719109 0.063826 0.075464
0 0.502436 0.655736 0.062918 0.111817
0 0.350764 0.461403 0.055697 0.090029
2 0.397869 0.817180 0.033553 0.072755
0 0.263904 0.946446 0.041558 0.079564
0 0.358854 0.629645 0.038551 0.064151
0 0.318999 0.644039 0.047151 0.086539
1 0.597198 0.885455 0.066501 0.084005
0 0.451428 0.843238 0.054297 0.076050
0 0.603250 0.621711 0.096965 0.147386
0 0.343268 0.772958 0.029203 0.058794
0 0.391756 0.514853 0.047672 0.053504
1 0.610042 0.965746 0.061351 0.068509
0 0.387853 0.598958 0.036382 0.051368
0 0.938034 0.799949 0.072472 0.108641
0 0.549166 0.961831 0.040125 0.076338
0 0.441622 0.655913 0.040162 0.069593
