0 0.659784 0.775785 0.054584 0.091416
0 0.511430 0.837242 0.042820 0.065945
0 0.920666 0.478324 0.035612 0.070743
0 0.748930 0.452375 0.028274 0.074619
0 0.434884 0.807815 0.035229 0.062014
0 0.284372 0.057502 0.047776 0.097722
0 0.457373 0.943313 0.030304 0.064182
0 0.934049 0.848157 0.027348 0.057328
0 0.786661 0.921225 0.037418 0.081827
0 0.503008 0.464585 0.016587 0.030787
0 0.723642 0.681905 0.046793 0.080436
0 0.960352 0.227145 0.023660 0.040042
1 0.700797 0.154440 0.036090 0.069152
0 0.380738 0.543743 0.031655 0.077197
0 0.775872 0.261370 0.022384 0.047036
0 0.874844 0.358051 0.015421 0.040514
