0 0.671727 0.865035 0.062423 0.107248
0 0.941048 0.526899 0.039052 0.076473
0 0.429370 0.907427 0.039099 0.064722
0 0.763527 0.504065 0.031119 0.078479
0 0.270377 0.089089 0.046999 0.108994
0 0.512534 0.932392 0.039974 0.068167
0 0.960505 0.926729 0.027775 0.061985
0 0.504264 0.528193 0.018690 0.032566
0 0.738358 0.758099 0.046230 0.083807
0 0.373833 0.615298 0.034419 0.086713
0 0.331093 0.043696 0.055558 0.087393
0 0.808985 0.175129 0.023778 0.033989
0 0.710781 0.189932 0.037127 0.073655
2 0.491308 0.347626 0.029757 0.088428
0 0.790031 0.297656 0.023258 0.050526
0 0.892005 0.395716 0.017545 0.039095
0 0.970391 0.241949 0.024251 0.042288
0 0.335419 0.055156 0.055245 0.110311
