2 0.377609 0.693731 0.042154 0.059716
0 0.326099 0.549390 0.034397 0.074185
0 0.472629 0.634389 0.042705 0.100772
0 0.584562 0.484920 0.072578 0.099746
0 0.528313 0.715796 0.038934 0.079193
0 0.580019 0.571300 0.033693 0.069634
0 0.270290 0.930191 0.091575 0.139617
0 0.556108 0.820266 0.055763 0.109381
0 0.535885 0.607807 0.030663 0.080025
2 0.433085 0.707017 0.032175 0.070169
0 0.487760 0.506973 0.045972 0.080503
0 0.508837 0.567009 0.041075 0.067747
1 0.376957 0.813036 0.041566 0.110140
0 0.614177 0.944624 0.084273 0.110753
0 0.433944 0.602713 0.031025 0.058706
0 0.440791 0.811130 0.041107 0.080196
0 0.495968 0.703301 0.026807 0.069572
