0 0.469896 0.732168 0.044425 0.103514
0 0.535015 0.707953 0.032449 0.082465
0 0.579039 0.667765 0.034922 0.073832
2 0.373245 0.790763 0.044158 0.060948
0 0.526387 0.818844 0.039090 0.077515
0 0.485510 0.595056 0.047815 0.084400
0 0.322355 0.633329 0.037999 0.076787
0 0.584497 0.574127 0.072540 0.105531
0 0.435759 0.913826 0.037407 0.086394
0 0.506964 0.658293 0.043745 0.071360
0 0.430593 0.696149 0.033047 0.059406
2 0.431004 0.808481 0.031671 0.063332
0 0.554734 0.931873 0.058495 0.111290
1 0.372468 0.914630 0.041746 0.119229
