0 0.469962 0.729262 0.044520 0.101776
0 0.535278 0.707407 0.032287 0.081932
0 0.579332 0.665870 0.034305 0.072926
2 0.374077 0.789596 0.043772 0.060723
0 0.526611 0.817629 0.039235 0.077236
0 0.322562 0.631773 0.038248 0.076206
0 0.584377 0.572175 0.072493 0.105150
0 0.507227 0.657049 0.043737 0.071194
0 0.485846 0.593227 0.048439 0.083712
2 0.430721 0.806791 0.032185 0.063746
0 0.555191 0.930739 0.058833 0.111888
0 0.435849 0.912339 0.037053 0.085609
0 0.430656 0.694561 0.033480 0.059781
1 0.372575 0.912810 0.041231 0.118489
0 0.384564 0.637773 0.034814 0.045133
