0 0.470617 0.727141 0.044076 0.101667
2 0.375167 0.784698 0.044544 0.061184
0 0.580265 0.666921 0.033927 0.074028
0 0.535995 0.707022 0.031881 0.081466
0 0.323546 0.625698 0.038191 0.076241
0 0.526370 0.818118 0.038968 0.077724
2 0.430873 0.803203 0.032187 0.065514
0 0.553684 0.929440 0.058397 0.112432
0 0.508401 0.655781 0.043805 0.072956
0 0.486673 0.591429 0.048100 0.083583
0 0.585966 0.572296 0.073237 0.105504
0 0.431478 0.690979 0.033508 0.060723
0 0.435417 0.909738 0.037218 0.085999
1 0.372449 0.908113 0.040492 0.113928
0 0.385500 0.633653 0.034273 0.046600
0 0.493546 0.800295 0.028878 0.077592
