2 0.439176 0.587351 0.035073 0.061135
0 0.487020 0.845284 0.037897 0.079025
0 0.443099 0.934898 0.056097 0.128072
0 0.582334 0.682158 0.054281 0.088170
0 0.221849 0.672392 0.057719 0.095245
0 0.514858 0.534957 0.026910 0.046773
0 0.284410 0.534586 0.070516 0.157101
0 0.641113 0.840734 0.068948 0.133840
0 0.494874 0.441911 0.041524 0.066652
0 0.188220 0.117139 0.047652 0.079276
0 0.505275 0.713546 0.050879 0.100322
1 0.381399 0.638416 0.066518 0.064697
0 0.279284 0.788274 0.064084 0.103510
0 0.508837 0.635245 0.030452 0.059828
0 0.477983 0.787030 0.032746 0.064327
0 0.588130 0.869700 0.035131 0.092862
1 0.224621 0.874691 0.066255 0.096851
0 0.558448 0.747791 0.044296 0.084059
2 0.237753 0.175529 0.035401 0.091092
0 0.474826 0.284270 0.030715 0.070055
0 0.404941 0.739768 0.042449 0.096051
2 0.453087 0.683925 0.028925 0.070955
0 0.023912 0.726379 0.047520 0.080185
0 0.545648 0.814541 0.034933 0.076885
0 0.015428 0.181222 0.030855 0.101895
