0 0.315080 0.416730 0.056758 0.089979
2 0.509946 0.561118 0.033816 0.053162
0 0.295873 0.912260 0.117462 0.175479
1 0.261243 0.581284 0.063949 0.081024
0 0.600767 0.790380 0.048023 0.089096
0 0.602438 0.494175 0.042364 0.062413
0 0.404448 0.850485 0.061854 0.116513
0 0.526319 0.733463 0.050405 0.093004
0 0.147405 0.267117 0.046049 0.077320
0 0.406058 0.366019 0.075901 0.138427
0 0.552751 0.670022 0.029633 0.056943
0 0.640359 0.342960 0.033279 0.067804
0 0.558453 0.813527 0.042100 0.083772
0 0.598455 0.955317 0.064354 0.089367
0 0.326431 0.565179 0.060723 0.101610
0 0.396043 0.531931 0.037215 0.053629
0 0.468633 0.823629 0.038324 0.078439
0 0.542452 0.952863 0.042030 0.070570
2 0.491889 0.653373 0.031466 0.059831
0 0.588785 0.596708 0.030084 0.053170
0 0.480025 0.766224 0.034873 0.061981
0 0.530587 0.859142 0.038774 0.071834
2 0.481568 0.036216 0.034676 0.072433
