0 0.817861 0.472259 0.051651 0.086521
0 0.556205 0.238598 0.027007 0.049434
1 0.796393 0.799858 0.033435 0.088585
0 0.339447 0.606601 0.031358 0.059753
0 0.780063 0.700113 0.051172 0.084861
1 0.678520 0.833740 0.054582 0.102090
0 0.229440 0.031150 0.048200 0.062299
0 0.354486 0.863054 0.035410 0.057144
0 0.298305 0.314445 0.035021 0.066765
0 0.522633 0.379287 0.023417 0.040601
1 0.783045 0.543453 0.047515 0.093129
0 0.143676 0.371424 0.035807 0.065842
0 0.879933 0.737689 0.047162 0.078387
0 0.403586 0.614812 0.039199 0.074200
1 0.133497 0.294910 0.045900 0.081444
0 0.482786 0.550125 0.050254 0.059031
0 0.967236 0.150007 0.035234 0.066874
1 0.261041 0.591991 0.033716 0.075343
0 0.193799 0.325262 0.035530 0.087889
0 0.526720 0.889759 0.024895 0.046665
1 0.401314 0.170533 0.041845 0.081815
