0 0.676891 0.354618 0.047320 0.087225
1 0.699286 0.658035 0.035505 0.095011
0 0.403424 0.237518 0.030877 0.049365
1 0.602033 0.748936 0.055386 0.098801
0 0.673560 0.577499 0.050316 0.085319
0 0.306034 0.680002 0.040973 0.081155
0 0.236691 0.705557 0.034966 0.061561
1 0.655387 0.429927 0.045791 0.088708
0 0.391280 0.389615 0.027736 0.044181
1 0.233308 0.235605 0.051003 0.090019
0 0.762378 0.564161 0.039343 0.074155
0 0.292697 0.954357 0.041641 0.059037
0 0.145201 0.425687 0.038801 0.069907
0 0.377458 0.576745 0.057142 0.064824
1 0.149822 0.735309 0.040875 0.086160
0 0.024122 0.158033 0.048243 0.088953
0 0.029260 0.492642 0.044738 0.097053
0 0.469740 0.879370 0.027318 0.045387
0 0.222551 0.956868 0.045190 0.064413
