1 0.581571 0.732631 0.057196 0.098969
0 0.635723 0.333771 0.046313 0.090106
0 0.358824 0.249032 0.029948 0.050644
0 0.643281 0.553478 0.050814 0.085408
1 0.671421 0.630181 0.031507 0.090439
0 0.210325 0.742992 0.035882 0.061708
0 0.280062 0.707349 0.040510 0.079801
1 0.184168 0.267996 0.051716 0.091101
0 0.353249 0.404134 0.027842 0.042950
0 0.102083 0.473942 0.039020 0.072812
0 0.727899 0.529744 0.039137 0.077286
1 0.618165 0.412389 0.043993 0.081898
0 0.454311 0.883930 0.026530 0.047742
0 0.346340 0.594523 0.051045 0.062388
1 0.120412 0.786404 0.042156 0.084861
0 0.278970 0.977120 0.039326 0.045761
2 0.137049 0.072877 0.024856 0.060303
0 0.601068 0.900713 0.021350 0.044188
