1 0.617747 0.735546 0.057066 0.100348
0 0.684424 0.561286 0.051810 0.086859
0 0.405201 0.242372 0.029609 0.049159
1 0.236262 0.248860 0.047777 0.087481
1 0.712744 0.639420 0.032235 0.089022
0 0.397671 0.394421 0.026799 0.042970
0 0.681907 0.339577 0.047288 0.087875
1 0.661778 0.415952 0.044834 0.083855
0 0.320702 0.693129 0.041938 0.081197
0 0.251119 0.723988 0.035216 0.059560
0 0.020093 0.187440 0.040186 0.088180
0 0.151296 0.450951 0.037189 0.073019
0 0.772429 0.542281 0.039738 0.077385
0 0.389363 0.584247 0.053081 0.061012
0 0.313233 0.967164 0.039035 0.057723
0 0.034082 0.527425 0.042282 0.092751
1 0.162827 0.759434 0.040581 0.084562
2 0.194026 0.055621 0.024459 0.065922
0 0.486958 0.878525 0.025800 0.047925
0 0.632701 0.907959 0.022620 0.045261
0 0.218651 0.094954 0.025999 0.059315
