0 0.732815 0.325324 0.048372 0.092821
1 0.677169 0.725603 0.058618 0.101096
1 0.774100 0.619402 0.033250 0.096316
0 0.743826 0.544954 0.052164 0.086682
0 0.385465 0.707843 0.039875 0.081214
0 0.316617 0.744157 0.035494 0.062339
0 0.208773 0.479666 0.041107 0.075178
0 0.450523 0.402099 0.027698 0.043038
0 0.451899 0.247697 0.030132 0.051091
1 0.290247 0.270970 0.051396 0.090472
1 0.020039 0.575110 0.040077 0.098580
0 0.064126 0.218705 0.051735 0.080387
1 0.717616 0.399982 0.046677 0.089075
0 0.090680 0.564907 0.044455 0.100416
0 0.042223 0.651289 0.044878 0.063248
0 0.102516 0.041809 0.049912 0.068054
0 0.831257 0.517431 0.038343 0.075171
0 0.447158 0.591783 0.050490 0.060990
0 0.384327 0.977124 0.038061 0.045753
0 0.548997 0.877938 0.025626 0.046621
1 0.226257 0.788555 0.041063 0.084037
2 0.243418 0.076635 0.023177 0.063991
0 0.269400 0.118613 0.026713 0.065977
0 0.693016 0.893042 0.022800 0.047696
