1 0.813725 0.741450 0.061359 0.104889
0 0.879960 0.337599 0.049772 0.093560
0 0.890268 0.562223 0.054962 0.093501
1 0.923020 0.638505 0.037248 0.100190
1 0.442969 0.279409 0.050298 0.088940
1 0.860668 0.413681 0.048834 0.088513
0 0.459287 0.748732 0.033807 0.061033
1 0.163768 0.573649 0.060840 0.099338
0 0.526776 0.716043 0.038863 0.079199
0 0.359836 0.486176 0.041793 0.079466
0 0.588891 0.255896 0.028946 0.049323
1 0.368832 0.793053 0.042021 0.085980
0 0.223465 0.222687 0.049796 0.080067
0 0.589491 0.411050 0.031363 0.047451
0 0.195718 0.652179 0.044216 0.063536
0 0.241877 0.566009 0.043929 0.099926
0 0.154878 0.252746 0.044338 0.072684
0 0.259224 0.047332 0.047690 0.075354
0 0.981201 0.536868 0.035516 0.078725
0 0.155330 0.452925 0.047094 0.062208
0 0.589095 0.598977 0.052862 0.061230
2 0.401292 0.090901 0.024292 0.082831
0 0.677128 0.891836 0.025330 0.046112
0 0.424748 0.125809 0.025427 0.072368
0 0.521538 0.981198 0.037205 0.037603
1 0.168588 0.176350 0.038056 0.078849
0 0.471232 0.451657 0.039459 0.044265
0 0.504063 0.913355 0.041892 0.053873
0 0.820371 0.912743 0.025328 0.045942
