1 0.981926 0.662180 0.035081 0.097199
0 0.418122 0.481910 0.045185 0.083022
1 0.867792 0.762136 0.062672 0.108767
1 0.223599 0.558591 0.058938 0.098244
0 0.943183 0.355550 0.050395 0.093562
0 0.222012 0.240541 0.045339 0.070223
1 0.922795 0.431977 0.049576 0.091869
0 0.647727 0.260241 0.027560 0.050338
0 0.646719 0.415688 0.031256 0.047189
0 0.579115 0.718700 0.038874 0.079290
1 0.505542 0.277171 0.048410 0.083656
0 0.215177 0.436471 0.043212 0.063172
0 0.950960 0.583866 0.056829 0.094786
0 0.253641 0.637340 0.043433 0.064163
0 0.512400 0.748613 0.034777 0.061406
0 0.300893 0.554800 0.043370 0.100175
1 0.421657 0.787099 0.041699 0.086141
0 0.327098 0.041033 0.053508 0.073361
0 0.490632 0.125350 0.024891 0.071753
0 0.288119 0.213992 0.049958 0.082197
0 0.644187 0.606353 0.052883 0.063219
0 0.527757 0.452227 0.038780 0.045949
0 0.725035 0.903620 0.025679 0.046252
2 0.468302 0.089437 0.024779 0.087207
0 0.022180 0.516758 0.036357 0.065060
0 0.553938 0.915562 0.043163 0.054773
0 0.569348 0.983140 0.036161 0.033721
1 0.236324 0.168741 0.039400 0.087503
