1 0.948559 0.780867 0.062897 0.106238
0 0.730033 0.273136 0.030453 0.049777
1 0.312450 0.563537 0.061284 0.103476
1 0.330451 0.178050 0.041310 0.085339
0 0.663177 0.732064 0.038825 0.081134
0 0.504930 0.489897 0.044749 0.084878
1 0.595752 0.287902 0.048437 0.085008
0 0.383024 0.222463 0.050887 0.080911
0 0.594642 0.759121 0.034906 0.061090
0 0.304877 0.442557 0.045556 0.061154
0 0.388335 0.560448 0.042560 0.100962
0 0.419589 0.048843 0.052324 0.074109
0 0.314950 0.248326 0.044690 0.068832
0 0.727542 0.618873 0.051631 0.063474
0 0.729881 0.428536 0.032976 0.050542
0 0.104840 0.516352 0.033650 0.065707
0 0.341270 0.641836 0.045029 0.065945
1 0.503119 0.794127 0.041960 0.084632
2 0.561753 0.102724 0.021137 0.085976
0 0.614282 0.464880 0.038338 0.044194
0 0.800004 0.919993 0.026676 0.044706
0 0.582851 0.138366 0.027429 0.075941
0 0.633905 0.926287 0.041864 0.053281
0 0.941751 0.951949 0.028862 0.045349
