1 0.938093 0.791483 0.061007 0.106870
1 0.593760 0.311662 0.047081 0.082700
1 0.316555 0.578409 0.057242 0.095803
1 0.336863 0.205510 0.038009 0.086319
0 0.386539 0.245868 0.048932 0.079626
0 0.320041 0.272260 0.045103 0.070018
0 0.504879 0.507445 0.042878 0.080088
0 0.593331 0.769942 0.033692 0.058716
0 0.725219 0.294954 0.027900 0.048710
0 0.724858 0.447455 0.031699 0.046794
0 0.390789 0.575597 0.041542 0.095190
0 0.658406 0.743986 0.039326 0.076489
0 0.113208 0.530536 0.033224 0.062289
0 0.309938 0.462498 0.043430 0.058494
0 0.345087 0.655768 0.040768 0.061298
0 0.422565 0.076083 0.051438 0.072923
0 0.612336 0.482935 0.038581 0.046748
0 0.722134 0.634474 0.050009 0.063028
0 0.580589 0.164844 0.024289 0.071222
0 0.793949 0.927381 0.026742 0.043055
2 0.560523 0.134544 0.021556 0.091567
1 0.503399 0.803787 0.040882 0.086345
1 0.985306 0.472071 0.029388 0.080598
0 0.630265 0.933193 0.041519 0.051867
0 0.932754 0.959702 0.028519 0.046318
0 0.190512 0.315292 0.024839 0.049304
