1 0.929862 0.801568 0.059766 0.102870
1 0.340401 0.227405 0.035813 0.078041
0 0.721688 0.315262 0.027042 0.047733
1 0.592691 0.333006 0.046210 0.082276
1 0.321945 0.593103 0.056094 0.095203
0 0.505508 0.523469 0.043081 0.078802
0 0.326549 0.294054 0.042591 0.065829
0 0.424751 0.103567 0.050887 0.071430
0 0.655834 0.755288 0.038315 0.075505
0 0.393774 0.590106 0.039815 0.090845
0 0.591509 0.780477 0.033959 0.058259
0 0.314519 0.478234 0.041008 0.060432
0 0.390992 0.270955 0.048127 0.079067
0 0.122137 0.544734 0.031932 0.063564
0 0.349296 0.667309 0.042218 0.063227
0 0.610196 0.499587 0.038254 0.044694
0 0.721001 0.464869 0.030704 0.046430
1 0.981704 0.491767 0.036592 0.086632
2 0.560470 0.157639 0.019795 0.084843
0 0.717637 0.647253 0.049659 0.058815
0 0.578662 0.191862 0.023964 0.069694
0 0.659176 0.038530 0.039915 0.072027
1 0.503823 0.814569 0.039395 0.083405
0 0.788573 0.932766 0.025461 0.043260
0 0.627890 0.940878 0.042170 0.051940
0 0.993242 0.631704 0.013516 0.085243
0 0.990956 0.420920 0.018088 0.056725
