1 0.348960 0.251280 0.035649 0.077637
0 0.720801 0.334787 0.027871 0.046483
1 0.924549 0.811523 0.058104 0.101907
0 0.133473 0.557760 0.031144 0.060759
0 0.397324 0.290514 0.046920 0.073551
0 0.333336 0.315707 0.042936 0.066216
1 0.593884 0.353779 0.044965 0.077774
0 0.655745 0.763622 0.036950 0.073165
0 0.593480 0.789452 0.032125 0.058253
0 0.611841 0.515113 0.035542 0.042486
0 0.430598 0.129830 0.047797 0.067586
0 0.399898 0.603442 0.038555 0.092877
0 0.720465 0.481652 0.030526 0.043588
0 0.356656 0.680424 0.038615 0.058229
0 0.509586 0.539536 0.040672 0.078099
0 0.323255 0.494317 0.042305 0.057995
1 0.977316 0.506441 0.041893 0.081486
1 0.330409 0.607525 0.054022 0.092728
0 0.658775 0.049895 0.041440 0.099790
0 0.716023 0.659948 0.048856 0.059748
1 0.507703 0.823269 0.037655 0.080446
2 0.563541 0.182840 0.019956 0.080436
0 0.987510 0.433174 0.024122 0.059767
0 0.989144 0.647175 0.021712 0.076807
0 0.581448 0.214773 0.024844 0.069488
0 0.628924 0.946456 0.040027 0.048919
0 0.786159 0.939016 0.023961 0.039787
