0 0.743224 0.782784 0.034956 0.070429
0 0.792516 0.515063 0.029821 0.044392
0 0.685854 0.810552 0.031150 0.054500
1 0.680558 0.408492 0.042330 0.072253
0 0.499891 0.367013 0.043773 0.067781
0 0.788036 0.379117 0.025349 0.043590
0 0.504213 0.649802 0.036501 0.085349
0 0.604347 0.584098 0.038744 0.074159
0 0.062865 0.291257 0.040019 0.065404
0 0.244375 0.624004 0.032039 0.059354
1 0.453121 0.335240 0.033134 0.076603
0 0.526997 0.215538 0.043555 0.062667
1 0.072493 0.097071 0.046950 0.076770
0 0.465757 0.724927 0.036371 0.054530
0 0.794431 0.680823 0.041379 0.052329
0 0.440988 0.391638 0.037518 0.058881
1 0.440008 0.660588 0.050718 0.086038
0 0.430372 0.554066 0.037194 0.053051
0 0.698088 0.556765 0.033303 0.040105
2 0.042267 0.488669 0.048481 0.059790
1 0.606346 0.845912 0.036365 0.077568
1 0.977805 0.804216 0.043589 0.094001
0 0.733064 0.116646 0.037705 0.103806
0 0.665918 0.284606 0.023005 0.061988
0 0.858385 0.931651 0.023302 0.038494
2 0.648079 0.258162 0.021307 0.073005
1 0.477077 0.040008 0.046412 0.074593
0 0.719458 0.951241 0.036331 0.047577
1 0.244657 0.694863 0.022133 0.050677
0 0.416099 0.029074 0.025357 0.057023
