0 0.301823 0.918726 0.063975 0.110836
0 0.402653 0.802787 0.088866 0.170792
0 0.614524 0.216349 0.022513 0.038522
0 0.570042 0.242155 0.042179 0.074342
0 0.526727 0.160069 0.028856 0.041357
0 0.612715 0.904214 0.046643 0.072196
0 0.477985 0.052996 0.031988 0.056092
0 0.288875 0.196453 0.034060 0.101170
0 0.456938 0.281110 0.038123 0.069150
0 0.052417 0.728146 0.046370 0.089386
0 0.118767 0.791409 0.052541 0.078131
0 0.650267 0.727667 0.037156 0.072863
0 0.576292 0.154325 0.022811 0.043023
0 0.494605 0.170211 0.024269 0.041424
2 0.480170 0.368704 0.029711 0.095672
0 0.057752 0.281217 0.115504 0.162562
0 0.627804 0.548491 0.024560 0.033057
0 0.583406 0.018902 0.017842 0.037803
1 0.271038 0.038390 0.062706 0.076780
1 0.280539 0.038941 0.049188 0.077882
