0 0.560262 0.635093 0.037460 0.085622
0 0.795534 0.293156 0.022174 0.042627
0 0.535045 0.358136 0.043105 0.070242
1 0.057197 0.201847 0.047625 0.079994
0 0.809319 0.918410 0.032095 0.053530
0 0.531006 0.721377 0.035704 0.054759
1 0.709643 0.348875 0.041659 0.072486
0 0.814508 0.421252 0.029246 0.042535
1 0.500113 0.663597 0.050899 0.082094
0 0.796350 0.690549 0.033904 0.070172
0 0.651481 0.541211 0.038072 0.073416
1 0.673457 0.793357 0.036760 0.073098
0 0.545866 0.201584 0.040491 0.062519
0 0.289337 0.692821 0.031704 0.060588
1 0.486677 0.339641 0.036115 0.077588
0 0.480351 0.563117 0.036119 0.056476
0 0.753046 0.946907 0.036185 0.056975
0 0.745942 0.733593 0.031856 0.051254
0 0.735595 0.487003 0.030010 0.038981
0 0.685015 0.233878 0.020532 0.062768
2 0.065449 0.619007 0.053183 0.064286
0 0.731596 0.057867 0.036143 0.103664
0 0.068913 0.410076 0.039356 0.068611
1 0.134434 0.059958 0.037196 0.060298
1 0.296273 0.766599 0.022303 0.053353
0 0.831835 0.577951 0.034851 0.050292
0 0.413198 0.043440 0.023899 0.059848
0 0.785977 0.857505 0.038139 0.044356
1 0.988054 0.640859 0.023780 0.069810
0 0.016246 0.059221 0.032458 0.086199
0 0.479749 0.399813 0.033743 0.061553
0 0.902913 0.795538 0.021346 0.039236
2 0.665224 0.213298 0.022454 0.074086
