1 0.037663 0.115202 0.033485 0.078406
0 0.717673 0.542447 0.039144 0.075455
0 0.874002 0.916411 0.033037 0.053856
1 0.568118 0.668006 0.050171 0.085111
0 0.860973 0.688532 0.033924 0.071666
0 0.627326 0.639800 0.037468 0.084907
1 0.773325 0.350376 0.042894 0.074104
0 0.817879 0.946447 0.034296 0.057719
2 0.138384 0.635237 0.056108 0.068328
0 0.852130 0.292547 0.022963 0.044062
0 0.019180 0.793967 0.038359 0.063330
0 0.601708 0.362208 0.042234 0.067950
1 0.123093 0.218290 0.044271 0.079807
0 0.873478 0.419698 0.030189 0.042058
0 0.546623 0.570699 0.035321 0.053919
0 0.611863 0.207689 0.043426 0.063669
1 0.739762 0.795082 0.036586 0.074857
0 0.141184 0.428863 0.044447 0.072726
0 0.354453 0.703315 0.035630 0.061472
0 0.072709 0.077022 0.050542 0.084306
0 0.599342 0.726365 0.037401 0.057002
0 0.810817 0.733021 0.031021 0.051442
0 0.798228 0.486714 0.030112 0.037831
0 0.792817 0.058125 0.036863 0.101633
0 0.749819 0.236110 0.023010 0.062373
1 0.554330 0.346162 0.036347 0.079542
1 0.363638 0.776289 0.023657 0.052896
0 0.959244 0.789427 0.021778 0.039058
1 0.193900 0.078910 0.042177 0.070444
0 0.893437 0.574494 0.034579 0.049774
0 0.475597 0.053106 0.023778 0.057817
0 0.406688 0.485772 0.022015 0.041990
0 0.850409 0.855127 0.037488 0.045002
1 0.412501 0.086842 0.030751 0.081161
