1 0.609253 0.676044 0.050196 0.081076
0 0.644075 0.374371 0.043191 0.066609
1 0.597092 0.354581 0.035613 0.074761
2 0.188935 0.643476 0.054134 0.066158
0 0.910095 0.920103 0.032288 0.055721
0 0.848118 0.740066 0.031435 0.052119
0 0.653316 0.220848 0.043569 0.062315
1 0.813033 0.360838 0.041383 0.071634
0 0.070128 0.799913 0.044581 0.063753
0 0.668035 0.645276 0.037715 0.084064
0 0.191080 0.439523 0.042653 0.072900
0 0.320889 0.026027 0.032923 0.052055
0 0.757173 0.551031 0.039455 0.074146
0 0.898103 0.697452 0.034586 0.066760
0 0.788732 0.249897 0.023494 0.063278
0 0.887390 0.302510 0.022758 0.042531
0 0.396341 0.708933 0.034985 0.059874
0 0.854508 0.949861 0.033974 0.058322
0 0.588098 0.577476 0.035454 0.056320
1 0.087632 0.130740 0.032650 0.075879
0 0.909467 0.428193 0.028972 0.043302
0 0.121230 0.093505 0.049804 0.082089
0 0.641021 0.732870 0.037520 0.057633
1 0.173994 0.232309 0.043634 0.076073
0 0.518351 0.070254 0.023817 0.062772
1 0.777935 0.800298 0.035821 0.072597
0 0.831850 0.069322 0.035585 0.097600
1 0.241281 0.092917 0.039876 0.068206
1 0.405960 0.781693 0.022429 0.053177
0 0.835773 0.496779 0.029045 0.037003
0 0.928654 0.584671 0.035124 0.049802
0 0.885832 0.859066 0.036833 0.043014
0 0.448601 0.495109 0.021802 0.042927
