0 0.396044 0.939058 0.043037 0.080807
0 0.403901 0.110308 0.019861 0.041639
0 0.490918 0.148950 0.033948 0.076875
0 0.584762 0.397639 0.020199 0.041367
0 0.417966 0.496801 0.037075 0.062376
0 0.518392 0.479358 0.026023 0.081185
0 0.521802 0.398053 0.060281 0.080564
0 0.751322 0.467619 0.074263 0.129155
0 0.460654 0.038938 0.023604 0.051485
0 0.400256 0.316400 0.023723 0.038079
0 0.493924 0.027683 0.023095 0.051722
0 0.406210 0.388021 0.025470 0.037156
0 0.391061 0.720993 0.031655 0.060148
0 0.378712 0.041120 0.023355 0.056321
1 0.703221 0.060263 0.053995 0.108055
1 0.385443 0.782634 0.024452 0.041380
1 0.701396 0.047125 0.047535 0.077770
0 0.362895 0.283800 0.019024 0.030745
2 0.656763 0.317370 0.029898 0.045433
