0 0.891300 0.336508 0.021950 0.041766
2 0.224394 0.664543 0.051165 0.062494
1 0.819492 0.395038 0.039419 0.069096
1 0.209402 0.273016 0.041964 0.073242
0 0.900410 0.715552 0.032443 0.065392
1 0.126466 0.172943 0.030927 0.070250
0 0.911518 0.929978 0.030416 0.053279
0 0.858293 0.959560 0.032508 0.054846
0 0.765954 0.578533 0.038000 0.072275
1 0.427728 0.796184 0.021176 0.052480
1 0.614394 0.390019 0.033704 0.073432
0 0.110306 0.813540 0.042337 0.059085
0 0.654065 0.751553 0.034057 0.054145
0 0.224421 0.469367 0.040507 0.068958
0 0.347293 0.060809 0.031030 0.068003
1 0.405709 0.038214 0.030711 0.054221
0 0.419166 0.725166 0.034843 0.055366
0 0.667354 0.260773 0.042814 0.058853
0 0.838123 0.115892 0.035055 0.092407
0 0.852984 0.758897 0.030565 0.051861
0 0.680745 0.669000 0.036281 0.081310
0 0.158593 0.137064 0.047626 0.081918
1 0.271109 0.137036 0.039793 0.067835
0 0.603608 0.602821 0.033717 0.052526
0 0.658245 0.408167 0.038900 0.063753
0 0.798827 0.285641 0.022585 0.056036
0 0.537222 0.116919 0.021500 0.057802
0 0.912674 0.458355 0.028232 0.037187
1 0.785373 0.815810 0.035135 0.070230
1 0.625175 0.697820 0.048468 0.079331
0 0.930432 0.607744 0.033358 0.044951
0 0.841920 0.523898 0.027254 0.035627
0 0.605958 0.448452 0.033350 0.061270
1 0.476011 0.143396 0.029994 0.071371
0 0.888957 0.872919 0.034999 0.042683
0 0.989638 0.809495 0.019637 0.036471
