0 0.495195 0.289910 0.025132 0.039932
0 0.478479 0.168218 0.030765 0.055936
0 0.656318 0.870686 0.038188 0.079535
0 0.455472 0.405653 0.035740 0.068028
1 0.264896 0.150630 0.066228 0.125719
2 0.479860 0.492021 0.031695 0.098349
0 0.285891 0.328473 0.034609 0.100879
0 0.527599 0.277532 0.029149 0.041799
0 0.572357 0.358015 0.042242 0.074413
0 0.041606 0.920260 0.048659 0.087438
0 0.616103 0.320841 0.021784 0.040581
0 0.630439 0.673141 0.025602 0.040200
0 0.585262 0.112651 0.015420 0.040004
0 0.052834 0.434818 0.105667 0.166620
0 0.578043 0.261457 0.022998 0.044076
0 0.405053 0.943505 0.086103 0.112990
0 0.103557 0.975491 0.054568 0.049018
0 0.542606 0.014669 0.016582 0.027395
