1 0.619962 0.728714 0.045282 0.076211
0 0.672853 0.702942 0.034071 0.076617
0 0.893344 0.952684 0.028023 0.048458
1 0.432579 0.820770 0.022060 0.050598
0 0.179137 0.193027 0.044498 0.075578
0 0.837259 0.788668 0.028101 0.047712
0 0.133050 0.835266 0.039889 0.057928
0 0.824353 0.179560 0.033243 0.088413
0 0.661277 0.316937 0.040558 0.056194
0 0.358800 0.120533 0.031340 0.064000
1 0.772283 0.843071 0.033397 0.067278
0 0.651896 0.456431 0.039095 0.063146
0 0.754342 0.615412 0.035850 0.066151
0 0.647384 0.780482 0.032973 0.050131
1 0.227524 0.320809 0.039324 0.066854
1 0.805295 0.443762 0.038571 0.065313
0 0.882603 0.749439 0.030049 0.061828
0 0.423805 0.751985 0.031731 0.054130
1 0.148055 0.228095 0.029055 0.067587
0 0.241530 0.510072 0.037237 0.064381
1 0.413583 0.099993 0.031417 0.053536
0 0.599663 0.639713 0.032686 0.050587
2 0.240038 0.694457 0.048431 0.058045
0 0.874910 0.385366 0.022071 0.039067
1 0.609912 0.438356 0.031870 0.071877
0 0.784776 0.343584 0.020972 0.055509
0 0.894409 0.501652 0.026509 0.036079
1 0.284736 0.195200 0.038450 0.062999
0 0.842257 0.977202 0.031236 0.045596
1 0.479525 0.202082 0.029317 0.069955
0 0.827182 0.565230 0.026291 0.031730
0 0.538100 0.174838 0.021640 0.053154
0 0.911739 0.644060 0.031173 0.041987
0 0.602655 0.492734 0.031522 0.056108
0 0.969982 0.835821 0.019953 0.034788
0 0.471643 0.556528 0.019799 0.037795
0 0.832953 0.048745 0.026836 0.063224
0 0.871900 0.897382 0.032274 0.042065
