1 0.644622 0.743178 0.044769 0.072423
0 0.695812 0.717148 0.033001 0.078510
1 0.635388 0.463218 0.029954 0.064764
0 0.908990 0.958448 0.027606 0.047278
1 0.190345 0.261548 0.028099 0.066734
0 0.899037 0.760544 0.029731 0.061063
2 0.278366 0.712824 0.047246 0.055866
0 0.178182 0.850403 0.040166 0.055926
0 0.775097 0.633494 0.034273 0.065692
0 0.855626 0.798342 0.028362 0.048319
0 0.453626 0.763215 0.031656 0.051674
0 0.676433 0.479119 0.037335 0.059723
0 0.672593 0.793478 0.033343 0.050578
0 0.683796 0.344379 0.038120 0.054168
0 0.279653 0.533973 0.034857 0.063345
0 0.841061 0.209243 0.031596 0.085529
0 0.218568 0.228306 0.043572 0.076941
1 0.462102 0.832382 0.022003 0.049289
1 0.824114 0.466928 0.039315 0.065034
1 0.792758 0.851840 0.033132 0.066371
0 0.390279 0.157181 0.030599 0.063140
0 0.891254 0.406681 0.021489 0.038458
0 0.625546 0.656720 0.030557 0.048445
1 0.263901 0.351614 0.037907 0.067300
1 0.443388 0.136496 0.030189 0.052503
0 0.910407 0.519989 0.024921 0.034517
1 0.012381 0.340528 0.024761 0.065092
1 0.320966 0.225264 0.037379 0.063821
0 0.887791 0.904946 0.031295 0.041162
0 0.012999 0.234926 0.025823 0.064883
0 0.927739 0.657529 0.029772 0.041345
1 0.507379 0.232416 0.027445 0.067520
0 0.564436 0.208576 0.019627 0.051250
0 0.804393 0.366238 0.022436 0.048614
0 0.861319 0.979842 0.029277 0.040316
0 0.844867 0.582702 0.025693 0.031924
0 0.983380 0.843633 0.019052 0.032461
0 0.850034 0.084829 0.026349 0.063760
