2 0.316503 0.746152 0.046267 0.058314
1 0.680810 0.718925 0.044732 0.073852
0 0.701268 0.454737 0.036089 0.060205
0 0.232752 0.263714 0.045150 0.075220
0 0.883363 0.740762 0.028038 0.048599
0 0.400782 0.170985 0.030681 0.063546
0 0.894771 0.920816 0.027411 0.051153
0 0.729349 0.683941 0.031734 0.073234
0 0.800964 0.590591 0.032796 0.063015
0 0.309547 0.564296 0.036028 0.066144
0 0.939738 0.886472 0.027368 0.047047
1 0.841340 0.421932 0.038188 0.062617
0 0.222016 0.899940 0.039104 0.057254
1 0.203793 0.300463 0.028329 0.061499
1 0.018856 0.406011 0.037712 0.065435
0 0.702862 0.320355 0.037623 0.055685
0 0.922228 0.698580 0.028926 0.057388
1 0.661290 0.440919 0.030127 0.066265
1 0.501534 0.835644 0.021356 0.047474
0 0.709393 0.763807 0.031240 0.050370
0 0.846780 0.169845 0.031626 0.080880
1 0.333858 0.250584 0.036344 0.066139
1 0.453807 0.144137 0.029447 0.051268
0 0.658047 0.635571 0.030506 0.046773
0 0.489736 0.769013 0.032822 0.051636
0 0.897284 0.353837 0.022347 0.036894
1 0.285487 0.383252 0.039221 0.069377
1 0.825572 0.802789 0.033160 0.066229
0 0.819575 0.326890 0.022824 0.047834
0 0.921165 0.462318 0.025552 0.036212
0 0.015734 0.299203 0.031468 0.062628
0 0.917523 0.838912 0.032249 0.040186
0 0.865887 0.533487 0.023690 0.032432
1 0.520691 0.231548 0.026899 0.066867
0 0.943675 0.593587 0.025920 0.041997
