1 0.307921 0.421225 0.039015 0.066949
1 0.717380 0.693123 0.040945 0.072930
1 0.685926 0.422032 0.027826 0.061007
1 0.855140 0.375324 0.036587 0.058645
0 0.760992 0.650276 0.033394 0.070772
1 0.544658 0.839356 0.022647 0.049636
1 0.026980 0.487607 0.039578 0.064520
0 0.246393 0.309384 0.045966 0.076008
0 0.020633 0.378857 0.040849 0.065175
0 0.825051 0.546786 0.031425 0.060393
0 0.725372 0.429050 0.035447 0.060492
0 0.967614 0.813346 0.024593 0.044747
2 0.359173 0.781359 0.045870 0.055694
0 0.943035 0.632611 0.026765 0.056748
0 0.691463 0.613959 0.027644 0.046553
0 0.846852 0.126933 0.030067 0.077355
0 0.273663 0.956094 0.039732 0.057848
0 0.719118 0.295108 0.037003 0.055083
1 0.219288 0.352783 0.028903 0.066767
0 0.342234 0.600012 0.035424 0.065010
2 0.044892 0.102536 0.046297 0.117928
0 0.410596 0.191322 0.031478 0.061751
0 0.747028 0.732911 0.030883 0.049031
0 0.908442 0.681848 0.027368 0.050377
1 0.461315 0.156434 0.029108 0.054224
1 0.858609 0.750982 0.031712 0.064088
0 0.529248 0.776089 0.033103 0.053978
0 0.929312 0.403329 0.021455 0.033177
0 0.829816 0.286871 0.023341 0.050935
0 0.899430 0.302946 0.018848 0.033688
0 0.927235 0.854532 0.027538 0.050890
1 0.346728 0.282428 0.036562 0.066894
0 0.956119 0.523721 0.022309 0.041929
1 0.532174 0.236975 0.027273 0.070569
0 0.588445 0.194935 0.020368 0.049982
