0 0.876518 0.740000 0.032018 0.048562
0 0.890492 0.655364 0.033334 0.068823
2 0.132203 0.344408 0.039516 0.080211
1 0.981772 0.381843 0.036389 0.063385
1 0.165887 0.492919 0.042355 0.064417
1 0.587601 0.159797 0.029690 0.054259
0 0.414444 0.962482 0.039316 0.055483
0 0.857266 0.433859 0.034714 0.060703
1 0.354225 0.359205 0.029979 0.062642
0 0.652057 0.782963 0.035710 0.052170
0 0.476620 0.604664 0.032440 0.063239
0 0.380426 0.315176 0.045643 0.078473
1 0.847085 0.700213 0.043453 0.072568
0 0.112020 0.524538 0.037506 0.082227
0 0.850688 0.298801 0.041154 0.056799
1 0.441553 0.426472 0.036324 0.072478
2 0.495355 0.786634 0.043822 0.057488
0 0.953308 0.552837 0.033001 0.062216
0 0.536312 0.195851 0.030123 0.063287
0 0.972313 0.129411 0.030128 0.078578
2 0.182467 0.106299 0.045365 0.112040
1 0.669243 0.848136 0.024999 0.054161
0 0.160501 0.382715 0.039708 0.058880
1 0.818302 0.426060 0.028415 0.065358
1 0.980752 0.758487 0.033391 0.064867
0 0.820331 0.621002 0.027841 0.046703
1 0.473824 0.286027 0.033574 0.062287
2 0.098464 0.734302 0.041999 0.063061
0 0.019059 0.103743 0.017746 0.043022
1 0.682559 0.438828 0.040431 0.091259
