1 0.262146 0.288030 0.071700 0.132208
0 0.528474 0.399776 0.028826 0.042263
0 0.496094 0.413888 0.025713 0.042412
0 0.573743 0.478486 0.042287 0.072374
0 0.282826 0.470436 0.032224 0.091697
0 0.455997 0.538186 0.036935 0.066913
0 0.479746 0.288474 0.030521 0.057792
2 0.481330 0.625493 0.031207 0.096476
0 0.618578 0.437741 0.021267 0.036363
0 0.634749 0.805253 0.028459 0.044867
0 0.580513 0.372183 0.022011 0.041888
0 0.526797 0.077152 0.018587 0.045100
0 0.543826 0.125039 0.016344 0.031840
2 0.283840 0.103022 0.039719 0.082587
0 0.411133 0.033855 0.060520 0.067711
0 0.050136 0.600249 0.100273 0.155487
0 0.587260 0.217544 0.016105 0.040509
