2 0.136440 0.341893 0.039113 0.074225
1 0.169984 0.490709 0.040550 0.063796
1 0.984466 0.381299 0.030838 0.063850
1 0.357659 0.357056 0.027865 0.062230
0 0.384292 0.313888 0.045457 0.078748
0 0.480215 0.603473 0.032137 0.061782
0 0.860777 0.433453 0.034941 0.059890
0 0.540083 0.195219 0.030413 0.064239
0 0.879010 0.739924 0.030758 0.046552
0 0.654875 0.781332 0.035366 0.051261
2 0.498357 0.786269 0.043436 0.056687
0 0.418251 0.960207 0.038796 0.056188
1 0.591975 0.158674 0.027703 0.052700
0 0.165346 0.379838 0.039302 0.062029
0 0.853918 0.299133 0.039381 0.056694
0 0.893811 0.655590 0.032939 0.069918
1 0.849567 0.699446 0.043775 0.074551
1 0.445175 0.424676 0.034385 0.067122
0 0.115854 0.522697 0.036642 0.082366
1 0.820963 0.423318 0.029679 0.065659
1 0.672280 0.847705 0.024837 0.053057
0 0.976298 0.130205 0.029488 0.078297
0 0.956177 0.552741 0.032846 0.061801
2 0.185952 0.104948 0.047234 0.113308
0 0.824146 0.620062 0.027887 0.048020
1 0.477028 0.283810 0.033440 0.061187
0 0.023034 0.099166 0.017059 0.040058
2 0.098625 0.728565 0.042934 0.061120
1 0.983402 0.759505 0.031040 0.067166
0 0.291973 0.380387 0.021171 0.036483
2 0.103656 0.734343 0.044017 0.058737
