1 0.239778 0.536203 0.035036 0.074204
0 0.145103 0.474620 0.052487 0.081526
1 0.318973 0.177363 0.026941 0.052129
0 0.320113 0.675036 0.031682 0.062871
0 0.575846 0.147509 0.023619 0.051500
2 0.383282 0.827247 0.041325 0.062834
0 0.860559 0.842563 0.031157 0.053933
1 0.549021 0.739774 0.027496 0.053749
0 0.520835 0.696198 0.032703 0.055699
0 0.705188 0.299434 0.020244 0.055197
0 0.799313 0.303924 0.018496 0.047905
0 0.278272 0.245236 0.034505 0.065001
1 0.657019 0.486972 0.029414 0.067549
0 0.785322 0.363089 0.019636 0.045205
0 0.750434 0.977384 0.029388 0.043985
0 0.872254 0.900213 0.023404 0.052017
0 0.611151 0.261991 0.025683 0.063817
1 0.765218 0.448067 0.024942 0.050023
0 0.829135 0.491395 0.018294 0.039757
0 0.952022 0.764486 0.022481 0.040018
0 0.847605 0.433690 0.018826 0.039170
0 0.676112 0.420494 0.024468 0.044952
1 0.127309 0.539065 0.032312 0.065334
0 0.656123 0.079497 0.017558 0.052012
0 0.859445 0.024836 0.019441 0.042447
0 0.685988 0.501106 0.018643 0.048006
0 0.189510 0.385705 0.036834 0.061083
0 0.621073 0.441726 0.019947 0.035038
0 0.444247 0.134561 0.019526 0.041722
2 0.096746 0.580896 0.026612 0.052420
0 0.589109 0.326408 0.020076 0.065426
0 0.823878 0.413865 0.018909 0.036683
