1 0.295795 0.281654 0.028798 0.056757
0 0.603223 0.362067 0.027332 0.065894
0 0.107562 0.612723 0.057499 0.091118
1 0.651760 0.595759 0.033060 0.070960
1 0.764347 0.544780 0.025631 0.051010
0 0.509048 0.819404 0.034618 0.057897
0 0.294222 0.818840 0.033667 0.064136
0 0.786176 0.454443 0.021208 0.049472
1 0.538177 0.864740 0.025914 0.054116
0 0.865282 0.958661 0.032588 0.058114
0 0.958538 0.865713 0.023697 0.041325
0 0.830923 0.583180 0.020212 0.042072
0 0.565620 0.244398 0.023643 0.052696
0 0.861367 0.094675 0.020874 0.052983
0 0.252062 0.355123 0.040045 0.068182
0 0.799765 0.390630 0.019480 0.050058
0 0.682454 0.608623 0.021855 0.052712
0 0.701159 0.394071 0.022270 0.056714
0 0.650285 0.169794 0.019622 0.058121
0 0.672266 0.525047 0.026748 0.046535
0 0.630214 0.027343 0.026611 0.054686
0 0.825351 0.503388 0.020324 0.038373
0 0.850111 0.523971 0.019510 0.038496
0 0.017075 0.769796 0.026296 0.044741
1 0.689002 0.232725 0.030724 0.057670
1 0.089045 0.682064 0.035624 0.074971
0 0.272257 0.106834 0.028880 0.068164
0 0.613486 0.548402 0.022432 0.040948
1 0.207845 0.672114 0.038177 0.076171
2 0.363276 0.971934 0.039872 0.056131
2 0.055234 0.729057 0.029677 0.055166
1 0.382517 0.310790 0.025412 0.068098
0 0.428134 0.235649 0.022758 0.049288
0 0.785170 0.290579 0.016383 0.029284
0 0.741214 0.209763 0.014014 0.025866
0 0.156342 0.515420 0.039025 0.069837
