0 0.751745 0.622289 0.016429 0.036734
0 0.455745 0.467209 0.020975 0.050729
1 0.017754 0.784203 0.033643 0.062740
0 0.529013 0.375509 0.022430 0.039765
0 0.293420 0.460653 0.026053 0.056795
0 0.363496 0.533817 0.033510 0.064260
0 0.737060 0.820264 0.018327 0.044622
0 0.500766 0.071956 0.017870 0.048450
0 0.536205 0.440983 0.017372 0.046801
0 0.714271 0.782436 0.027686 0.044840
0 0.582075 0.483758 0.015643 0.035916
1 0.123190 0.703781 0.031767 0.065470
0 0.599780 0.441395 0.016773 0.032416
0 0.285251 0.192893 0.035875 0.056094
0 0.348640 0.312790 0.019988 0.055913
0 0.046315 0.137846 0.046205 0.068640
0 0.496666 0.669002 0.021050 0.046083
0 0.467581 0.605449 0.024479 0.043360
0 0.436788 0.265619 0.014396 0.031339
1 0.124218 0.244487 0.043643 0.079386
1 0.469838 0.689858 0.031262 0.060251
0 0.021501 0.233836 0.041725 0.105836
1 0.543200 0.535029 0.022858 0.049711
0 0.601091 0.506485 0.017430 0.041946
0 0.150432 0.584881 0.031394 0.047209
0 0.845361 0.312043 0.015874 0.034067
0 0.635842 0.022700 0.017957 0.033234
0 0.576682 0.445561 0.015553 0.030655
0 0.381003 0.235392 0.017138 0.030064
0 0.452120 0.537972 0.016632 0.030459
0 0.459538 0.063608 0.020790 0.031946
