1 0.106307 0.694120 0.031419 0.067610
0 0.648667 0.168160 0.025737 0.081297
0 0.841370 0.334195 0.023870 0.040740
0 0.469061 0.429030 0.017179 0.055975
1 0.519454 0.608182 0.018861 0.040518
1 0.597688 0.685415 0.021990 0.043948
1 0.421055 0.298197 0.029719 0.058804
1 0.402218 0.785664 0.018190 0.040040
0 0.655777 0.710801 0.018044 0.034864
0 0.732507 0.050650 0.023091 0.050224
1 0.531878 0.661171 0.025459 0.060624
0 0.628589 0.350215 0.023606 0.045927
0 0.502963 0.068920 0.024796 0.074682
1 0.651736 0.792501 0.025935 0.067323
1 0.478236 0.649968 0.022751 0.048249
0 0.593122 0.020119 0.026874 0.040237
1 0.785620 0.637283 0.024738 0.062101
0 0.585361 0.647556 0.015465 0.033900
1 0.125011 0.047668 0.035413 0.059369
0 0.410199 0.737354 0.022186 0.037803
0 0.940999 0.621167 0.017599 0.058271
0 0.558049 0.302682 0.017141 0.049675
1 0.627757 0.100736 0.023964 0.057804
0 0.507219 0.773849 0.022528 0.041795
0 0.808005 0.708473 0.018504 0.037351
0 0.547362 0.621410 0.015747 0.045326
0 0.705418 0.023618 0.022100 0.047235
0 0.691727 0.608194 0.014063 0.024593
1 0.049592 0.144562 0.020192 0.037268
