1 0.555234 0.680858 0.022093 0.044905
0 0.610637 0.166303 0.026183 0.084922
1 0.356609 0.781418 0.018403 0.040995
0 0.803570 0.332465 0.024484 0.041879
0 0.614685 0.708089 0.017829 0.035146
1 0.477583 0.604466 0.019113 0.038273
0 0.696349 0.048124 0.022743 0.052161
0 0.589416 0.347926 0.023091 0.047185
1 0.053345 0.687874 0.032050 0.066261
0 0.544208 0.644640 0.014318 0.033288
0 0.427181 0.425203 0.017790 0.054701
0 0.364515 0.731213 0.023092 0.038680
1 0.376783 0.292924 0.031803 0.060781
0 0.464080 0.064141 0.023964 0.075934
1 0.434683 0.645772 0.022897 0.046612
1 0.610348 0.791398 0.028105 0.069885
1 0.745647 0.635934 0.024522 0.061649
1 0.489171 0.656784 0.024593 0.060349
0 0.901014 0.619010 0.020984 0.067098
1 0.078449 0.043972 0.038323 0.063375
0 0.463915 0.770436 0.022599 0.042765
0 0.505235 0.615987 0.016508 0.049469
0 0.555113 0.018799 0.026450 0.037597
0 0.669191 0.023087 0.021820 0.046173
0 0.769047 0.707495 0.017769 0.039444
1 0.589232 0.098847 0.023311 0.060105
0 0.518683 0.300054 0.017932 0.049938
0 0.651006 0.604671 0.013397 0.023481
