1 0.528251 0.662947 0.023722 0.046786
1 0.583794 0.783522 0.029101 0.070534
1 0.402943 0.620104 0.022811 0.045562
1 0.458316 0.635700 0.025560 0.063788
1 0.345614 0.252160 0.030792 0.065011
1 0.446933 0.580414 0.018104 0.039411
1 0.727346 0.625048 0.026116 0.064476
0 0.792547 0.314884 0.025490 0.042613
1 0.318572 0.757689 0.019049 0.041717
0 0.398179 0.391966 0.017612 0.057992
0 0.568308 0.320015 0.023512 0.049467
0 0.589483 0.694089 0.018715 0.037079
0 0.593580 0.134469 0.027228 0.088741
0 0.327752 0.705261 0.021663 0.038104
0 0.443260 0.032744 0.027330 0.065489
0 0.685004 0.021161 0.023531 0.042322
0 0.495662 0.268551 0.019533 0.055230
0 0.431829 0.750393 0.022728 0.041682
0 0.516979 0.625097 0.014487 0.033311
0 0.889943 0.614172 0.019922 0.068272
0 0.750981 0.701166 0.019218 0.042195
0 0.477060 0.594840 0.015515 0.046558
