1 0.256812 0.482753 0.075928 0.132885
0 0.583934 0.527207 0.023484 0.044624
0 0.498779 0.585668 0.025544 0.039432
0 0.579596 0.645994 0.044029 0.076041
0 0.277292 0.667198 0.034646 0.088840
0 0.410976 0.174899 0.067611 0.104512
0 0.502453 0.122074 0.030858 0.052579
0 0.457020 0.722211 0.037432 0.065128
0 0.481312 0.451858 0.032300 0.060973
0 0.350071 0.204487 0.025486 0.073704
0 0.529201 0.227903 0.021257 0.042051
2 0.482293 0.809869 0.029850 0.098276
0 0.591510 0.359632 0.015248 0.039267
0 0.531798 0.567107 0.030505 0.043172
0 0.547481 0.279787 0.017354 0.035000
2 0.282003 0.267249 0.033509 0.064858
0 0.623513 0.595185 0.020566 0.039750
0 0.183237 0.168938 0.072299 0.080724
0 0.639248 0.981941 0.032370 0.036119
0 0.041979 0.830669 0.083542 0.166528
