0 0.548036 0.451200 0.025767 0.077580
0 0.745405 0.623932 0.025185 0.043028
1 0.400013 0.921001 0.020245 0.046118
1 0.299892 0.601610 0.033601 0.062750
0 0.494376 0.286563 0.027170 0.061377
1 0.526945 0.383480 0.024130 0.054303
0 0.524013 0.639275 0.025245 0.050264
0 0.352340 0.725964 0.017828 0.048458
0 0.470215 0.952746 0.015250 0.030780
0 0.640001 0.326339 0.022599 0.051463
0 0.400724 0.341751 0.028177 0.080620
1 0.681087 0.939353 0.024148 0.053429
0 0.611425 0.297923 0.022543 0.048760
0 0.450847 0.585113 0.022784 0.051517
1 0.355750 0.959506 0.024559 0.046180
1 0.483070 0.982368 0.023800 0.035265
0 0.841295 0.921276 0.018601 0.062096
1 0.411081 0.971263 0.026868 0.051359
0 0.430145 0.924627 0.015782 0.045009
