0 0.502088 0.565830 0.028202 0.043840
1 0.222446 0.438115 0.092237 0.153869
0 0.605849 0.316713 0.015626 0.046702
0 0.403622 0.100698 0.075619 0.116342
0 0.598831 0.500833 0.025504 0.050330
0 0.557363 0.219295 0.018497 0.036228
0 0.540434 0.544293 0.033708 0.049166
2 0.484676 0.822639 0.034730 0.110996
0 0.643750 0.576303 0.025109 0.046217
0 0.594303 0.636035 0.050344 0.086077
0 0.244890 0.658430 0.039401 0.102273
0 0.332689 0.132542 0.026875 0.086420
0 0.454033 0.721767 0.042960 0.074243
0 0.505759 0.044887 0.035439 0.063602
0 0.483596 0.413929 0.033661 0.069539
2 0.254076 0.203282 0.036960 0.072005
0 0.536618 0.162477 0.023307 0.048384
0 0.141096 0.085425 0.090928 0.089455
