0 0.503869 0.608497 0.033199 0.054551
0 0.614620 0.528535 0.032368 0.060230
0 0.548120 0.584198 0.041935 0.060531
0 0.611037 0.687482 0.058435 0.100645
1 0.169444 0.461742 0.106986 0.175418
0 0.566993 0.206854 0.021433 0.041912
0 0.446390 0.796206 0.054226 0.092280
0 0.195349 0.726421 0.051288 0.119113
0 0.622474 0.317715 0.018437 0.050056
0 0.389033 0.068659 0.084951 0.125952
2 0.482206 0.913657 0.044305 0.122964
0 0.481874 0.432680 0.042481 0.080682
2 0.214650 0.184887 0.045427 0.088508
0 0.306026 0.105591 0.034109 0.100399
0 0.543504 0.141387 0.026656 0.056158
0 0.667842 0.619059 0.029651 0.052655
0 0.510533 0.023748 0.036430 0.047495
0 0.079699 0.051772 0.101392 0.097682
