2 0.504719 0.561126 0.051572 0.084221
1 0.879687 0.430811 0.056834 0.099172
0 0.216402 0.616068 0.055690 0.101859
0 0.543595 0.233228 0.095057 0.155082
0 0.284766 0.608816 0.091830 0.126420
0 0.417386 0.454383 0.078053 0.114136
0 0.157741 0.365437 0.092139 0.151475
0 0.814247 0.341910 0.035356 0.065888
1 0.432388 0.043766 0.069668 0.073566
0 0.389940 0.327015 0.085654 0.083694
2 0.310066 0.535456 0.044505 0.050282
0 0.418874 0.558100 0.030091 0.044175
0 0.152279 0.647710 0.037159 0.061058
0 0.496696 0.130330 0.042108 0.056917
1 0.699751 0.030139 0.061914 0.055536
0 0.437443 0.191139 0.116259 0.163317
0 0.460141 0.136335 0.048889 0.052630
2 0.912012 0.355690 0.036232 0.066290
1 0.970957 0.423188 0.043488 0.055190
0 0.892393 0.897722 0.031841 0.039297
