2 0.580843 0.560279 0.051212 0.084176
0 0.296930 0.615567 0.054817 0.101973
1 0.944902 0.431210 0.057345 0.101405
0 0.495972 0.455338 0.078567 0.115176
0 0.365289 0.608772 0.087305 0.126469
0 0.618569 0.233553 0.095038 0.154004
0 0.240584 0.365390 0.091900 0.150615
1 0.507470 0.043222 0.069586 0.075034
0 0.518947 0.193022 0.115629 0.170616
0 0.495854 0.555956 0.027126 0.041265
0 0.882612 0.340137 0.034985 0.067630
0 0.571420 0.128790 0.039796 0.055466
0 0.469247 0.325489 0.085058 0.084065
0 0.231978 0.647584 0.038069 0.059673
2 0.390606 0.534644 0.046221 0.052400
0 0.952111 0.897053 0.035499 0.043466
1 0.768718 0.024261 0.054649 0.048521
