1 0.254874 0.830089 0.021061 0.041238
2 0.214953 0.474178 0.024922 0.073549
0 0.504419 0.649100 0.025741 0.050883
0 0.281843 0.611546 0.046920 0.089282
0 0.495275 0.705578 0.021740 0.056861
0 0.237468 0.514791 0.037011 0.097249
1 0.845586 0.530831 0.024876 0.079960
0 0.185020 0.964767 0.029271 0.047373
2 0.732809 0.193850 0.020568 0.056313
2 0.362949 0.120973 0.018707 0.060821
0 0.519545 0.711434 0.022498 0.046624
0 0.325335 0.972368 0.028612 0.051699
1 0.156547 0.529169 0.036557 0.064843
2 0.667709 0.049799 0.013185 0.037799
