0 0.803703 0.367920 0.037546 0.113780
2 0.248235 0.382433 0.044224 0.089524
1 0.479304 0.806167 0.027649 0.057711
1 0.725779 0.581664 0.029621 0.078877
2 0.894587 0.439213 0.017802 0.042707
1 0.303553 0.799313 0.038459 0.077158
0 0.527984 0.283568 0.021961 0.058465
1 0.889075 0.721787 0.024328 0.047990
0 0.849125 0.469306 0.021725 0.035085
0 0.421817 0.795547 0.023818 0.058549
0 0.865678 0.539856 0.022158 0.046893
1 0.294269 0.043367 0.022200 0.037287
0 0.851315 0.510780 0.017481 0.038464
2 0.590189 0.631210 0.029134 0.071713
