0 0.910316 0.498846 0.047958 0.095931
2 0.413260 0.543811 0.043167 0.065074
1 0.697461 0.369899 0.032487 0.051842
0 0.536283 0.795870 0.046649 0.102331
1 0.498961 0.319574 0.039620 0.091189
0 0.523881 0.166221 0.037562 0.097213
0 0.598619 0.725694 0.054601 0.117762
2 0.244220 0.687744 0.034291 0.083283
0 0.021813 0.648871 0.026048 0.069435
1 0.771114 0.300371 0.053730 0.084004
2 0.764021 0.124257 0.033579 0.055574
0 0.358881 0.721488 0.028938 0.077129
2 0.410128 0.605586 0.044960 0.049404
0 0.445711 0.149708 0.036020 0.098456
2 0.227717 0.857621 0.033815 0.070885
0 0.582979 0.567005 0.020896 0.059077
0 0.787268 0.248333 0.027918 0.054669
2 0.573118 0.036481 0.037227 0.067419
2 0.927778 0.769191 0.056527 0.096114
