1 0.438368 0.431490 0.041425 0.086740
0 0.841281 0.619236 0.047211 0.092267
0 0.466684 0.895093 0.046081 0.099837
1 0.706283 0.426972 0.057392 0.091275
0 0.464249 0.285966 0.037551 0.090472
0 0.531084 0.825047 0.051326 0.115155
0 0.297228 0.811496 0.028335 0.072039
2 0.513323 0.160789 0.034100 0.061894
0 0.390020 0.262008 0.035640 0.095178
2 0.701211 0.252665 0.032963 0.055753
2 0.166225 0.933240 0.034613 0.058843
1 0.632024 0.485669 0.033456 0.053020
2 0.190267 0.771289 0.034318 0.081497
2 0.349983 0.644092 0.037590 0.067014
0 0.517397 0.670640 0.023257 0.052679
0 0.045833 0.033408 0.035026 0.066816
2 0.348414 0.703123 0.042654 0.045623
2 0.873898 0.863901 0.056412 0.096301
0 0.719294 0.375323 0.029202 0.050136
