2 0.759557 0.682958 0.036713 0.078899
0 0.733742 0.285690 0.046062 0.098667
0 0.792842 0.675282 0.034321 0.069949
1 0.112243 0.097574 0.047406 0.076403
0 0.626052 0.140987 0.044455 0.124132
1 0.224210 0.702933 0.043335 0.080562
0 0.307656 0.170660 0.069276 0.102046
1 0.517074 0.583961 0.034830 0.122868
0 0.063666 0.402205 0.078991 0.131787
2 0.494921 0.309069 0.040264 0.097793
0 0.681148 0.361073 0.047429 0.117924
1 0.275914 0.351355 0.051902 0.129250
0 0.404218 0.414227 0.092107 0.115984
0 0.946168 0.624854 0.040432 0.099740
0 0.900983 0.632762 0.047746 0.093161
1 0.165693 0.025782 0.040405 0.051564
2 0.580642 0.046500 0.022429 0.061043
