1 0.360255 0.761504 0.036732 0.070361
0 0.794337 0.418313 0.040412 0.083024
0 0.233018 0.507804 0.067005 0.106990
0 0.438626 0.320751 0.061988 0.082893
2 0.818484 0.754724 0.032191 0.065054
1 0.323310 0.192333 0.028366 0.054209
1 0.411508 0.466694 0.038819 0.103211
0 0.750534 0.480643 0.041477 0.096892
0 0.706269 0.300062 0.036768 0.098968
0 0.846232 0.750765 0.029528 0.060349
1 0.277431 0.257672 0.040488 0.064782
2 0.593593 0.433785 0.033346 0.075377
0 0.511567 0.520718 0.072321 0.099829
1 0.608858 0.664167 0.028787 0.098579
2 0.668504 0.222599 0.021075 0.054726
0 0.970584 0.706961 0.032376 0.083256
0 0.932667 0.712259 0.039382 0.078971
0 0.319156 0.065260 0.048639 0.060731
