2 0.850542 0.749912 0.032798 0.066886
0 0.263962 0.507533 0.070159 0.111539
0 0.780256 0.472750 0.042809 0.092772
1 0.354169 0.191705 0.029869 0.055860
1 0.440240 0.463965 0.038068 0.103916
1 0.306805 0.255475 0.037999 0.063600
2 0.624030 0.427781 0.034633 0.077247
0 0.877642 0.744018 0.030351 0.062203
0 0.823611 0.411534 0.040499 0.083342
0 0.467598 0.318024 0.059820 0.084352
1 0.390325 0.757605 0.035741 0.069375
0 0.736787 0.294293 0.037312 0.101186
1 0.638989 0.657347 0.031362 0.101581
0 0.540194 0.517767 0.074532 0.098631
0 0.349739 0.064393 0.049374 0.058830
2 0.698296 0.216898 0.020352 0.050324
0 0.965198 0.701986 0.044325 0.087059
