0 0.307483 0.564331 0.069290 0.112922
0 0.754112 0.223743 0.035810 0.092549
1 0.453949 0.775132 0.035738 0.068600
1 0.330026 0.298744 0.037644 0.066839
1 0.372325 0.221568 0.029040 0.052642
0 0.493855 0.317576 0.060692 0.083185
0 0.842969 0.313510 0.040005 0.080186
0 0.809175 0.385064 0.040462 0.099629
0 0.579085 0.496267 0.074280 0.095189
0 0.925864 0.616150 0.029900 0.063716
2 0.657025 0.383967 0.033453 0.076440
1 0.687702 0.603587 0.029774 0.095708
0 0.359443 0.093393 0.048696 0.059232
1 0.480377 0.469111 0.035917 0.097599
2 0.901510 0.631608 0.029350 0.064518
0 0.988415 0.557519 0.023171 0.078840
2 0.712017 0.155928 0.022272 0.045937
0 0.170964 0.025674 0.026617 0.051348
0 0.601047 0.458967 0.033663 0.048878
