0 0.351103 0.473552 0.030423 0.081141
0 0.257751 0.106285 0.016904 0.038368
0 0.235631 0.715340 0.034016 0.057512
0 0.242544 0.314846 0.026048 0.041527
0 0.567826 0.463404 0.070103 0.129086
0 0.333015 0.146929 0.034775 0.074220
0 0.236732 0.936558 0.041882 0.078174
0 0.351754 0.393578 0.060151 0.078780
0 0.256800 0.493834 0.041554 0.065573
0 0.334933 0.021660 0.022312 0.043320
0 0.412005 0.391679 0.018504 0.039417
0 0.251602 0.383722 0.030348 0.040977
0 0.304225 0.037027 0.021258 0.048255
1 0.513783 0.042663 0.045510 0.068002
0 0.234294 0.035826 0.022483 0.058349
