1 0.834881 0.217395 0.041561 0.082004
0 0.798709 0.064728 0.050302 0.078835
0 0.253164 0.793369 0.033352 0.060161
0 0.897109 0.186105 0.054985 0.117815
0 0.400801 0.344231 0.046916 0.092990
1 0.042330 0.286469 0.041133 0.087324
0 0.281034 0.369798 0.045536 0.071905
0 0.487098 0.824922 0.083502 0.137914
0 0.513593 0.352465 0.042634 0.094769
1 0.446556 0.569911 0.046178 0.077319
0 0.408192 0.774140 0.037019 0.089337
0 0.969846 0.454814 0.055333 0.105275
0 0.747297 0.455769 0.027416 0.056378
1 0.267213 0.462823 0.061886 0.102504
2 0.255906 0.843045 0.030239 0.047558
2 0.499490 0.573267 0.045575 0.095063
0 0.064610 0.712021 0.052660 0.097670
0 0.074420 0.802274 0.028942 0.051722
