1 0.528918 0.365040 0.041244 0.065492
1 0.178173 0.238526 0.048619 0.074704
1 0.292822 0.367484 0.072531 0.084178
1 0.343831 0.223951 0.048678 0.074586
0 0.444729 0.241180 0.055706 0.115631
1 0.731901 0.429524 0.076060 0.125425
2 0.367767 0.662112 0.101909 0.104172
1 0.519841 0.646684 0.039766 0.073454
1 0.187850 0.404121 0.056708 0.077912
1 0.144855 0.141466 0.091834 0.116152
1 0.541409 0.433907 0.058337 0.077643
1 0.710822 0.776408 0.043061 0.075502
2 0.323002 0.561474 0.039738 0.041317
1 0.114827 0.387356 0.072815 0.099778
1 0.407484 0.543009 0.040570 0.061155
2 0.198577 0.158459 0.035913 0.064340
1 0.252163 0.471232 0.054832 0.060826
1 0.238194 0.207253 0.078343 0.104319
1 0.551959 0.151237 0.044014 0.077946
