1 0.417463 0.377754 0.067278 0.082692
1 0.305383 0.252489 0.047379 0.073953
1 0.115180 0.132991 0.081990 0.082348
1 0.660318 0.441637 0.060816 0.082727
1 0.277683 0.155679 0.093522 0.113651
1 0.470752 0.238761 0.048965 0.080318
0 0.560521 0.252537 0.058357 0.117630
1 0.848642 0.438751 0.076947 0.122618
1 0.241022 0.400464 0.073285 0.099066
2 0.480261 0.671982 0.108313 0.104716
1 0.815530 0.788585 0.043634 0.077735
1 0.646468 0.370655 0.042843 0.068019
1 0.310555 0.416334 0.053589 0.077895
1 0.632032 0.657445 0.042232 0.075132
2 0.438980 0.571054 0.036690 0.042072
2 0.323463 0.171322 0.034159 0.056776
0 0.061839 0.507291 0.040704 0.060284
1 0.522742 0.550108 0.043254 0.064909
1 0.607626 0.375402 0.047618 0.072477
