1 0.507840 0.385332 0.064222 0.079380
1 0.210738 0.140892 0.084442 0.077718
1 0.370975 0.158587 0.095490 0.111355
1 0.397339 0.420697 0.054356 0.077552
1 0.331339 0.406596 0.073157 0.096292
1 0.748139 0.445953 0.061517 0.084383
2 0.029510 0.509320 0.059021 0.068778
1 0.737022 0.371790 0.040422 0.068053
1 0.398136 0.255660 0.046868 0.076463
1 0.716488 0.661952 0.040918 0.074705
0 0.646859 0.257088 0.060383 0.118450
2 0.560307 0.677242 0.107612 0.105040
1 0.892454 0.793357 0.045504 0.078786
1 0.937947 0.441561 0.080265 0.122324
1 0.563419 0.244185 0.053080 0.081126
2 0.521223 0.573760 0.036410 0.038180
2 0.415508 0.176358 0.033196 0.053067
1 0.609768 0.555259 0.044935 0.063835
1 0.729253 0.741205 0.050702 0.081875
1 0.036013 0.602956 0.068365 0.110036
0 0.150071 0.511696 0.039425 0.055403
