2 0.400988 0.545204 0.067000 0.071407
1 0.903117 0.419013 0.076693 0.090669
1 0.767186 0.454880 0.049664 0.080701
1 0.789243 0.290137 0.052081 0.085592
1 0.592668 0.473053 0.052026 0.079787
1 0.777921 0.194062 0.099906 0.119698
1 0.709898 0.445553 0.067270 0.096694
0 0.518184 0.547053 0.036593 0.056658
1 0.604437 0.180179 0.076950 0.070195
1 0.418032 0.634377 0.071804 0.111838
1 0.334886 0.573916 0.079523 0.141189
2 0.916417 0.721902 0.099078 0.102205
2 0.887493 0.612461 0.038611 0.046339
1 0.866612 0.260133 0.084292 0.091070
1 0.317885 0.282232 0.069358 0.114669
1 0.475629 0.557124 0.056118 0.091645
