1 0.901819 0.301055 0.050561 0.084815
1 0.698580 0.482187 0.051015 0.078875
1 0.440497 0.583106 0.075668 0.140608
2 0.503306 0.554307 0.061954 0.064341
1 0.893926 0.203445 0.099916 0.122688
1 0.425140 0.294905 0.068682 0.114049
0 0.620649 0.555571 0.038378 0.056169
1 0.818990 0.454723 0.071967 0.099372
1 0.523859 0.644756 0.065258 0.111202
1 0.714005 0.187083 0.075437 0.071434
1 0.873068 0.464030 0.049608 0.077369
2 0.983578 0.623555 0.032844 0.056854
2 0.760102 0.771504 0.049889 0.073169
1 0.579970 0.565561 0.053248 0.088739
2 0.974297 0.708423 0.050989 0.085509
