2 0.291054 0.890816 0.054078 0.081615
1 0.321078 0.539770 0.067555 0.120094
1 0.429714 0.357906 0.052732 0.088752
0 0.421161 0.090424 0.021584 0.049889
1 0.498813 0.115339 0.032517 0.058794
0 0.256242 0.257495 0.029608 0.053014
0 0.048442 0.575461 0.090394 0.169022
0 0.443235 0.307673 0.022106 0.041077
0 0.364358 0.372695 0.029969 0.043039
2 0.938628 0.892593 0.050250 0.063276
2 0.799744 0.060669 0.051944 0.102236
0 0.768230 0.428008 0.026130 0.052292
1 0.454227 0.242529 0.038730 0.058578
0 0.563268 0.302892 0.023724 0.050048
