0 0.402401 0.354043 0.048799 0.102565
0 0.487835 0.165521 0.027675 0.056497
2 0.289529 0.948139 0.073959 0.103722
2 0.322496 0.169796 0.050480 0.086255
0 0.057301 0.181191 0.083923 0.136604
0 0.488160 0.365450 0.048698 0.133285
2 0.351028 0.363521 0.032808 0.061632
1 0.143308 0.785096 0.085490 0.150303
0 0.335821 0.252950 0.041935 0.105622
2 0.844316 0.088249 0.044007 0.119123
2 0.336407 0.818185 0.048434 0.066473
2 0.421189 0.953035 0.050804 0.080050
2 0.369610 0.694677 0.038309 0.057982
2 0.571466 0.829021 0.035414 0.081119
2 0.437616 0.359971 0.022543 0.045481
2 0.987795 0.558715 0.024242 0.065021
2 0.218185 0.062865 0.054746 0.103686
2 0.333787 0.854032 0.041849 0.061526
2 0.335313 0.842382 0.046519 0.083358
2 0.569999 0.917363 0.043130 0.091889
