0 0.669205 0.566789 0.070812 0.116668
0 0.465894 0.902194 0.083887 0.131893
2 0.342982 0.838974 0.045294 0.066737
2 0.188041 0.418354 0.066306 0.097137
0 0.494427 0.663831 0.046231 0.116489
2 0.545396 0.836038 0.049993 0.084616
2 0.063902 0.138943 0.055734 0.129013
0 0.267526 0.280989 0.074009 0.104935
2 0.323185 0.090312 0.060727 0.124086
2 0.121117 0.198414 0.044669 0.092451
0 0.689514 0.945153 0.048780 0.084095
2 0.708806 0.048045 0.039884 0.083047
2 0.336836 0.969719 0.036115 0.052514
0 0.028565 0.955176 0.057131 0.089024
