0 0.590084 0.661626 0.058733 0.098151
0 0.643512 0.373983 0.074522 0.139136
0 0.836406 0.139278 0.065217 0.119753
0 0.399001 0.360248 0.051185 0.086213
2 0.680317 0.773109 0.053457 0.096397
0 0.552366 0.550994 0.061839 0.084528
0 0.731004 0.837415 0.042489 0.094066
0 0.449279 0.263572 0.056333 0.121158
0 0.226851 0.252100 0.035807 0.075962
2 0.668492 0.869339 0.051586 0.111142
0 0.507956 0.527330 0.027091 0.045432
0 0.755872 0.244909 0.047495 0.074317
0 0.139624 0.164279 0.021390 0.041749
2 0.297837 0.527926 0.032894 0.067298
