2 0.603975 0.451387 0.033764 0.074791
2 0.403387 0.282885 0.041954 0.057429
1 0.136622 0.434064 0.050009 0.070835
0 0.275451 0.309085 0.034437 0.067723
1 0.656639 0.059965 0.042420 0.080219
2 0.450252 0.945859 0.059025 0.093515
0 0.725394 0.259625 0.041701 0.085241
0 0.861590 0.699280 0.039083 0.066250
2 0.665726 0.197839 0.033718 0.077354
2 0.732579 0.737202 0.052454 0.090826
1 0.708489 0.572696 0.033554 0.051700
2 0.736496 0.485735 0.042159 0.082367
0 0.051487 0.311358 0.041882 0.066633
1 0.530220 0.545785 0.046744 0.085183
2 0.066760 0.543107 0.072871 0.121955
2 0.785433 0.956835 0.032873 0.055908
2 0.278223 0.807606 0.055841 0.109071
2 0.886142 0.344601 0.029971 0.069790
0 0.388743 0.920141 0.042767 0.057837
0 0.120451 0.033119 0.058115 0.066237
0 0.702481 0.666903 0.021233 0.042190
2 0.230330 0.957803 0.034518 0.049243
1 0.794347 0.910870 0.030720 0.046131
2 0.747747 0.976647 0.044703 0.046706
