2 0.575285 0.451452 0.031582 0.074394
2 0.417159 0.947292 0.059905 0.092793
2 0.375010 0.284135 0.039539 0.060967
2 0.707232 0.485978 0.043563 0.080637
1 0.105541 0.434198 0.050921 0.068632
1 0.678362 0.574282 0.034527 0.053755
0 0.697292 0.260102 0.041460 0.086119
0 0.832703 0.699186 0.039017 0.065464
2 0.704465 0.738786 0.049381 0.091128
1 0.628497 0.059950 0.043086 0.081472
0 0.020906 0.312407 0.039605 0.065135
2 0.636785 0.200329 0.033036 0.077039
2 0.859029 0.346461 0.031207 0.073185
0 0.246103 0.308933 0.034051 0.067369
2 0.752920 0.958344 0.031234 0.053059
2 0.035126 0.541378 0.069858 0.116672
1 0.501025 0.548728 0.046142 0.087160
0 0.356933 0.922569 0.043877 0.055096
1 0.761998 0.910990 0.029832 0.045622
0 0.090628 0.032233 0.058870 0.064465
2 0.246472 0.809435 0.057497 0.107419
0 0.671551 0.665709 0.021842 0.045785
