1 0.172524 0.278614 0.049097 0.065107
0 0.313170 0.219605 0.034531 0.066377
2 0.367320 0.892686 0.058080 0.085312
0 0.755233 0.363772 0.045402 0.085536
2 0.729489 0.595143 0.045024 0.080871
0 0.954879 0.071433 0.060512 0.076515
1 0.683606 0.668839 0.035651 0.053787
2 0.100686 0.353461 0.066145 0.122696
2 0.435120 0.247942 0.039246 0.058463
1 0.509594 0.550436 0.045032 0.081210
0 0.832710 0.878496 0.044562 0.063534
2 0.682907 0.844263 0.052585 0.087212
2 0.927059 0.530196 0.036160 0.074959
1 0.715783 0.131223 0.045070 0.084824
2 0.597762 0.499408 0.033308 0.080620
0 0.119084 0.135833 0.036165 0.069189
2 0.705099 0.273065 0.035412 0.083485
0 0.320346 0.830839 0.046071 0.067772
0 0.660523 0.757846 0.023449 0.044132
1 0.619521 0.668674 0.036893 0.068978
