0 0.902860 0.158639 0.065743 0.081299
2 0.230152 0.831626 0.057794 0.084266
2 0.488430 0.507953 0.037166 0.082176
0 0.661566 0.411323 0.044837 0.087213
2 0.610371 0.637559 0.044145 0.086833
1 0.556446 0.695501 0.037042 0.056064
2 0.362028 0.226183 0.039518 0.068294
0 0.250161 0.169824 0.034702 0.067148
0 0.196053 0.754505 0.046398 0.069892
1 0.398622 0.537268 0.044203 0.077759
0 0.691920 0.949202 0.039886 0.061042
1 0.644000 0.168517 0.048462 0.094631
0 0.077940 0.053342 0.029419 0.064678
2 0.618892 0.309287 0.037389 0.092470
1 0.109819 0.195892 0.046102 0.061295
2 0.832005 0.621912 0.038025 0.083299
2 0.040566 0.256605 0.059582 0.123318
2 0.540141 0.860928 0.040454 0.066818
0 0.007586 0.870002 0.015173 0.096301
