0 0.588901 0.413319 0.044701 0.089609
0 0.831036 0.160681 0.068991 0.085299
2 0.417206 0.508216 0.036409 0.078775
1 0.481316 0.695091 0.038573 0.058824
2 0.153586 0.833203 0.059940 0.082494
2 0.535771 0.638972 0.043347 0.087123
2 0.295035 0.227451 0.039057 0.071894
0 0.122202 0.754219 0.047159 0.070304
0 0.184589 0.168318 0.035467 0.068480
1 0.572803 0.169013 0.048223 0.096132
1 0.323391 0.540505 0.049270 0.083460
2 0.759329 0.623574 0.037503 0.084276
0 0.615273 0.948927 0.038684 0.059216
2 0.545965 0.311603 0.036138 0.090719
1 0.041332 0.194669 0.045555 0.061255
2 0.462035 0.867740 0.042594 0.078620
0 0.013870 0.053938 0.027328 0.061461
2 0.059830 0.587233 0.044858 0.092877
