1 0.391623 0.697894 0.041372 0.061501
0 0.500084 0.412400 0.043808 0.087194
2 0.329366 0.516739 0.036508 0.078825
1 0.231759 0.553930 0.048718 0.088730
0 0.737612 0.153264 0.069906 0.085838
2 0.065308 0.857250 0.064009 0.087022
2 0.448518 0.641341 0.043936 0.090080
2 0.206619 0.238899 0.041342 0.070716
2 0.373466 0.872148 0.043551 0.076557
2 0.457831 0.312490 0.037162 0.089863
0 0.096289 0.184501 0.040094 0.067451
0 0.530017 0.947454 0.036043 0.056186
1 0.481450 0.170883 0.048289 0.097045
0 0.032111 0.777014 0.048048 0.074943
0 0.359598 0.788000 0.025240 0.046357
2 0.671294 0.614252 0.036639 0.075014
