1 0.313098 0.697366 0.042967 0.063782
0 0.425666 0.412444 0.043641 0.089443
2 0.253956 0.516573 0.037237 0.078972
0 0.663781 0.154147 0.069284 0.086576
2 0.134525 0.238591 0.040955 0.070497
2 0.371348 0.643183 0.044024 0.091105
2 0.293695 0.873210 0.041956 0.075763
1 0.408010 0.169876 0.048223 0.096079
2 0.384506 0.313035 0.038115 0.090010
0 0.451394 0.945848 0.032647 0.054390
1 0.153647 0.556140 0.051200 0.090954
1 0.975732 0.821011 0.048536 0.084123
0 0.027275 0.182840 0.043556 0.068070
0 0.279707 0.788132 0.024487 0.047256
2 0.596226 0.614906 0.036071 0.077748
