0 0.341927 0.598632 0.028265 0.082828
0 0.246661 0.612238 0.039569 0.065080
0 0.322846 0.258599 0.035708 0.075075
0 0.294841 0.141967 0.023238 0.050192
0 0.561891 0.596203 0.068680 0.122538
0 0.224786 0.834620 0.031878 0.059350
0 0.247721 0.208740 0.018398 0.044643
0 0.342752 0.517766 0.061533 0.079528
1 0.504771 0.171425 0.046434 0.067954
0 0.404529 0.518913 0.020724 0.043054
0 0.231559 0.428549 0.025461 0.039818
0 0.514095 0.055552 0.030564 0.059278
0 0.326040 0.129662 0.023743 0.049298
0 0.268299 0.075892 0.036404 0.063688
0 0.241360 0.498334 0.028785 0.040758
0 0.224648 0.135228 0.023334 0.059929
0 0.379246 0.024386 0.039578 0.048772
2 0.467332 0.442421 0.022158 0.039467
