0 0.015962 0.925112 0.031924 0.060140
0 0.321092 0.089766 0.049308 0.081956
0 0.050792 0.763180 0.059405 0.088542
2 0.359041 0.636227 0.044273 0.071784
0 0.919749 0.085891 0.033801 0.077802
0 0.607956 0.167093 0.031711 0.049474
0 0.962636 0.030850 0.049487 0.061700
0 0.774430 0.039713 0.022066 0.033602
1 0.954403 0.558281 0.081122 0.148105
0 0.872149 0.962696 0.051674 0.058566
0 0.852642 0.085902 0.026304 0.043243
0 0.664213 0.121393 0.034214 0.067889
0 0.700626 0.045321 0.025032 0.050987
0 0.884180 0.056973 0.044387 0.062180
