0 0.307922 0.249813 0.051970 0.088146
0 0.677503 0.321502 0.036689 0.077738
2 0.905115 0.191253 0.050343 0.105536
0 0.615779 0.364547 0.037482 0.055090
0 0.967943 0.322199 0.039384 0.088789
0 0.801567 0.247201 0.023455 0.037596
0 0.924260 0.285601 0.059529 0.075641
1 0.769545 0.216232 0.030316 0.048196
0 0.768684 0.266379 0.033865 0.060618
1 0.550688 0.087914 0.034488 0.046168
0 0.887300 0.302865 0.025230 0.044771
0 0.974735 0.173749 0.050530 0.114279
2 0.340824 0.911565 0.051234 0.085076
0 0.993638 0.249253 0.012646 0.065923
