0 0.325309 0.169737 0.048586 0.089648
2 0.437061 0.882200 0.056364 0.094164
0 0.228901 0.862290 0.036778 0.062885
2 0.833088 0.781436 0.030432 0.060224
2 0.332323 0.555846 0.027745 0.048638
0 0.054727 0.869656 0.035037 0.047722
0 0.059465 0.275399 0.027353 0.038492
0 0.251744 0.637761 0.028067 0.055690
0 0.467320 0.274782 0.034752 0.073748
0 0.558842 0.953227 0.031694 0.051868
0 0.540967 0.083704 0.027979 0.053302
2 0.793620 0.516898 0.039277 0.061804
2 0.791971 0.268816 0.033782 0.068223
2 0.155503 0.283457 0.028801 0.052389
0 0.431398 0.367637 0.029992 0.058446
2 0.510910 0.385897 0.028846 0.049243
2 0.265173 0.792690 0.027629 0.047452
0 0.793254 0.612341 0.030439 0.051649
0 0.470402 0.164549 0.031913 0.058608
2 0.314548 0.672562 0.037052 0.064916
0 0.495388 0.150535 0.022967 0.054956
2 0.663324 0.731532 0.021588 0.046817
2 0.470466 0.521166 0.032328 0.057004
0 0.151217 0.371345 0.023838 0.037547
2 0.398013 0.911214 0.028283 0.050440
2 0.593359 0.737581 0.028214 0.051239
2 0.752427 0.513640 0.024693 0.055129
2 0.570612 0.493085 0.031018 0.065483
2 0.688926 0.476634 0.031978 0.053974
2 0.133064 0.457242 0.029051 0.048829
0 0.601971 0.125066 0.022754 0.038525
1 0.628824 0.049532 0.027881 0.062117
2 0.549599 0.044303 0.024205 0.042300
2 0.245190 0.744666 0.024739 0.046344
2 0.024924 0.721722 0.038081 0.062072
2 0.546016 0.476671 0.025599 0.068279
2 0.575443 0.243367 0.027716 0.054526
2 0.251565 0.370374 0.027082 0.062099
0 0.223945 0.377062 0.024160 0.047882
2 0.581351 0.909437 0.034856 0.066125
0 0.222628 0.713475 0.018778 0.039792
2 0.624040 0.377008 0.019172 0.039599
0 0.375174 0.764817 0.018099 0.034165
2 0.348627 0.718513 0.025726 0.045327
2 0.422882 0.448466 0.019997 0.036438
2 0.625589 0.135426 0.023368 0.060941
