0 0.560329 0.822070 0.032813 0.052940
2 0.440010 0.753976 0.056166 0.094919
2 0.790908 0.396833 0.038754 0.061438
0 0.469307 0.139673 0.034323 0.073702
0 0.329523 0.047111 0.048105 0.083439
2 0.320058 0.545414 0.037198 0.066453
2 0.790335 0.147114 0.032929 0.070620
0 0.234695 0.737378 0.035645 0.066497
0 0.258122 0.511205 0.027636 0.062083
2 0.336420 0.426671 0.028074 0.049341
2 0.687796 0.345735 0.033316 0.056005
2 0.581888 0.779188 0.034426 0.070414
0 0.790521 0.489265 0.032314 0.052501
0 0.062765 0.766838 0.036632 0.052903
0 0.433978 0.233368 0.030084 0.062232
2 0.139049 0.349707 0.030385 0.052798
2 0.472522 0.387536 0.032019 0.058721
2 0.593594 0.606698 0.029865 0.053922
0 0.473306 0.037184 0.031924 0.055926
0 0.157500 0.258460 0.026089 0.038657
2 0.830513 0.658458 0.029267 0.061269
2 0.271157 0.666516 0.027566 0.049543
0 0.229529 0.256948 0.024585 0.049493
0 0.066423 0.170143 0.028187 0.040703
2 0.300799 0.953992 0.043989 0.078516
2 0.570521 0.361988 0.028154 0.065174
2 0.546875 0.344336 0.023714 0.064461
2 0.401171 0.786351 0.027027 0.051016
2 0.750738 0.393339 0.024636 0.059400
2 0.033331 0.623050 0.038676 0.062826
2 0.250415 0.619634 0.024419 0.045085
2 0.576957 0.106932 0.027494 0.052663
2 0.661589 0.602907 0.022156 0.048959
2 0.161050 0.170017 0.026673 0.051077
2 0.646328 0.686257 0.035626 0.066617
0 0.498282 0.025313 0.024550 0.050626
2 0.512510 0.248288 0.028612 0.048263
0 0.228994 0.589806 0.021237 0.046170
2 0.427062 0.315274 0.021405 0.037518
2 0.257774 0.248974 0.027325 0.062488
2 0.352840 0.589619 0.024999 0.044949
