0 0.336685 0.715824 0.029775 0.078808
0 0.317496 0.361306 0.035412 0.077987
0 0.238931 0.724999 0.039478 0.064041
0 0.560927 0.721385 0.069058 0.119458
0 0.374142 0.118103 0.040285 0.068990
0 0.512449 0.164635 0.032405 0.058029
0 0.336299 0.636084 0.060575 0.081786
2 0.366028 0.047973 0.037706 0.075560
0 0.319999 0.229995 0.024051 0.048137
0 0.224295 0.534500 0.024351 0.039799
0 0.218123 0.226635 0.023344 0.052279
0 0.261264 0.172634 0.041273 0.071412
0 0.217516 0.945604 0.032216 0.055438
0 0.234277 0.605123 0.028589 0.041603
1 0.499762 0.290520 0.044253 0.064805
0 0.400371 0.636644 0.022547 0.039883
0 0.241248 0.304107 0.018495 0.043255
0 0.288603 0.242878 0.025018 0.051069
2 0.464396 0.560574 0.025356 0.040321
