2 0.445926 0.396692 0.053903 0.101626
0 0.559551 0.449329 0.030651 0.053190
2 0.287634 0.307835 0.028559 0.055898
0 0.215197 0.711570 0.034900 0.062000
2 0.779881 0.049224 0.037992 0.067048
0 0.470547 0.845477 0.028098 0.040836
0 0.252617 0.383774 0.040815 0.076569
2 0.817690 0.309494 0.029028 0.059113
2 0.580196 0.409476 0.033376 0.066985
0 0.273652 0.149821 0.028650 0.073066
0 0.342104 0.800033 0.025034 0.046331
0 0.287502 0.772106 0.020278 0.036968
2 0.378181 0.693934 0.035771 0.098006
2 0.332948 0.187564 0.039075 0.076862
0 0.372781 0.898661 0.025221 0.047516
2 0.054909 0.332092 0.034540 0.058808
0 0.168894 0.891052 0.033125 0.053981
0 0.778588 0.138937 0.029917 0.050141
2 0.520331 0.602802 0.028141 0.049014
0 0.085491 0.468387 0.036344 0.056135
2 0.411221 0.429556 0.028881 0.058089
0 0.445726 0.983402 0.019044 0.033195
0 0.285035 0.678880 0.031019 0.055324
2 0.313579 0.607473 0.033172 0.068537
2 0.592291 0.236152 0.028269 0.059695
0 0.235211 0.936271 0.021256 0.046955
2 0.223731 0.811957 0.037531 0.067041
0 0.386550 0.803492 0.023123 0.045204
2 0.267573 0.262343 0.024259 0.038510
2 0.376427 0.424371 0.023832 0.052926
2 0.642441 0.319940 0.034095 0.065490
2 0.657154 0.235431 0.021728 0.054354
2 0.347304 0.858463 0.022415 0.038241
0 0.697329 0.687011 0.018898 0.035520
2 0.742860 0.049426 0.032166 0.076197
0 0.245408 0.241616 0.019560 0.039797
2 0.348201 0.063591 0.028219 0.053190
2 0.521356 0.440773 0.032184 0.076244
