0 0.602698 0.397527 0.020120 0.037202
2 0.512632 0.552780 0.042730 0.079299
2 0.413625 0.307919 0.048127 0.078846
0 0.073492 0.387172 0.038317 0.062379
0 0.140366 0.517097 0.032111 0.052795
0 0.622288 0.118144 0.048269 0.072563
2 0.730246 0.590572 0.029758 0.055158
0 0.182358 0.395217 0.031941 0.068256
2 0.781003 0.117693 0.048619 0.084973
0 0.720984 0.398567 0.026112 0.042898
2 0.648666 0.866547 0.076384 0.100651
2 0.151186 0.706320 0.033451 0.062877
2 0.664205 0.468105 0.027572 0.055726
2 0.167944 0.865816 0.042576 0.065054
2 0.343227 0.931007 0.065666 0.113815
2 0.432864 0.457024 0.033569 0.075147
2 0.600171 0.267191 0.047577 0.108456
0 0.156944 0.568363 0.027171 0.042588
2 0.700219 0.361896 0.024074 0.048956
