0 0.074441 0.375736 0.037893 0.063554
0 0.623051 0.103349 0.046968 0.073078
2 0.414185 0.293767 0.050114 0.077404
0 0.603451 0.380797 0.019663 0.037261
0 0.183585 0.383313 0.032615 0.066096
0 0.141074 0.503601 0.031477 0.049929
2 0.513849 0.539902 0.043230 0.080744
2 0.665711 0.452858 0.026345 0.053156
2 0.732097 0.576602 0.029148 0.053422
2 0.701406 0.345354 0.024973 0.050649
0 0.722520 0.383625 0.025333 0.042519
2 0.781816 0.105007 0.049211 0.089265
2 0.433640 0.442013 0.032900 0.071743
2 0.649267 0.850874 0.075821 0.095930
2 0.344009 0.920254 0.065550 0.113474
2 0.602509 0.250111 0.045392 0.108926
2 0.168678 0.852260 0.040951 0.065570
2 0.152739 0.696912 0.032470 0.060432
0 0.157548 0.555664 0.026151 0.043789
