0 0.080834 0.462249 0.037786 0.065876
2 0.145671 0.780524 0.037718 0.067232
0 0.619748 0.179269 0.047645 0.072844
0 0.188592 0.463633 0.034741 0.070072
0 0.603320 0.438736 0.020806 0.038537
2 0.156934 0.951278 0.044823 0.070275
2 0.515381 0.600515 0.043576 0.081561
0 0.141604 0.581938 0.032545 0.051983
2 0.416740 0.367661 0.050359 0.077026
2 0.733613 0.638635 0.030968 0.058629
0 0.720169 0.444106 0.026725 0.045605
2 0.770186 0.180906 0.049367 0.086900
2 0.600997 0.312753 0.047048 0.109036
2 0.657770 0.925649 0.080080 0.106724
2 0.664736 0.510929 0.028501 0.052138
2 0.434798 0.505837 0.032432 0.074010
2 0.698615 0.405922 0.022446 0.047654
0 0.648676 0.653751 0.023113 0.048973
0 0.156633 0.634526 0.026268 0.042611
