0 0.112905 0.608668 0.032008 0.061108
2 0.516028 0.642465 0.039390 0.085635
0 0.214964 0.590231 0.030749 0.062561
2 0.148174 0.895748 0.037651 0.066286
2 0.442483 0.573506 0.028124 0.063851
2 0.724408 0.312005 0.041953 0.077217
0 0.163554 0.692908 0.030272 0.050041
2 0.428808 0.482681 0.041750 0.069420
2 0.465994 0.134698 0.045995 0.091365
0 0.694102 0.508516 0.023168 0.041007
2 0.640376 0.955489 0.051092 0.073881
2 0.584094 0.406210 0.041605 0.095078
0 0.590862 0.494596 0.020552 0.042833
2 0.648070 0.562961 0.027483 0.047731
2 0.718222 0.679309 0.025795 0.050829
0 0.598123 0.309076 0.040570 0.062496
2 0.638164 0.688581 0.026884 0.054315
