0 0.136144 0.524503 0.030989 0.064006
2 0.517740 0.523763 0.037390 0.080509
2 0.170954 0.774616 0.036367 0.067575
0 0.186484 0.591998 0.030444 0.054239
2 0.710497 0.231812 0.040118 0.068877
2 0.470372 0.089526 0.042966 0.094311
2 0.162010 0.948486 0.043439 0.080259
2 0.632236 0.559330 0.026214 0.060380
2 0.705149 0.561402 0.026626 0.061807
2 0.631764 0.800307 0.050061 0.071476
0 0.682479 0.403649 0.022242 0.043091
2 0.436315 0.393405 0.042219 0.073460
2 0.234696 0.500452 0.032955 0.064145
1 0.401599 0.640374 0.040655 0.098234
0 0.593532 0.229803 0.037573 0.068107
2 0.448064 0.464518 0.025740 0.063634
