1 0.425103 0.106184 0.052944 0.117533
0 0.242253 0.452055 0.049620 0.100675
0 0.339774 0.468567 0.053537 0.110532
0 0.289977 0.192100 0.079921 0.157762
0 0.891721 0.645660 0.057524 0.082015
2 0.668191 0.646151 0.061582 0.112508
0 0.559449 0.268088 0.039520 0.091028
2 0.485596 0.480233 0.047421 0.103127
2 0.690547 0.113301 0.045593 0.118052
2 0.872961 0.095087 0.031506 0.062626
2 0.658228 0.304494 0.037164 0.092820
2 0.984754 0.475362 0.030491 0.076122
2 0.649730 0.089690 0.028951 0.080279
1 0.619570 0.188563 0.040292 0.085725
