2 0.560711 0.376448 0.108912 0.201774
2 0.432382 0.284931 0.057930 0.122482
2 0.133954 0.556800 0.052217 0.095096
0 0.131141 0.482533 0.050423 0.073685
0 0.200339 0.296430 0.029953 0.073797
1 0.537373 0.779994 0.065221 0.128526
0 0.106405 0.399281 0.064617 0.101041
1 0.168295 0.378587 0.030093 0.070098
1 0.166004 0.286236 0.040714 0.093648
2 0.284831 0.191791 0.050004 0.111728
0 0.648347 0.677256 0.060782 0.088275
1 0.124167 0.945746 0.040730 0.084664
0 0.892922 0.624624 0.043406 0.070739
2 0.040142 0.766345 0.044000 0.062949
0 0.620366 0.930746 0.047490 0.079572
1 0.191704 0.447666 0.029306 0.063591
1 0.225287 0.288752 0.030872 0.094065
