0 0.318072 0.892935 0.057993 0.155058
0 0.530304 0.499578 0.028594 0.076078
0 0.931597 0.061147 0.051984 0.076497
0 0.899480 0.828837 0.036417 0.066663
1 0.177931 0.311068 0.053762 0.095778
0 0.568886 0.650809 0.031193 0.051597
0 0.851064 0.766593 0.047296 0.088130
2 0.532222 0.617376 0.031023 0.077273
0 0.251581 0.518298 0.066669 0.108733
1 0.963848 0.962782 0.042918 0.063891
1 0.880137 0.712920 0.040857 0.051898
1 0.709168 0.029788 0.041450 0.059576
0 0.717723 0.084620 0.022094 0.032192
0 0.743809 0.022092 0.028831 0.044183
