0 0.782531 0.768680 0.046594 0.088457
0 0.465661 0.502522 0.029326 0.076351
0 0.226545 0.898387 0.060122 0.152660
0 0.499010 0.652720 0.029852 0.051651
0 0.876052 0.062852 0.052280 0.079181
0 0.831986 0.829380 0.035543 0.067006
0 0.172694 0.521636 0.069055 0.111848
2 0.460702 0.621629 0.032800 0.076986
1 0.101899 0.313428 0.054972 0.096622
1 0.816077 0.717073 0.040392 0.058479
0 0.662322 0.087777 0.022741 0.032321
1 0.654151 0.030351 0.041317 0.060701
0 0.687967 0.021403 0.028234 0.042805
1 0.892595 0.961919 0.039401 0.065456
