0 0.279198 0.521179 0.052916 0.129209
1 0.765878 0.807665 0.042968 0.093442
0 0.652122 0.820690 0.046137 0.078584
2 0.348143 0.842164 0.071809 0.113145
2 0.813987 0.371684 0.031613 0.053346
0 0.527190 0.557872 0.045859 0.116523
2 0.489576 0.625038 0.051480 0.087734
2 0.122175 0.600695 0.042776 0.064967
2 0.682695 0.923343 0.052600 0.082533
2 0.090640 0.085460 0.065300 0.129048
2 0.334476 0.479719 0.043220 0.109315
0 0.430419 0.576893 0.029593 0.087750
2 0.084634 0.536083 0.039823 0.095131
2 0.892803 0.461389 0.026004 0.057407
2 0.655439 0.601351 0.026816 0.088267
2 0.636277 0.165780 0.046101 0.141085
2 0.409791 0.639742 0.026434 0.069083
2 0.695214 0.765571 0.023412 0.046778
2 0.566467 0.102075 0.043052 0.133594
2 0.523908 0.911943 0.050892 0.086689
