0 0.214158 0.524052 0.058849 0.146387
2 0.314008 0.853612 0.072927 0.118874
0 0.489954 0.511544 0.047618 0.128258
2 0.454001 0.585205 0.051948 0.089126
1 0.751307 0.717158 0.044386 0.096932
2 0.367591 0.620859 0.029048 0.078230
2 0.275010 0.467496 0.047320 0.119180
2 0.036757 0.650247 0.048024 0.074362
2 0.677764 0.687914 0.024084 0.049058
2 0.766136 0.266967 0.031586 0.052548
2 0.674112 0.853392 0.047268 0.088501
0 0.634916 0.756914 0.049843 0.083867
2 0.625498 0.528676 0.028806 0.089878
2 0.574369 0.092641 0.042137 0.141939
2 0.497404 0.054906 0.035803 0.105335
2 0.847888 0.344972 0.027080 0.061625
0 0.387144 0.549703 0.030057 0.094666
