0 0.224958 0.896484 0.058039 0.144904
0 0.459525 0.522650 0.029396 0.069699
0 0.866129 0.105869 0.050924 0.076286
0 0.489397 0.670857 0.029873 0.050633
0 0.762178 0.792197 0.045416 0.082174
1 0.115559 0.332581 0.057565 0.093898
0 0.178482 0.535659 0.064675 0.104404
0 0.809985 0.853585 0.035418 0.064118
1 0.646791 0.062377 0.039164 0.062827
1 0.796638 0.741905 0.040360 0.055147
0 0.657742 0.124240 0.023160 0.037539
2 0.452726 0.642669 0.031735 0.068108
0 0.683343 0.052445 0.031363 0.067946
1 0.726910 0.078826 0.022485 0.049894
0 0.994206 0.136094 0.011588 0.084419
0 0.972605 0.025818 0.050435 0.051636
