2 0.465990 0.593420 0.055087 0.096794
0 0.211648 0.525708 0.061135 0.152853
0 0.504573 0.515400 0.050705 0.134440
2 0.792503 0.263283 0.031113 0.055446
0 0.662461 0.777663 0.052772 0.093991
2 0.706861 0.703174 0.024722 0.050333
2 0.023958 0.663378 0.047320 0.084818
2 0.315479 0.884441 0.079013 0.131262
2 0.706137 0.883794 0.052857 0.097245
2 0.374858 0.634064 0.030617 0.081064
2 0.276744 0.466392 0.052489 0.130667
2 0.648182 0.531698 0.031441 0.094251
1 0.784569 0.734005 0.045835 0.103142
2 0.881138 0.343868 0.028957 0.067927
2 0.590771 0.083770 0.040363 0.146661
0 0.395531 0.551476 0.033579 0.092069
2 0.512143 0.049656 0.034017 0.099312
