0 0.305248 0.590596 0.062868 0.159479
2 0.808965 0.774320 0.022109 0.049936
2 0.052201 0.142323 0.075672 0.158148
0 0.761893 0.850820 0.057652 0.101210
2 0.111945 0.733347 0.058029 0.089380
0 0.595388 0.578239 0.051789 0.140388
2 0.370501 0.535406 0.052751 0.136305
2 0.812726 0.953529 0.053312 0.088565
2 0.468018 0.700665 0.030937 0.089501
2 0.412778 0.943694 0.076045 0.112612
2 0.667959 0.151135 0.043558 0.135325
2 0.561225 0.660104 0.054007 0.092213
2 0.064601 0.671018 0.045651 0.112196
2 0.742975 0.599055 0.031436 0.100031
2 0.875811 0.330109 0.032345 0.051290
2 0.966949 0.409280 0.029723 0.067405
2 0.991251 0.358487 0.017498 0.048249
2 0.589996 0.109628 0.040870 0.118195
0 0.958465 0.296280 0.025595 0.075734
1 0.887699 0.808328 0.045810 0.112395
