0 0.508863 0.364752 0.060839 0.171037
2 0.572388 0.299985 0.053470 0.153029
2 0.632149 0.727757 0.080488 0.135271
0 0.778154 0.434228 0.053753 0.091121
2 0.312719 0.508990 0.056425 0.098607
0 0.809949 0.355509 0.055259 0.152868
0 0.976216 0.624354 0.047569 0.105380
1 0.648818 0.890850 0.094392 0.152597
2 0.677312 0.484263 0.035691 0.098985
2 0.961303 0.368324 0.035782 0.106560
2 0.845508 0.762739 0.047669 0.123802
2 0.258663 0.446092 0.045312 0.115589
2 0.797044 0.731660 0.043827 0.128416
0 0.696328 0.386661 0.037935 0.105387
