0 0.509856 0.370636 0.056817 0.158251
2 0.324035 0.506290 0.050806 0.087054
0 0.760616 0.437558 0.049558 0.084616
2 0.623309 0.711192 0.076375 0.127633
0 0.792532 0.364765 0.050148 0.140734
2 0.569017 0.307754 0.048614 0.152363
2 0.276211 0.450324 0.043822 0.110323
2 0.667402 0.485832 0.033648 0.097752
2 0.933640 0.376872 0.031531 0.100740
0 0.952369 0.613055 0.058167 0.096687
2 0.991222 0.546779 0.017557 0.063783
2 0.536749 0.920898 0.051655 0.100131
2 0.822211 0.742411 0.044642 0.121843
2 0.985402 0.720376 0.029161 0.105145
1 0.636689 0.861171 0.086807 0.148889
2 0.781187 0.717457 0.040413 0.121876
0 0.684509 0.387827 0.033533 0.092530
