0 0.824329 0.698736 0.060083 0.105919
2 0.727656 0.196094 0.058233 0.099059
2 0.634473 0.641178 0.069685 0.111091
0 0.104172 0.180115 0.032433 0.046332
2 0.857178 0.594045 0.044617 0.082801
2 0.492685 0.117192 0.043355 0.078546
0 0.037815 0.664926 0.075630 0.193921
0 0.184214 0.186921 0.033412 0.090741
2 0.451577 0.090563 0.039034 0.085858
0 0.932493 0.074853 0.041142 0.063456
2 0.734096 0.041095 0.039934 0.082190
2 0.216641 0.423852 0.040530 0.063978
2 0.681377 0.367869 0.038816 0.103755
2 0.862288 0.182330 0.048376 0.119650
2 0.120178 0.770219 0.035226 0.051974
2 0.080210 0.800148 0.028264 0.066011
