2 0.897161 0.540500 0.068999 0.115882
0 0.147625 0.468170 0.088694 0.143097
0 0.371081 0.444695 0.094770 0.174640
0 0.318525 0.280400 0.062160 0.096273
2 0.268552 0.390725 0.052593 0.070467
1 0.236276 0.029795 0.028244 0.059590
0 0.495554 0.074367 0.030602 0.088017
2 0.152640 0.771997 0.049845 0.104859
0 0.433026 0.061949 0.030254 0.043558
2 0.182851 0.742447 0.033861 0.069410
2 0.774964 0.047990 0.037249 0.063400
2 0.438975 0.558125 0.022217 0.040271
2 0.516828 0.283436 0.036624 0.043664
2 0.986518 0.144054 0.026965 0.107901
