0 0.233454 0.476434 0.076942 0.128271
2 0.899167 0.541838 0.063654 0.107564
1 0.306079 0.065614 0.026659 0.077975
0 0.382323 0.307501 0.057424 0.086433
1 0.539112 0.924754 0.052823 0.105957
0 0.431258 0.454261 0.083054 0.151770
2 0.494669 0.949221 0.045075 0.074871
2 0.335592 0.408048 0.045363 0.063548
2 0.757013 0.070245 0.038336 0.076770
0 0.482214 0.109566 0.027129 0.036246
0 0.537907 0.119445 0.027527 0.077277
2 0.791307 0.094603 0.036550 0.069145
0 0.155144 0.028826 0.048026 0.057652
2 0.242011 0.745249 0.041486 0.092749
2 0.267274 0.721580 0.027741 0.058154
2 0.983903 0.183574 0.032195 0.089263
0 0.011646 0.621217 0.023292 0.097848
