2 0.356317 0.278222 0.040926 0.079652
0 0.275351 0.481416 0.027538 0.049551
1 0.667332 0.493161 0.046458 0.065978
0 0.507951 0.429059 0.033204 0.062140
0 0.309529 0.471258 0.029604 0.050090
0 0.304135 0.611066 0.037710 0.078962
0 0.362867 0.352488 0.045799 0.066595
0 0.248430 0.400373 0.046559 0.078278
1 0.492238 0.575912 0.044998 0.065210
0 0.864597 0.124426 0.055449 0.079805
0 0.322368 0.923148 0.061964 0.101320
0 0.253695 0.105071 0.028489 0.056975
0 0.217191 0.867529 0.029547 0.040334
0 0.226124 0.532740 0.020973 0.048973
0 0.391666 0.922734 0.025510 0.049729
0 0.207080 0.788127 0.024751 0.036591
0 0.220374 0.981073 0.034671 0.037854
0 0.761607 0.343371 0.056553 0.065732
2 0.460088 0.857726 0.031320 0.052442
