0 0.642705 0.422278 0.059171 0.109558
1 0.348450 0.521622 0.058097 0.085034
0 0.286041 0.673207 0.027538 0.063680
0 0.325650 0.145327 0.027714 0.050738
2 0.272513 0.800977 0.045074 0.115369
2 0.400210 0.318170 0.037612 0.096680
0 0.949359 0.952482 0.043556 0.081586
0 0.598887 0.565399 0.035970 0.063303
1 0.844082 0.831735 0.059502 0.150437
1 0.590556 0.322478 0.045534 0.074897
0 0.109364 0.887355 0.057869 0.121462
2 0.886260 0.468058 0.036925 0.087386
2 0.553104 0.414539 0.032598 0.049824
1 0.253982 0.140588 0.035637 0.066192
0 0.961798 0.275099 0.048010 0.092539
2 0.551784 0.292218 0.036297 0.066913
1 0.248407 0.598760 0.034280 0.082096
1 0.818123 0.309014 0.028157 0.053565
0 0.338976 0.671199 0.026678 0.075425
2 0.495573 0.179152 0.043638 0.111901
2 0.419893 0.609325 0.030619 0.068874
0 0.230681 0.946245 0.029153 0.056207
0 0.936935 0.707129 0.053891 0.099412
0 0.272740 0.058381 0.032627 0.060674
0 0.191046 0.589286 0.032103 0.057074
0 0.072887 0.032867 0.022550 0.043527
1 0.952478 0.159068 0.060950 0.090913
0 0.442553 0.072242 0.031950 0.070458
1 0.455038 0.485778 0.047406 0.096378
0 0.150395 0.832071 0.029296 0.050736
