0 0.668744 0.382958 0.079395 0.151733
2 0.336879 0.355607 0.059778 0.132110
1 0.341753 0.718428 0.075497 0.096736
0 0.146267 0.868650 0.044885 0.072953
2 0.447281 0.782681 0.040125 0.086969
0 0.458718 0.588297 0.057327 0.129213
2 0.114439 0.288007 0.042978 0.082277
2 0.513402 0.198023 0.053982 0.100791
1 0.573558 0.239904 0.059710 0.091089
1 0.059808 0.105596 0.059951 0.095207
0 0.365347 0.904080 0.037781 0.091139
0 0.286704 0.715046 0.035084 0.058373
0 0.662030 0.648296 0.050252 0.090634
2 0.091089 0.749153 0.039754 0.065148
2 0.946803 0.309230 0.051695 0.100211
2 0.734066 0.644526 0.042564 0.084306
0 0.301688 0.961996 0.031948 0.065260
0 0.158044 0.045184 0.040882 0.072785
1 0.621720 0.408603 0.048300 0.097554
2 0.106364 0.864102 0.030684 0.058020
2 0.545709 0.382562 0.038409 0.058455
2 0.407319 0.063808 0.055683 0.125520
1 0.843187 0.101553 0.038352 0.076080
2 0.032238 0.375811 0.043711 0.071717
1 0.228743 0.848047 0.046556 0.100254
2 0.981744 0.129570 0.028544 0.068578
1 0.119944 0.424583 0.035098 0.070794
2 0.164120 0.955716 0.030664 0.050944
2 0.231120 0.435832 0.032173 0.054128
