2 0.425651 0.391239 0.058994 0.135753
0 0.764329 0.415593 0.081358 0.149216
1 0.437913 0.760551 0.075367 0.096835
0 0.767083 0.690113 0.051690 0.094482
0 0.381203 0.754557 0.033253 0.056410
1 0.657658 0.269374 0.060289 0.086649
0 0.553563 0.626135 0.059215 0.134250
0 0.240421 0.909018 0.043641 0.074769
2 0.198916 0.322826 0.044367 0.090473
2 0.593889 0.224392 0.053571 0.097938
1 0.175763 0.574532 0.087685 0.128003
2 0.546590 0.826314 0.041039 0.086274
0 0.463538 0.946951 0.036463 0.086782
1 0.719313 0.450473 0.054449 0.113317
0 0.228217 0.070426 0.043746 0.073268
1 0.135011 0.129764 0.055989 0.095674
2 0.632813 0.414095 0.035272 0.057519
2 0.836351 0.685883 0.042902 0.084980
2 0.198610 0.903061 0.033521 0.064985
1 0.931861 0.127673 0.042226 0.078724
2 0.119019 0.412413 0.044552 0.076585
0 0.049059 0.756660 0.037034 0.055481
2 0.183885 0.786842 0.038103 0.068496
1 0.323731 0.892187 0.044450 0.095496
2 0.485295 0.076963 0.056269 0.119130
1 0.206339 0.458605 0.035174 0.072228
2 0.056561 0.899535 0.039434 0.074534
0 0.913374 0.934341 0.033177 0.052717
2 0.424530 0.168296 0.031504 0.076893
