0 0.581325 0.880789 0.037555 0.089701
0 0.871927 0.364695 0.082462 0.153668
0 0.664066 0.571327 0.060372 0.129593
2 0.532892 0.341251 0.059136 0.128946
1 0.757123 0.222096 0.062599 0.087735
1 0.043804 0.432323 0.042610 0.079069
1 0.232143 0.092559 0.052996 0.094110
0 0.358399 0.842329 0.039706 0.067047
2 0.299645 0.725448 0.034473 0.060608
0 0.883993 0.624090 0.052746 0.097352
1 0.555145 0.696330 0.076063 0.094108
0 0.316967 0.037224 0.043683 0.070302
2 0.732131 0.365919 0.036455 0.057819
2 0.689292 0.180334 0.053430 0.098967
1 0.442015 0.824426 0.045189 0.097333
2 0.230104 0.366422 0.039896 0.074888
1 0.289210 0.518867 0.075151 0.125012
2 0.305633 0.280156 0.047711 0.097572
0 0.526799 0.940644 0.029434 0.074585
2 0.317925 0.838943 0.032210 0.060052
2 0.950321 0.627504 0.042334 0.078798
0 0.495421 0.692954 0.031189 0.055547
0 0.158647 0.700281 0.037578 0.056005
2 0.169197 0.838769 0.038489 0.066074
2 0.661245 0.767788 0.040221 0.088816
2 0.028354 0.900312 0.055317 0.097441
2 0.514921 0.128944 0.033216 0.077130
1 0.826092 0.402731 0.061690 0.127170
0 0.021343 0.259872 0.030181 0.053165
1 0.069947 0.317807 0.059088 0.105201
1 0.316940 0.408746 0.031821 0.068271
2 0.576015 0.047224 0.051998 0.094447
1 0.381712 0.787957 0.048020 0.070121
2 0.370663 0.930764 0.033874 0.049282
