2 0.614395 0.860885 0.061569 0.129180
1 0.125000 0.270081 0.042978 0.072511
0 0.433562 0.638528 0.036077 0.060171
2 0.375004 0.532128 0.035057 0.057493
2 0.104763 0.718555 0.059744 0.100929
2 0.393956 0.633106 0.034040 0.069068
0 0.721659 0.384413 0.056784 0.120737
0 0.933766 0.420692 0.052168 0.088128
2 0.594646 0.177566 0.055887 0.121598
1 0.620236 0.495139 0.073266 0.094494
0 0.918889 0.190912 0.080356 0.138528
1 0.807756 0.064322 0.057391 0.087541
0 0.593639 0.715549 0.028480 0.063292
1 0.512463 0.618773 0.041923 0.096437
0 0.235766 0.521899 0.034503 0.057578
2 0.720299 0.560853 0.037331 0.080551
2 0.782105 0.205705 0.035152 0.052036
0 0.339818 0.797855 0.041453 0.057280
2 0.375872 0.124010 0.043926 0.101719
1 0.363778 0.343484 0.070481 0.128111
0 0.645478 0.666550 0.037288 0.084365
1 0.877069 0.232296 0.062232 0.121861
0 0.561498 0.497430 0.032433 0.053028
2 0.738491 0.042767 0.046864 0.085534
1 0.150861 0.160891 0.060478 0.100139
1 0.020161 0.894325 0.034749 0.070620
2 0.252629 0.651115 0.047444 0.074015
2 0.987269 0.427579 0.025462 0.076704
1 0.389168 0.242548 0.031987 0.062255
2 0.309558 0.885140 0.042805 0.084577
2 0.303106 0.203102 0.036488 0.069489
1 0.316074 0.066632 0.031985 0.058310
0 0.458079 0.929916 0.047109 0.064095
2 0.444727 0.720503 0.026730 0.046503
1 0.455694 0.587569 0.042100 0.058081
