1 0.646223 0.242647 0.076577 0.100449
0 0.620824 0.716832 0.027413 0.054034
0 0.463291 0.718416 0.067952 0.124328
2 0.158557 0.486950 0.058173 0.100906
2 0.641672 0.570159 0.055754 0.096875
2 0.604930 0.786377 0.057928 0.104435
0 0.741772 0.146969 0.056290 0.120047
1 0.078980 0.656594 0.030701 0.065849
0 0.941064 0.169781 0.045982 0.079152
0 0.472136 0.388087 0.032050 0.055343
2 0.415978 0.292817 0.030988 0.060436
1 0.546520 0.363486 0.046051 0.091227
2 0.356458 0.633039 0.043228 0.097070
0 0.194322 0.962606 0.043346 0.064545
0 0.973453 0.919197 0.043336 0.060461
2 0.740622 0.304081 0.037706 0.077663
1 0.178080 0.063589 0.038090 0.062795
0 0.622918 0.438461 0.026766 0.059120
0 0.593374 0.251909 0.029223 0.047966
0 0.282728 0.296853 0.030832 0.055986
2 0.299507 0.417295 0.043301 0.071411
0 0.383035 0.536498 0.039783 0.058192
2 0.437939 0.383669 0.037065 0.069516
0 0.020106 0.052610 0.039803 0.105220
2 0.309767 0.728481 0.028561 0.092130
2 0.533151 0.778932 0.040342 0.077823
2 0.071636 0.880755 0.047874 0.076920
0 0.506286 0.648528 0.029511 0.048251
0 0.671328 0.403863 0.038235 0.088676
1 0.493763 0.340090 0.041867 0.054886
2 0.989487 0.178232 0.021027 0.073356
0 0.302752 0.807338 0.022535 0.052140
2 0.654410 0.709270 0.024945 0.050718
