2 0.607694 0.623986 0.055413 0.115275
1 0.650743 0.094905 0.077895 0.103049
2 0.643841 0.415041 0.060385 0.100239
2 0.310421 0.284500 0.042589 0.075689
1 0.095166 0.525042 0.030613 0.070691
2 0.172821 0.356286 0.054364 0.099403
0 0.208525 0.828614 0.041995 0.072959
0 0.496448 0.943781 0.047152 0.090007
0 0.471924 0.567447 0.066460 0.121676
0 0.673661 0.255117 0.034735 0.082561
1 0.552698 0.218574 0.047662 0.099233
0 0.623699 0.556647 0.026986 0.053396
2 0.368062 0.490244 0.040200 0.096060
2 0.740024 0.157295 0.035066 0.080839
0 0.393033 0.392598 0.037548 0.058938
0 0.626332 0.285511 0.025797 0.061861
0 0.737302 0.032705 0.046092 0.065409
0 0.478843 0.245028 0.031215 0.059844
2 0.539264 0.625589 0.040649 0.076155
0 0.963205 0.741357 0.044068 0.061986
2 0.740639 0.636040 0.043828 0.079328
0 0.512760 0.491923 0.026130 0.046017
0 0.294311 0.167042 0.028217 0.056369
2 0.424811 0.157800 0.027938 0.066270
2 0.276751 0.120437 0.024548 0.085461
2 0.447144 0.244425 0.031639 0.065522
0 0.933608 0.028021 0.042451 0.056041
0 0.597179 0.109840 0.032443 0.049650
2 0.321013 0.590789 0.024955 0.079756
2 0.333357 0.656379 0.034711 0.078097
2 0.434336 0.976804 0.030704 0.046391
