0 0.419418 0.901268 0.052544 0.088343
0 0.327767 0.531986 0.021836 0.044189
2 0.545616 0.807697 0.046818 0.070173
2 0.879475 0.889246 0.043495 0.072248
0 0.553997 0.616646 0.031137 0.059117
0 0.498573 0.427961 0.047873 0.111706
1 0.909844 0.848572 0.043253 0.061350
0 0.191969 0.393026 0.042418 0.069683
0 0.709425 0.635417 0.042597 0.073380
0 0.875371 0.706010 0.122187 0.209169
2 0.433122 0.496884 0.030354 0.070120
2 0.682691 0.824849 0.045252 0.090633
0 0.752995 0.556267 0.038821 0.057868
2 0.770131 0.458167 0.048347 0.090265
1 0.072390 0.067456 0.034325 0.093133
2 0.108485 0.579926 0.034805 0.063836
0 0.470809 0.059157 0.068704 0.118314
0 0.305412 0.187656 0.022334 0.048869
2 0.314043 0.115435 0.036738 0.109860
2 0.616125 0.089483 0.060212 0.159497
2 0.548947 0.115634 0.043176 0.125813
0 0.112970 0.301862 0.035720 0.062451
0 0.361792 0.517699 0.016814 0.041341
2 0.760735 0.044581 0.046308 0.086033
0 0.839212 0.473330 0.040735 0.079641
0 0.363550 0.697966 0.029928 0.096162
