1 0.911863 0.589200 0.047330 0.064158
0 0.751192 0.303453 0.040198 0.065217
0 0.488498 0.220953 0.052994 0.131850
0 0.411632 0.700982 0.049489 0.086910
2 0.882070 0.634699 0.047125 0.088337
0 0.313157 0.353121 0.022012 0.043204
2 0.719356 0.934572 0.049316 0.090796
0 0.876215 0.439700 0.123201 0.214789
2 0.570685 0.817251 0.038818 0.074294
2 0.635372 0.813762 0.044017 0.072170
2 0.420433 0.305839 0.034183 0.082351
2 0.090384 0.433694 0.036051 0.069191
0 0.706912 0.390069 0.043820 0.082362
0 0.546088 0.398977 0.031895 0.056335
0 0.265936 0.955549 0.064497 0.088901
2 0.766969 0.210330 0.048274 0.089710
2 0.972977 0.794601 0.054046 0.095689
0 0.172981 0.231614 0.043012 0.072462
2 0.678655 0.585593 0.046059 0.096869
1 0.163547 0.883127 0.042531 0.070498
0 0.505216 0.974161 0.034210 0.051679
2 0.349889 0.523037 0.039747 0.109970
0 0.559477 0.880208 0.035896 0.057982
0 0.592383 0.969888 0.047686 0.056322
2 0.539180 0.587313 0.045347 0.082480
2 0.963075 0.955943 0.065446 0.088115
0 0.838611 0.221816 0.042188 0.084783
0 0.348730 0.339066 0.018269 0.042347
2 0.079860 0.035176 0.038862 0.056707
