0 0.660514 0.733745 0.051563 0.090979
0 0.265646 0.816402 0.060715 0.106256
1 0.806351 0.228495 0.044105 0.062255
0 0.901797 0.788074 0.030188 0.055416
2 0.533186 0.540721 0.037091 0.072930
2 0.032203 0.406802 0.039825 0.078987
2 0.881842 0.527974 0.053701 0.100741
0 0.397388 0.056422 0.057566 0.112843
2 0.298375 0.385599 0.039745 0.111732
0 0.701593 0.802911 0.041264 0.069406
0 0.764213 0.098328 0.109056 0.190732
2 0.818593 0.699090 0.052815 0.121687
0 0.092483 0.180163 0.043094 0.074867
0 0.489858 0.722475 0.032110 0.074338
0 0.569779 0.681155 0.049034 0.082770
0 0.245754 0.238491 0.020849 0.042573
0 0.611502 0.111723 0.036562 0.085178
2 0.674027 0.594609 0.043870 0.084947
2 0.604112 0.304347 0.044279 0.103278
2 0.342445 0.151792 0.032101 0.083960
2 0.481649 0.358095 0.045586 0.095785
2 0.588496 0.516359 0.043317 0.082964
2 0.784645 0.276728 0.038029 0.085212
0 0.642415 0.029156 0.036472 0.058311
2 0.891221 0.392899 0.063150 0.088605
0 0.469933 0.186851 0.029504 0.056729
1 0.733867 0.337460 0.060701 0.108821
1 0.154773 0.805868 0.038216 0.070558
0 0.376333 0.511378 0.046241 0.087155
0 0.277878 0.215165 0.018940 0.037334
2 0.431704 0.058521 0.028590 0.070637
0 0.861876 0.902260 0.027220 0.050153
0 0.010431 0.108161 0.020862 0.056705
2 0.376285 0.510954 0.044414 0.086227
