2 0.906227 0.430904 0.058899 0.107328
1 0.824096 0.115022 0.046026 0.066033
0 0.926046 0.708643 0.033141 0.058065
2 0.837950 0.610372 0.060016 0.129775
1 0.746237 0.222845 0.064719 0.112694
2 0.284826 0.298256 0.041450 0.120668
0 0.486154 0.646824 0.034475 0.082333
2 0.592069 0.423048 0.047050 0.083640
2 0.331012 0.054902 0.036415 0.092847
0 0.713619 0.722384 0.045526 0.079577
2 0.682478 0.503658 0.045306 0.090050
0 0.249963 0.753408 0.068944 0.113885
0 0.668964 0.652412 0.056712 0.102730
0 0.573066 0.599771 0.055486 0.097268
0 0.465302 0.079147 0.033397 0.061833
0 0.071336 0.092461 0.044193 0.072893
2 0.800959 0.170687 0.039133 0.090858
2 0.531276 0.455350 0.039939 0.075009
2 0.608556 0.192651 0.046674 0.104906
2 0.477804 0.260308 0.047541 0.103410
2 0.916846 0.289404 0.061513 0.086996
2 0.014193 0.336612 0.028386 0.098512
0 0.229376 0.148071 0.022202 0.046012
0 0.366367 0.427019 0.049310 0.092775
0 0.263440 0.123588 0.021832 0.044385
0 0.774000 0.035916 0.102183 0.071832
