1 0.649064 0.490068 0.082192 0.136032
0 0.261199 0.111903 0.063770 0.144660
2 0.835853 0.747311 0.067316 0.102630
1 0.747862 0.346106 0.054707 0.074644
2 0.758439 0.936843 0.062371 0.126313
2 0.354441 0.497354 0.061821 0.112065
2 0.855936 0.547545 0.075136 0.106682
2 0.149749 0.508431 0.049648 0.126995
2 0.717133 0.408366 0.051135 0.111098
0 0.358372 0.948800 0.044394 0.080889
2 0.200581 0.226347 0.040168 0.098859
2 0.578050 0.806841 0.053261 0.108796
0 0.544529 0.087935 0.050938 0.085171
2 0.498890 0.429590 0.056634 0.119319
0 0.505927 0.197238 0.041488 0.098779
0 0.228077 0.674398 0.054453 0.101954
2 0.403696 0.736243 0.043306 0.091497
0 0.689964 0.180103 0.142081 0.250832
0 0.447446 0.912399 0.059956 0.093462
0 0.343505 0.281357 0.039784 0.070706
1 0.903315 0.736689 0.067897 0.112515
0 0.562312 0.963308 0.070149 0.073385
0 0.091085 0.332684 0.027581 0.053026
2 0.475526 0.700994 0.043075 0.089151
2 0.850239 0.690865 0.045445 0.065306
0 0.398901 0.809071 0.040981 0.064335
