2 0.413287 0.399473 0.058068 0.121723
2 0.240213 0.598452 0.040152 0.069455
1 0.921221 0.858403 0.043047 0.063753
1 0.649376 0.239472 0.045917 0.073001
0 0.601043 0.469769 0.039551 0.080166
0 0.611762 0.624342 0.061781 0.129030
0 0.698652 0.734343 0.059228 0.102912
0 0.358951 0.413529 0.063250 0.094024
0 0.740561 0.329728 0.064063 0.097844
0 0.194539 0.595453 0.060916 0.101873
0 0.792018 0.551502 0.060208 0.109595
2 0.359759 0.945162 0.082858 0.109676
0 0.134387 0.113285 0.055200 0.115411
0 0.151105 0.524078 0.040974 0.063396
2 0.273179 0.082869 0.063787 0.133211
1 0.671539 0.386142 0.047500 0.086909
1 0.964262 0.874758 0.043747 0.062139
0 0.159166 0.433409 0.042523 0.056390
0 0.365325 0.167376 0.044124 0.079567
0 0.821462 0.462694 0.039546 0.062148
0 0.860208 0.504726 0.040237 0.067475
0 0.139697 0.598682 0.063668 0.120483
0 0.161651 0.166758 0.046322 0.080282
0 0.052914 0.070797 0.056256 0.122684
0 0.838996 0.387984 0.040744 0.109075
0 0.861270 0.416442 0.039934 0.076095
0 0.422407 0.158771 0.023550 0.043369
1 0.117830 0.344993 0.060049 0.088949
0 0.820592 0.935743 0.030207 0.062827
0 0.010209 0.148925 0.020419 0.081557
2 0.053135 0.516796 0.049022 0.102801
