2 0.755711 0.806298 0.049872 0.109944
0 0.145156 0.772476 0.042882 0.075521
0 0.220641 0.494352 0.042710 0.070983
0 0.080854 0.839592 0.055087 0.093266
0 0.334705 0.344885 0.042217 0.063088
0 0.715565 0.752981 0.049363 0.092673
2 0.813688 0.381618 0.078135 0.142430
0 0.512427 0.619142 0.051531 0.103474
1 0.652629 0.096349 0.052797 0.121721
2 0.539455 0.676490 0.033206 0.068357
2 0.067207 0.499916 0.033786 0.067373
0 0.588601 0.065746 0.036058 0.097872
0 0.016284 0.363593 0.032568 0.057052
2 0.949430 0.340025 0.060305 0.097817
0 0.836509 0.583086 0.038299 0.085959
0 0.560545 0.462530 0.030710 0.064623
0 0.519164 0.517630 0.035995 0.061023
2 0.769031 0.122965 0.055295 0.141003
0 0.486161 0.532188 0.047103 0.093779
0 0.690285 0.210877 0.048744 0.088349
0 0.679251 0.735447 0.031611 0.058747
0 0.683649 0.289967 0.045705 0.095129
0 0.886065 0.657757 0.027980 0.051162
0 0.075290 0.254376 0.027339 0.052868
0 0.978502 0.525002 0.042714 0.107160
0 0.457884 0.586856 0.035151 0.066860
2 0.298493 0.140891 0.026980 0.062516
