2 0.583358 0.740743 0.040393 0.070734
2 0.784132 0.578698 0.049441 0.104547
0 0.540905 0.281947 0.044906 0.093092
0 0.737782 0.589094 0.056295 0.095614
0 0.539301 0.727469 0.054703 0.104778
0 0.512425 0.213832 0.052849 0.106018
0 0.144606 0.287998 0.064755 0.132944
0 0.751929 0.326925 0.032002 0.076173
0 0.247771 0.757521 0.044616 0.084815
0 0.508368 0.548850 0.035004 0.050897
0 0.505266 0.648887 0.040450 0.063869
0 0.974987 0.702738 0.048299 0.098850
0 0.354983 0.206119 0.037512 0.104140
0 0.429639 0.155838 0.052857 0.123458
0 0.968609 0.887792 0.062181 0.147793
0 0.816931 0.137035 0.037686 0.077983
2 0.672935 0.205609 0.058339 0.145085
2 0.536897 0.067613 0.046851 0.109148
2 0.751794 0.047615 0.058013 0.095230
0 0.494499 0.723069 0.053248 0.107210
0 0.463864 0.690889 0.029803 0.067239
2 0.387813 0.598755 0.048832 0.105927
2 0.099890 0.633795 0.033508 0.077203
0 0.807508 0.328679 0.029595 0.047986
1 0.473553 0.443828 0.054112 0.093783
