2 0.612359 0.598928 0.072987 0.136050
0 0.419297 0.208500 0.042334 0.075915
2 0.438539 0.150777 0.053975 0.099944
0 0.109245 0.284287 0.062790 0.118457
0 0.891606 0.319445 0.027525 0.061035
0 0.165712 0.279530 0.053798 0.095426
0 0.914857 0.238059 0.030718 0.069488
0 0.633022 0.127241 0.065400 0.117817
0 0.815741 0.385939 0.033037 0.091346
0 0.377761 0.546050 0.059870 0.090094
2 0.213292 0.067932 0.066668 0.116057
0 0.673654 0.707073 0.067518 0.071545
0 0.276708 0.494300 0.036327 0.054265
0 0.707190 0.106018 0.045295 0.070844
0 0.572661 0.037493 0.042937 0.074986
0 0.314683 0.049733 0.037318 0.063901
2 0.056143 0.161819 0.054687 0.100024
0 0.918911 0.451675 0.017504 0.037206
0 0.320745 0.544310 0.042282 0.066740
2 0.405803 0.496535 0.035432 0.060717
1 0.838328 0.028781 0.034659 0.055364
0 0.867646 0.521966 0.021587 0.041571
0 0.811445 0.063524 0.028275 0.055883
0 0.415441 0.260166 0.026314 0.038184
1 0.203877 0.482565 0.065793 0.108597
0 0.316963 0.640612 0.033822 0.057087
0 0.338983 0.609342 0.066482 0.109759
