0 0.160078 0.378991 0.060605 0.111429
2 0.650243 0.724439 0.073815 0.143117
0 0.653776 0.280302 0.060161 0.118372
0 0.025856 0.624816 0.051711 0.099027
0 0.411800 0.638948 0.055891 0.093018
0 0.716608 0.852357 0.065948 0.074544
0 0.685052 0.155473 0.034408 0.086344
0 0.841351 0.550988 0.033049 0.090605
0 0.312970 0.590526 0.035263 0.049622
0 0.214571 0.370056 0.051925 0.087873
0 0.593713 0.199639 0.035243 0.095165
0 0.359754 0.191350 0.031840 0.063242
2 0.267094 0.193837 0.060775 0.119762
0 0.356962 0.640629 0.042601 0.071123
2 0.474367 0.280500 0.042977 0.089299
0 0.348822 0.739001 0.036708 0.069198
2 0.112697 0.261339 0.054878 0.106278
2 0.440254 0.594267 0.035628 0.061106
0 0.719983 0.272223 0.046187 0.070478
0 0.909169 0.494835 0.027465 0.060265
0 0.902679 0.684494 0.022253 0.037472
0 0.923926 0.433630 0.029035 0.068842
2 0.250308 0.038569 0.039516 0.077139
0 0.455857 0.333475 0.040213 0.079459
1 0.833548 0.250357 0.027921 0.048156
0 0.640865 0.095387 0.045119 0.068730
0 0.383558 0.708605 0.047877 0.091632
0 0.947297 0.626769 0.020113 0.047722
0 0.321551 0.043308 0.026222 0.059268
1 0.238374 0.570516 0.065071 0.103119
