2 0.665161 0.474697 0.032534 0.065741
0 0.478564 0.126147 0.047507 0.099430
2 0.841032 0.764957 0.071796 0.153263
2 0.599758 0.045089 0.053243 0.090177
0 0.735423 0.256571 0.040640 0.084988
1 0.504116 0.329911 0.054641 0.096700
0 0.630037 0.487654 0.052273 0.090362
0 0.596304 0.583262 0.038633 0.078212
2 0.170569 0.859180 0.037738 0.089569
0 0.369407 0.806739 0.050700 0.112351
0 0.904945 0.233163 0.032486 0.104314
0 0.953086 0.353712 0.060155 0.128433
0 0.133949 0.511101 0.076139 0.135943
0 0.881031 0.936933 0.075368 0.091103
0 0.392714 0.140746 0.044814 0.120712
0 0.557555 0.529901 0.033599 0.069842
0 0.581643 0.451864 0.036484 0.060640
0 0.675742 0.078643 0.030008 0.072247
0 0.556864 0.389142 0.029641 0.043654
0 0.521839 0.141279 0.039279 0.074340
0 0.334835 0.249303 0.042119 0.103057
2 0.766648 0.225840 0.042677 0.098547
0 0.455406 0.516859 0.037596 0.083840
0 0.198795 0.146954 0.043031 0.086889
2 0.338656 0.065018 0.034248 0.085642
2 0.466395 0.035871 0.042375 0.071741
0 0.591363 0.514850 0.039628 0.073641
