0 0.778085 0.636589 0.065533 0.071923
2 0.731085 0.492799 0.059694 0.131337
0 0.060844 0.471387 0.081647 0.139740
2 0.133610 0.778513 0.039745 0.083920
0 0.794220 0.129626 0.052035 0.114178
0 0.482769 0.865613 0.032954 0.044403
0 0.604291 0.083719 0.034949 0.075280
0 0.090786 0.102832 0.042900 0.077217
0 0.510323 0.397198 0.035909 0.070598
0 0.323572 0.665178 0.049879 0.110881
0 0.530829 0.302045 0.043603 0.077592
0 0.283570 0.054301 0.042807 0.108601
0 0.845752 0.065499 0.030803 0.067441
2 0.702432 0.887484 0.053924 0.114567
0 0.471653 0.358384 0.031275 0.065009
0 0.238226 0.170503 0.047214 0.108752
0 0.362134 0.034566 0.043520 0.069131
0 0.406255 0.029312 0.038652 0.058625
2 0.628676 0.055718 0.034856 0.086980
1 0.405085 0.193664 0.052547 0.093370
0 0.945315 0.464496 0.035466 0.091232
0 0.747577 0.043258 0.029428 0.074558
0 0.487374 0.285263 0.034832 0.058958
0 0.459460 0.238710 0.026467 0.041984
0 0.498504 0.338481 0.041519 0.075126
1 0.986454 0.235813 0.026261 0.059200
0 0.378576 0.378567 0.037773 0.078194
1 0.380811 0.154675 0.023902 0.042784
