0 0.426259 0.834353 0.054552 0.088258
2 0.770602 0.253911 0.069260 0.139798
0 0.039782 0.338350 0.079565 0.150848
2 0.147820 0.644034 0.049023 0.091205
0 0.825193 0.400499 0.067054 0.074330
0 0.537046 0.171568 0.040282 0.076250
0 0.492368 0.133614 0.033652 0.075052
0 0.520693 0.108030 0.041677 0.079112
0 0.551238 0.063987 0.042524 0.083585
0 0.537330 0.681427 0.035713 0.041229
0 0.389147 0.171439 0.036268 0.079515
2 0.766287 0.664124 0.053676 0.113612
0 0.354429 0.489859 0.058845 0.130212
0 0.630961 0.968838 0.060731 0.062324
0 0.503931 0.055575 0.035987 0.059356
0 0.967098 0.227168 0.030018 0.079481
2 0.608951 0.508638 0.037819 0.073541
2 0.856196 0.486149 0.032680 0.063938
2 0.582685 0.054191 0.030438 0.075713
