0 0.116415 0.234913 0.082719 0.149358
2 0.826226 0.257618 0.068855 0.139721
0 0.454075 0.760708 0.049141 0.085382
0 0.647868 0.939920 0.056549 0.086382
2 0.203155 0.535902 0.044028 0.087920
0 0.875665 0.409715 0.069140 0.072059
0 0.402472 0.422570 0.054119 0.124257
2 0.273965 0.869348 0.057983 0.125595
0 0.583663 0.076520 0.042147 0.075204
2 0.799632 0.658477 0.055505 0.118633
0 0.595984 0.139984 0.039274 0.073220
0 0.554783 0.097116 0.033002 0.073339
0 0.568749 0.635384 0.033274 0.040481
0 0.453317 0.122657 0.035605 0.081270
0 0.617055 0.038282 0.041828 0.076564
0 0.570305 0.026621 0.033753 0.053241
0 0.579911 0.068359 0.046724 0.084103
