0 0.746534 0.835799 0.053773 0.082935
0 0.258068 0.901280 0.042099 0.078779
0 0.594459 0.576261 0.047471 0.086153
0 0.719493 0.527074 0.031372 0.042021
2 0.429719 0.571635 0.048649 0.136033
2 0.418782 0.273759 0.028362 0.078412
0 0.201382 0.234746 0.029950 0.073714
2 0.952860 0.676796 0.051342 0.128634
0 0.600171 0.251855 0.046772 0.118409
0 0.830938 0.080540 0.040009 0.073605
2 0.266581 0.167444 0.038325 0.091284
0 0.792814 0.029744 0.034853 0.059487
0 0.801883 0.967074 0.032544 0.056613
0 0.011186 0.557131 0.022105 0.049807
1 0.398837 0.030696 0.044281 0.061391
