0 0.752792 0.683573 0.056035 0.087905
0 0.258792 0.756440 0.043002 0.072752
0 0.808457 0.820637 0.037902 0.064957
0 0.760957 0.886331 0.079722 0.142778
0 0.200786 0.103936 0.030385 0.078952
0 0.599792 0.431965 0.046399 0.089723
0 0.290522 0.965081 0.048149 0.069838
2 0.432400 0.422315 0.049860 0.138237
2 0.470872 0.854595 0.044159 0.107891
2 0.962387 0.528824 0.056565 0.145670
0 0.605314 0.104866 0.050665 0.124363
2 0.420931 0.127672 0.029854 0.075988
1 0.305591 0.503817 0.042266 0.081397
0 0.725066 0.381325 0.030942 0.042127
2 0.266768 0.039934 0.035868 0.079868
2 0.831674 0.279475 0.035107 0.090316
0 0.726445 0.968629 0.058342 0.062742
0 0.009586 0.427285 0.018799 0.059224
