2 0.938035 0.865349 0.083868 0.156285
0 0.750598 0.626838 0.084375 0.149448
0 0.717805 0.720183 0.059192 0.086809
0 0.253933 0.516586 0.040985 0.072580
0 0.744629 0.429696 0.055805 0.086311
0 0.285716 0.718067 0.048065 0.101220
1 0.298274 0.263029 0.046489 0.087552
0 0.594845 0.198185 0.051351 0.087228
0 0.800152 0.563086 0.040015 0.063208
2 0.954099 0.285621 0.054525 0.146611
2 0.425914 0.194329 0.051405 0.147607
2 0.465824 0.603727 0.040428 0.107341
0 0.720108 0.146993 0.031050 0.042613
0 0.008531 0.215824 0.017061 0.056345
