2 0.761903 0.631517 0.074547 0.134973
0 0.596238 0.422755 0.073765 0.134298
0 0.644086 0.370606 0.034893 0.055963
0 0.158685 0.333833 0.038311 0.065762
0 0.570520 0.510702 0.049953 0.081824
0 0.182650 0.507197 0.043158 0.098579
0 0.595346 0.249816 0.050752 0.076315
0 0.519734 0.896797 0.055799 0.098818
2 0.629976 0.754540 0.077232 0.144282
2 0.788106 0.124924 0.051035 0.139612
2 0.347963 0.407986 0.036950 0.097513
0 0.467793 0.048861 0.042989 0.088491
2 0.318565 0.059330 0.042702 0.118660
0 0.475582 0.808713 0.028959 0.049869
0 0.480762 0.879771 0.026728 0.076932
