0 0.608789 0.443827 0.063777 0.087180
0 0.022029 0.612466 0.044057 0.106669
0 0.493745 0.585220 0.054260 0.089677
0 0.584062 0.830763 0.073045 0.096615
0 0.353123 0.432779 0.029453 0.052039
0 0.449123 0.273399 0.063108 0.077714
0 0.910536 0.152168 0.058317 0.066758
0 0.828050 0.101303 0.093754 0.152884
0 0.639968 0.398117 0.036853 0.085464
1 0.289995 0.869616 0.063249 0.120034
1 0.792066 0.718659 0.062029 0.082012
0 0.974365 0.220332 0.050791 0.133916
0 0.389538 0.640229 0.028128 0.045880
1 0.822992 0.771238 0.057400 0.080329
0 0.938305 0.308191 0.053889 0.059540
0 0.534261 0.964168 0.043958 0.071665
0 0.982025 0.315268 0.035950 0.104179
