0 0.617858 0.342900 0.041402 0.078171
0 0.514487 0.732938 0.070180 0.095090
0 0.927104 0.194484 0.056330 0.071966
0 0.068320 0.366509 0.048852 0.092758
0 0.459762 0.475200 0.045133 0.086634
0 0.458985 0.177231 0.056644 0.076030
0 0.838922 0.124758 0.105457 0.167437
0 0.942288 0.366076 0.057640 0.066121
0 0.364455 0.494939 0.022500 0.042146
0 0.581272 0.379968 0.060413 0.088495
0 0.359364 0.300304 0.029722 0.053296
1 0.251503 0.659454 0.054833 0.102368
0 0.448797 0.833689 0.039997 0.085110
1 0.754128 0.771526 0.062979 0.090518
1 0.735494 0.711015 0.061394 0.075863
0 0.983177 0.299515 0.033645 0.110299
0 0.988839 0.400194 0.022323 0.095143
