0 0.786267 0.323389 0.059032 0.067709
0 0.853298 0.247527 0.076798 0.142975
0 0.858693 0.353613 0.068562 0.126922
0 0.366357 0.674764 0.063965 0.089703
0 0.772205 0.156432 0.058360 0.073693
0 0.683547 0.089468 0.099691 0.164177
0 0.318260 0.423785 0.044851 0.083120
1 0.116129 0.604670 0.055110 0.099582
0 0.296794 0.774872 0.036128 0.081016
0 0.468628 0.303178 0.043572 0.081550
0 0.326089 0.134690 0.054252 0.076788
0 0.433053 0.334438 0.061608 0.091284
1 0.585249 0.657930 0.059941 0.070341
0 0.231271 0.444350 0.023818 0.045035
1 0.593483 0.713432 0.058965 0.085019
0 0.232437 0.255327 0.030541 0.060729
