0 0.395469 0.067758 0.088827 0.135184
0 0.765394 0.749263 0.105524 0.146657
0 0.567938 0.249296 0.073550 0.133082
0 0.570507 0.360764 0.063401 0.122879
0 0.040834 0.373666 0.046248 0.089291
0 0.481746 0.154960 0.049113 0.068445
0 0.145730 0.296295 0.065166 0.100990
2 0.933671 0.514798 0.074702 0.132296
0 0.069082 0.619710 0.060034 0.091158
0 0.494310 0.322738 0.050352 0.056171
1 0.965220 0.355658 0.067366 0.132472
0 0.074606 0.094683 0.055519 0.081409
1 0.281059 0.670108 0.071303 0.109393
0 0.179359 0.271253 0.044166 0.086388
0 0.167206 0.285632 0.065961 0.108828
