0 0.227144 0.094991 0.085273 0.145010
0 0.405134 0.376202 0.061850 0.113331
0 0.566719 0.755182 0.088878 0.138574
0 0.400301 0.269797 0.071585 0.133231
2 0.733890 0.531134 0.066953 0.129365
0 0.309072 0.176160 0.042818 0.065906
2 0.843457 0.144300 0.046092 0.137082
2 0.854172 0.531604 0.053539 0.146082
0 0.323751 0.340429 0.047124 0.052197
1 0.112393 0.670575 0.075927 0.116224
2 0.896916 0.291074 0.079778 0.130888
2 0.984220 0.486444 0.030834 0.122501
1 0.020090 0.294284 0.040179 0.103394
1 0.718386 0.422228 0.074118 0.091297
