0 0.505103 0.575407 0.032734 0.063442
0 0.297237 0.748766 0.038023 0.080026
2 0.352509 0.404314 0.041696 0.077775
0 0.219075 0.657088 0.023292 0.052878
0 0.302279 0.604144 0.027843 0.048790
0 0.198820 0.932113 0.023550 0.045261
0 0.358444 0.483073 0.047746 0.072561
1 0.491212 0.736958 0.047345 0.069028
1 0.668684 0.666723 0.051210 0.062181
0 0.873369 0.290153 0.060421 0.083060
0 0.241593 0.528042 0.050863 0.082473
0 0.764981 0.513568 0.065530 0.071445
0 0.268659 0.612935 0.027109 0.049153
0 0.246958 0.217823 0.029029 0.052424
0 0.462089 0.035150 0.059506 0.070299
0 0.751009 0.433129 0.043247 0.060980
0 0.712879 0.479860 0.051086 0.071052
