0 0.528937 0.145657 0.042409 0.093177
0 0.623544 0.377916 0.026088 0.106517
0 0.609049 0.540944 0.024044 0.081346
2 0.901802 0.948703 0.042883 0.102593
0 0.470328 0.336879 0.026568 0.084143
1 0.494416 0.254767 0.035089 0.065459
0 0.503797 0.519749 0.030051 0.083284
2 0.559851 0.095687 0.033556 0.086034
0 0.554447 0.031081 0.024077 0.054535
2 0.760859 0.252696 0.018070 0.075787
0 0.236821 0.105727 0.085578 0.117670
2 0.571130 0.309791 0.024338 0.088035
2 0.687382 0.650853 0.035439 0.119638
2 0.643558 0.063391 0.049910 0.123476
2 0.770717 0.951526 0.037512 0.096947
2 0.776455 0.139280 0.026939 0.115231
2 0.532919 0.077019 0.021109 0.063861
2 0.537775 0.296506 0.023506 0.093850
0 0.916063 0.028811 0.030434 0.057623
2 0.511169 0.085563 0.025166 0.079673
2 0.562371 0.428889 0.017273 0.099341
