0 0.639425 0.679431 0.031617 0.111887
0 0.568471 0.093111 0.065290 0.154829
0 0.624095 0.858695 0.022553 0.083035
0 0.505152 0.818267 0.032926 0.088891
2 0.661471 0.318033 0.058013 0.152641
0 0.967235 0.261583 0.032010 0.088127
0 0.467645 0.612520 0.027766 0.089315
1 0.494529 0.514846 0.034708 0.070744
0 0.533747 0.404131 0.046891 0.097817
0 0.433305 0.118047 0.045134 0.104650
2 0.566560 0.339523 0.034694 0.082985
2 0.541550 0.553894 0.022894 0.072462
2 0.294729 0.182629 0.035674 0.103558
2 0.581024 0.588847 0.024274 0.085405
0 0.210716 0.333948 0.102858 0.133641
2 0.407803 0.235866 0.027795 0.089227
0 0.521320 0.172146 0.039234 0.075570
2 0.173280 0.096306 0.048971 0.104228
2 0.792067 0.538770 0.020588 0.081517
1 0.241727 0.028096 0.038283 0.056192
2 0.808371 0.405078 0.026649 0.125070
0 0.560269 0.279877 0.023135 0.061561
2 0.708531 0.957371 0.027640 0.082567
2 0.539305 0.617248 0.013955 0.056031
2 0.595965 0.263314 0.022287 0.083058
2 0.514366 0.333424 0.028190 0.100724
2 0.535393 0.326978 0.020874 0.073239
