1 0.793712 0.529157 0.072519 0.135670
1 0.439264 0.323934 0.034882 0.087496
0 0.347495 0.680096 0.107059 0.197933
0 0.637353 0.613607 0.058481 0.132254
0 0.813898 0.705727 0.091578 0.201430
1 0.613156 0.260860 0.054440 0.139885
2 0.520453 0.223497 0.028264 0.089427
2 0.580457 0.305548 0.034836 0.075973
2 0.478486 0.294199 0.031355 0.061011
0 0.730698 0.779905 0.072852 0.145224
2 0.359116 0.362240 0.034423 0.103417
0 0.764202 0.927377 0.032965 0.076093
2 0.488953 0.569840 0.028548 0.063216
2 0.582177 0.691708 0.031734 0.101171
2 0.464216 0.536296 0.021355 0.083116
2 0.511271 0.122645 0.032275 0.103218
2 0.020580 0.464977 0.041013 0.123654
2 0.627556 0.943350 0.023277 0.079387
