1 0.888431 0.909021 0.089015 0.168562
1 0.673598 0.569693 0.058349 0.142862
1 0.469239 0.606953 0.037614 0.089278
2 0.560460 0.499510 0.030648 0.090072
2 0.633695 0.602911 0.042890 0.099459
2 0.377546 0.615113 0.032664 0.098877
2 0.512452 0.562546 0.038233 0.070442
2 0.531296 0.914322 0.034207 0.064551
1 0.742755 0.040208 0.044582 0.080417
0 0.352780 0.025425 0.039592 0.050850
2 0.497536 0.856603 0.021212 0.078024
2 0.547325 0.362260 0.037058 0.111905
0 0.359485 0.945621 0.103897 0.108758
0 0.705749 0.960822 0.072493 0.078357
2 0.979614 0.875575 0.040773 0.109019
