0 0.442034 0.204928 0.037848 0.118062
1 0.158147 0.324036 0.074108 0.180992
0 0.208977 0.346735 0.047726 0.129397
2 0.114620 0.113988 0.054965 0.116084
0 0.105877 0.577191 0.061846 0.138705
2 0.357789 0.450051 0.038241 0.124022
0 0.322887 0.081542 0.041789 0.115916
0 0.332690 0.873881 0.062917 0.128290
2 0.166549 0.083755 0.043078 0.102104
2 0.073423 0.152612 0.049649 0.113468
0 0.182045 0.151507 0.035785 0.070137
2 0.059226 0.656176 0.034008 0.066321
2 0.065235 0.053781 0.046317 0.093566
2 0.052430 0.396556 0.081193 0.115552
2 0.070290 0.337706 0.053309 0.126961
2 0.030261 0.526758 0.052523 0.140383
2 0.064845 0.821534 0.059664 0.100478
