1 0.173181 0.384703 0.051095 0.062767
2 0.150133 0.524014 0.059938 0.131921
2 0.204140 0.465131 0.048492 0.107263
2 0.663094 0.401738 0.066837 0.117464
0 0.224285 0.557611 0.036722 0.078993
0 0.121865 0.343018 0.048676 0.091243
0 0.213213 0.199059 0.054251 0.116830
0 0.376466 0.473922 0.042502 0.118356
0 0.256683 0.761440 0.055095 0.142875
1 0.200341 0.747944 0.076185 0.181609
0 0.512046 0.631838 0.046395 0.110839
2 0.107263 0.576997 0.056581 0.130037
0 0.604026 0.481048 0.032165 0.089611
2 0.108908 0.243585 0.054307 0.090581
0 0.183176 0.257389 0.039970 0.062813
2 0.912368 0.462765 0.054237 0.116866
2 0.086725 0.834370 0.090243 0.126718
2 0.673137 0.206047 0.084176 0.191246
2 0.093637 0.430133 0.054823 0.112043
2 0.104793 0.757935 0.059900 0.105686
2 0.852888 0.481425 0.060665 0.114254
1 0.242108 0.051770 0.041368 0.101101
0 0.181591 0.331767 0.053083 0.077659
2 0.420112 0.868685 0.040765 0.113257
2 0.053865 0.936636 0.072904 0.126728
0 0.152879 0.969097 0.050772 0.057088
