1 0.431848 0.780554 0.075406 0.173693
2 0.383594 0.558709 0.046963 0.119301
2 0.928921 0.434037 0.070235 0.117805
0 0.332123 0.375825 0.042933 0.085624
2 0.422870 0.498020 0.046218 0.106251
0 0.451307 0.590697 0.037137 0.078053
0 0.483417 0.796395 0.050724 0.131957
0 0.420065 0.230620 0.052010 0.112888
2 0.342697 0.608532 0.057036 0.127884
0 0.602344 0.504727 0.045580 0.116195
0 0.759721 0.670403 0.062120 0.112371
2 0.303156 0.272100 0.051954 0.089707
1 0.384770 0.413587 0.052262 0.063695
2 0.335143 0.784024 0.051295 0.100680
2 0.306025 0.450966 0.051431 0.091538
1 0.214986 0.536659 0.041135 0.098357
2 0.314002 0.878943 0.086049 0.133558
0 0.388486 0.288305 0.041735 0.061790
2 0.647594 0.907426 0.040033 0.107450
1 0.442531 0.067091 0.050793 0.128252
2 0.919046 0.246483 0.098215 0.203325
2 0.166495 0.938157 0.077156 0.123686
0 0.230308 0.732435 0.028400 0.056578
2 0.229628 0.903208 0.037002 0.075781
2 0.900357 0.268949 0.064565 0.153448
0 0.528904 0.049719 0.050231 0.099438
0 0.390006 0.364831 0.061529 0.085017
2 0.314910 0.490409 0.039586 0.071629
0 0.867996 0.506740 0.034604 0.073209
