2 0.446676 0.935694 0.066407 0.117807
2 0.531842 0.801162 0.052469 0.114058
0 0.427381 0.645504 0.044022 0.084917
1 0.779677 0.105433 0.064264 0.098111
1 0.293678 0.809264 0.044600 0.112369
0 0.568546 0.915723 0.040820 0.081579
0 0.654850 0.268261 0.069535 0.149449
2 0.497058 0.888267 0.049602 0.127088
0 0.746280 0.817535 0.056249 0.110364
0 0.486499 0.535487 0.047036 0.070072
0 0.524545 0.481755 0.053674 0.121747
2 0.386839 0.513192 0.050246 0.086430
1 0.545563 0.288308 0.056399 0.133154
2 0.399290 0.733137 0.063931 0.104108
2 0.910067 0.273935 0.043465 0.084853
1 0.651170 0.030081 0.037382 0.060161
1 0.484914 0.683644 0.063706 0.079491
2 0.410257 0.790533 0.035209 0.073523
1 0.490460 0.658225 0.073608 0.123919
0 0.493547 0.638582 0.071867 0.108261
