1 0.755331 0.250173 0.082153 0.181030
1 0.657706 0.390187 0.075516 0.140705
2 0.729447 0.569487 0.044073 0.087597
0 0.486170 0.791572 0.086059 0.146817
1 0.362879 0.893591 0.069135 0.167621
2 0.346876 0.228601 0.047233 0.080866
1 0.550784 0.477679 0.064126 0.113731
0 0.209297 0.148209 0.055229 0.103097
1 0.415158 0.133193 0.036247 0.062899
1 0.498203 0.132025 0.031053 0.080335
1 0.389754 0.493811 0.045384 0.117229
2 0.966249 0.693881 0.067503 0.206650
0 0.444962 0.055755 0.065379 0.111511
2 0.129943 0.272664 0.033249 0.110260
1 0.308663 0.426814 0.066707 0.141032
