1 0.509295 0.562452 0.043521 0.083034
2 0.424409 0.365374 0.041238 0.121133
1 0.964495 0.695155 0.071010 0.218467
1 0.612617 0.560583 0.036282 0.092913
2 0.445356 0.705166 0.072394 0.138480
1 0.865306 0.888548 0.095058 0.142631
0 0.531533 0.431208 0.074097 0.176548
0 0.131168 0.361196 0.037067 0.084173
0 0.564723 0.230419 0.070841 0.143147
0 0.249215 0.567873 0.058483 0.131728
2 0.348515 0.429639 0.039583 0.117832
2 0.209746 0.164174 0.022371 0.073139
2 0.168874 0.752819 0.035537 0.122523
1 0.741574 0.966375 0.082258 0.064797
