1 0.509595 0.560074 0.044101 0.082638
2 0.424253 0.365262 0.041174 0.123377
1 0.865565 0.877114 0.092792 0.145865
1 0.964301 0.685587 0.070999 0.213419
0 0.531623 0.426865 0.074043 0.173844
0 0.130907 0.364623 0.035970 0.083663
1 0.612497 0.554415 0.035420 0.087967
2 0.445982 0.700956 0.071954 0.138111
0 0.249818 0.568332 0.058937 0.131836
0 0.564192 0.227887 0.069311 0.142719
2 0.348755 0.428775 0.039303 0.116562
2 0.208624 0.166718 0.022598 0.075396
2 0.170946 0.753551 0.035713 0.121198
1 0.744037 0.964114 0.086727 0.063667
