0 0.462169 0.076750 0.081915 0.153499
0 0.505801 0.692140 0.037479 0.074370
0 0.292111 0.860757 0.039481 0.082982
0 0.881189 0.420488 0.060040 0.083824
0 0.263593 0.716873 0.028881 0.053272
0 0.737238 0.124258 0.037219 0.062744
0 0.296673 0.707461 0.030138 0.050853
0 0.210357 0.758360 0.029090 0.054147
0 0.354377 0.586846 0.049879 0.074980
2 0.348311 0.503161 0.043786 0.075535
1 0.491210 0.867966 0.048952 0.073915
0 0.684642 0.046194 0.033958 0.058970
0 0.235347 0.627000 0.051753 0.080177
0 0.241431 0.305974 0.031949 0.052238
1 0.669582 0.802422 0.055528 0.065587
0 0.758244 0.649338 0.087639 0.074864
0 0.751966 0.551206 0.048362 0.076515
1 0.495298 0.239900 0.076127 0.117632
0 0.718403 0.600679 0.053420 0.080829
0 0.248276 0.089868 0.046200 0.075022
