2 0.647007 0.888418 0.039873 0.092280
0 0.033550 0.719224 0.066018 0.100041
2 0.312403 0.827215 0.070178 0.122414
0 0.687460 0.924027 0.058828 0.113812
0 0.794671 0.869849 0.073266 0.137935
2 0.681595 0.320446 0.056792 0.130013
0 0.375448 0.075050 0.068155 0.135461
1 0.219446 0.687248 0.066156 0.129574
2 0.811421 0.095722 0.057780 0.098598
0 0.643051 0.521167 0.060170 0.115292
2 0.404489 0.420692 0.062962 0.108358
0 0.323183 0.509274 0.036260 0.057865
0 0.301319 0.689757 0.047512 0.116379
2 0.304047 0.429324 0.069024 0.174987
2 0.489864 0.362547 0.058033 0.130823
2 0.306554 0.129749 0.049215 0.086978
0 0.625329 0.455335 0.085924 0.133228
0 0.286682 0.566811 0.036755 0.057120
2 0.080158 0.079679 0.069413 0.114389
0 0.451580 0.962966 0.047692 0.073797
0 0.976902 0.130421 0.046083 0.127282
0 0.709615 0.789967 0.037189 0.058339
2 0.212515 0.815526 0.041342 0.090411
2 0.852196 0.585981 0.054312 0.098534
2 0.120333 0.062955 0.058311 0.123369
