0 0.179568 0.737437 0.063007 0.122718
2 0.364046 0.268163 0.057763 0.127218
2 0.417180 0.628818 0.056820 0.095844
2 0.744157 0.110035 0.063043 0.116967
0 0.275821 0.801800 0.080165 0.134435
2 0.948417 0.608243 0.063356 0.115909
2 0.225881 0.155757 0.060339 0.131747
2 0.366820 0.673347 0.059067 0.093256
0 0.266205 0.318692 0.067757 0.098671
2 0.565721 0.194218 0.057381 0.085651
2 0.132139 0.114011 0.052148 0.134041
0 0.044198 0.590182 0.038516 0.089759
0 0.795989 0.059509 0.040441 0.084928
0 0.707358 0.382778 0.090591 0.139668
0 0.851519 0.528795 0.028958 0.051682
0 0.266293 0.393222 0.059189 0.093203
0 0.020364 0.251141 0.040728 0.093300
0 0.106313 0.168593 0.030494 0.047786
2 0.691984 0.672021 0.051171 0.090022
2 0.901027 0.505120 0.040060 0.065408
0 0.013713 0.689971 0.027400 0.127518
0 0.014033 0.566482 0.027945 0.101160
