2 0.814659 0.729499 0.049098 0.083208
2 0.882280 0.902900 0.044157 0.075124
1 0.945841 0.902230 0.044048 0.072104
2 0.734710 0.897812 0.074043 0.119777
2 0.169237 0.271010 0.069810 0.105544
2 0.582812 0.833697 0.082429 0.135480
2 0.814954 0.822738 0.054893 0.087859
0 0.454781 0.362068 0.095249 0.136034
2 0.565212 0.683822 0.045792 0.080082
0 0.073769 0.270417 0.075508 0.132467
2 0.295825 0.547184 0.083518 0.132240
0 0.666553 0.189259 0.046140 0.104134
2 0.644178 0.783742 0.055196 0.083960
2 0.607943 0.178924 0.057318 0.106851
0 0.055915 0.156670 0.059237 0.095534
2 0.972112 0.325343 0.055777 0.154173
0 0.514674 0.634775 0.031528 0.051383
2 0.727256 0.661987 0.071771 0.114081
2 0.664234 0.637456 0.034943 0.075957
0 0.023721 0.042651 0.047293 0.085301
2 0.584703 0.564697 0.045359 0.069143
2 0.243187 0.686592 0.050102 0.101053
