2 0.417090 0.863228 0.045580 0.095719
2 0.910438 0.628681 0.065439 0.084765
2 0.388996 0.947421 0.060965 0.087150
2 0.923798 0.292446 0.088210 0.107516
2 0.803359 0.377193 0.070476 0.096581
0 0.164433 0.244344 0.086118 0.159260
2 0.756022 0.595578 0.080395 0.158942
2 0.228850 0.779634 0.052367 0.093647
2 0.152939 0.607942 0.054601 0.109087
2 0.287759 0.952520 0.055579 0.082903
2 0.270371 0.656013 0.039818 0.087829
0 0.383546 0.203222 0.063794 0.120756
2 0.145710 0.774890 0.084057 0.142055
2 0.342740 0.728703 0.075352 0.129033
0 0.929197 0.755304 0.041570 0.072820
0 0.333890 0.155812 0.061590 0.117587
2 0.339198 0.702430 0.068483 0.099249
2 0.352447 0.865644 0.041662 0.073988
