2 0.534173 0.777784 0.066230 0.151195
2 0.663317 0.485325 0.089301 0.213161
2 0.804226 0.122854 0.073297 0.145680
2 0.555086 0.123799 0.044285 0.088024
0 0.855216 0.868339 0.076319 0.160424
0 0.504510 0.814478 0.032840 0.062257
2 0.197391 0.647281 0.075270 0.152789
0 0.512977 0.380155 0.047425 0.098224
0 0.694412 0.346226 0.034908 0.063359
2 0.844336 0.382205 0.084817 0.188886
2 0.502944 0.526883 0.048441 0.119299
2 0.364498 0.374930 0.084259 0.095589
2 0.513166 0.177066 0.039430 0.165069
2 0.754756 0.470538 0.059546 0.119450
0 0.827521 0.290719 0.035687 0.059002
2 0.476668 0.715250 0.036534 0.137623
0 0.364183 0.781128 0.046807 0.073313
2 0.452660 0.105674 0.051538 0.143721
2 0.354072 0.670184 0.036886 0.060279
