2 0.420733 0.531971 0.074368 0.172218
0 0.875931 0.651201 0.039427 0.058027
0 0.733265 0.919957 0.032906 0.054356
2 0.519604 0.182439 0.064761 0.128504
2 0.683184 0.230681 0.052001 0.116502
0 0.601916 0.824354 0.059963 0.132948
0 0.893589 0.492929 0.026014 0.070933
0 0.438475 0.404534 0.035905 0.057706
2 0.838863 0.555725 0.043309 0.074492
0 0.872903 0.762598 0.039096 0.086572
2 0.566506 0.401935 0.060795 0.154557
2 0.146640 0.494486 0.086616 0.104827
0 0.453494 0.083704 0.027533 0.064334
2 0.508497 0.498100 0.046692 0.109599
2 0.920632 0.946235 0.049815 0.081695
0 0.552244 0.327471 0.028924 0.046400
0 0.275389 0.468685 0.045903 0.088755
2 0.283832 0.607480 0.049417 0.105749
0 0.303603 0.861724 0.031179 0.055602
2 0.271454 0.297260 0.043529 0.131869
2 0.562445 0.961950 0.046692 0.076099
2 0.275879 0.777686 0.040155 0.125290
0 0.478408 0.040034 0.036782 0.068253
0 0.300327 0.226434 0.038133 0.068656
0 0.983453 0.616588 0.032951 0.115797
2 0.322888 0.825914 0.066842 0.136947
2 0.022445 0.782019 0.044891 0.127844
2 0.250996 0.512356 0.047072 0.068725
0 0.857191 0.123018 0.026846 0.058042
2 0.017353 0.371690 0.033999 0.095552
