2 0.843661 0.755026 0.050188 0.083520
2 0.159730 0.708873 0.090704 0.168290
0 0.691198 0.376463 0.086326 0.134846
0 0.896364 0.844419 0.049524 0.078603
0 0.408483 0.823564 0.057564 0.112312
0 0.633119 0.886136 0.038721 0.073453
2 0.175651 0.296889 0.070672 0.132876
0 0.590608 0.470650 0.034246 0.050653
2 0.772044 0.821004 0.038005 0.070774
0 0.610094 0.564825 0.029699 0.075273
0 0.574992 0.327842 0.022091 0.055214
0 0.944901 0.831953 0.036003 0.067275
2 0.935465 0.639002 0.051522 0.101605
2 0.758414 0.935195 0.035253 0.065429
2 0.680866 0.679537 0.041490 0.066875
2 0.898202 0.482258 0.040996 0.077157
2 0.825897 0.381498 0.038583 0.082139
0 0.959331 0.071511 0.030091 0.068105
0 0.247115 0.406831 0.029487 0.052431
0 0.537146 0.797914 0.028039 0.050563
2 0.545787 0.416704 0.030676 0.068014
2 0.271578 0.463196 0.057553 0.123554
2 0.755829 0.434806 0.025227 0.059636
2 0.344357 0.229235 0.051523 0.113021
0 0.981479 0.578421 0.024332 0.043746
0 0.097117 0.180336 0.048356 0.070207
2 0.082001 0.038711 0.050375 0.077422
0 0.838026 0.937833 0.034753 0.066414
0 0.784506 0.963846 0.027885 0.059867
2 0.442050 0.779082 0.028920 0.055619
0 0.658734 0.757428 0.018537 0.043925
2 0.247487 0.605599 0.053069 0.115161
0 0.142439 0.572878 0.042218 0.061043
0 0.934417 0.412900 0.027273 0.049817
