0 0.702492 0.661130 0.047908 0.083153
0 0.200407 0.854485 0.072802 0.120133
0 0.449267 0.813531 0.044782 0.075065
2 0.641135 0.595999 0.047545 0.078359
0 0.642508 0.945161 0.034802 0.056621
2 0.579154 0.692529 0.038707 0.069530
0 0.745949 0.629762 0.033713 0.068368
0 0.864775 0.121063 0.030905 0.058657
0 0.760124 0.375027 0.022763 0.047329
2 0.718951 0.446086 0.056147 0.104203
0 0.385229 0.495719 0.032857 0.074764
0 0.351762 0.408629 0.033616 0.052118
0 0.340533 0.770145 0.034658 0.055560
2 0.863333 0.395673 0.044840 0.075543
2 0.665697 0.308424 0.041099 0.085318
2 0.474184 0.582936 0.040664 0.073214
0 0.442250 0.279072 0.090739 0.146725
0 0.321270 0.269335 0.029200 0.056637
2 0.232133 0.792377 0.032626 0.066592
2 0.038340 0.245549 0.056596 0.114314
2 0.576827 0.806307 0.030989 0.068836
2 0.522664 0.317594 0.026699 0.059471
0 0.766899 0.058575 0.023101 0.042670
0 0.922502 0.732137 0.046251 0.070119
2 0.297745 0.368669 0.034843 0.065688
0 0.789365 0.096904 0.030138 0.059593
0 0.839362 0.748050 0.029086 0.044503
2 0.592643 0.240396 0.031112 0.077339
0 0.606063 0.820058 0.027289 0.070616
0 0.900238 0.843266 0.035648 0.051102
0 0.701545 0.231740 0.030753 0.050997
0 0.902016 0.793711 0.057550 0.083112
0 0.940777 0.276577 0.045304 0.092117
0 0.466083 0.673362 0.019781 0.045907
0 0.655940 0.784180 0.035766 0.072914
0 0.754895 0.314969 0.019971 0.038018
2 0.033831 0.562321 0.065170 0.116442
0 0.879655 0.486023 0.022746 0.039696
0 0.865450 0.446520 0.039354 0.053659
