0 0.187530 0.788093 0.079078 0.128007
2 0.681740 0.573527 0.051846 0.084445
0 0.371115 0.322436 0.035206 0.055431
0 0.748791 0.654218 0.052920 0.090106
2 0.609744 0.669090 0.041787 0.080065
0 0.476350 0.192927 0.095695 0.157031
0 0.343602 0.715159 0.037652 0.059311
2 0.041168 0.107334 0.062650 0.125627
2 0.937506 0.385828 0.047777 0.081705
0 0.459514 0.782037 0.050087 0.083547
0 0.403290 0.421798 0.034598 0.085282
2 0.720989 0.260132 0.044282 0.094615
0 0.799035 0.625838 0.036268 0.076436
2 0.314024 0.273615 0.037315 0.074998
2 0.498737 0.533740 0.044591 0.078007
0 0.822150 0.350376 0.024922 0.050052
2 0.601990 0.795717 0.033616 0.072715
2 0.641290 0.179234 0.035972 0.084106
2 0.775874 0.423043 0.057040 0.121747
2 0.031570 0.455332 0.061904 0.108337
0 0.484604 0.630935 0.022561 0.048658
0 0.668423 0.958369 0.038191 0.060238
0 0.763535 0.187263 0.030952 0.053375
2 0.561482 0.245948 0.026799 0.072675
0 0.963626 0.889324 0.038117 0.059817
2 0.223897 0.722741 0.034313 0.070543
0 0.941193 0.108415 0.028577 0.060573
0 0.344150 0.169317 0.031888 0.064134
0 0.633568 0.814452 0.029404 0.074965
0 0.691547 0.780142 0.041277 0.084100
0 0.938527 0.444052 0.042413 0.062083
0 0.991099 0.273225 0.017801 0.061479
0 0.977819 0.839937 0.038487 0.073060
0 0.953473 0.489174 0.024260 0.045021
2 0.836301 0.837700 0.023800 0.040603
0 0.899502 0.773392 0.031482 0.049940
2 0.205987 0.965252 0.055851 0.069495
0 0.832989 0.037976 0.024339 0.047455
