0 0.474345 0.167605 0.095240 0.169227
0 0.696254 0.748262 0.058410 0.097331
2 0.636950 0.634084 0.051929 0.091568
0 0.121463 0.646070 0.073580 0.135154
0 0.346463 0.257463 0.038219 0.058673
0 0.376109 0.747398 0.053449 0.082586
0 0.752549 0.736392 0.040422 0.078419
0 0.833470 0.466873 0.029795 0.054540
0 0.953431 0.615465 0.044128 0.063908
2 0.303323 0.189623 0.039911 0.072107
0 0.272687 0.633199 0.040216 0.057953
2 0.517173 0.817343 0.035003 0.061117
0 0.366870 0.366213 0.032656 0.090017
2 0.765562 0.517450 0.057883 0.125707
2 0.114431 0.829435 0.051849 0.096620
0 0.936451 0.174162 0.044193 0.092122
2 0.545850 0.696561 0.036394 0.082734
0 0.613398 0.853643 0.044026 0.088969
2 0.729172 0.328213 0.043550 0.092028
2 0.958676 0.548379 0.042498 0.084714
2 0.661513 0.224509 0.041241 0.096676
2 0.450029 0.519622 0.053546 0.092941
0 0.347092 0.098296 0.031033 0.065240
2 0.027634 0.272482 0.055269 0.094531
0 0.849692 0.944115 0.035021 0.054103
2 0.160741 0.592778 0.034170 0.069033
2 0.557504 0.255188 0.030136 0.065630
0 0.790188 0.272970 0.032867 0.063191
0 0.542624 0.868152 0.027915 0.063153
0 0.428713 0.610827 0.025616 0.048208
0 0.711689 0.294529 0.027348 0.066682
0 0.958365 0.669646 0.029155 0.048866
