0 0.537212 0.553237 0.059314 0.101172
2 0.585331 0.127544 0.052765 0.113240
0 0.817689 0.816683 0.060769 0.099904
0 0.597646 0.543479 0.044819 0.084487
2 0.480250 0.442936 0.054340 0.093873
0 0.197433 0.540109 0.061100 0.086690
0 0.092384 0.422991 0.045183 0.069048
0 0.702715 0.290153 0.030642 0.060909
2 0.345371 0.616827 0.040799 0.072436
2 0.606664 0.793408 0.030575 0.058973
0 0.401556 0.837194 0.048717 0.082616
2 0.831037 0.371938 0.040853 0.091881
2 0.380828 0.495362 0.041511 0.084528
1 0.639797 0.768062 0.069739 0.110454
0 0.820722 0.442021 0.041562 0.067604
0 0.700600 0.767279 0.036262 0.051677
2 0.619785 0.324054 0.059256 0.132510
0 0.854164 0.048754 0.040810 0.065409
2 0.178471 0.879051 0.067963 0.124803
0 0.192558 0.137481 0.035175 0.097920
0 0.757324 0.931855 0.040343 0.067220
0 0.785115 0.886926 0.048418 0.089636
2 0.283373 0.314810 0.065570 0.114466
2 0.527907 0.053663 0.045897 0.107326
2 0.833311 0.753360 0.036927 0.062009
0 0.444284 0.659353 0.042532 0.099747
0 0.762783 0.833442 0.047165 0.069380
0 0.173927 0.031859 0.047342 0.060522
0 0.981433 0.325035 0.036423 0.139240
1 0.398734 0.152849 0.051272 0.088289
0 0.369552 0.653770 0.028591 0.070496
0 0.825674 0.493832 0.029055 0.045732
2 0.362963 0.406253 0.033112 0.067852
2 0.026406 0.934781 0.051812 0.117771
