0 0.500971 0.190416 0.057409 0.122373
2 0.640971 0.718219 0.041244 0.073765
0 0.100211 0.420963 0.078395 0.149433
0 0.503753 0.710131 0.036336 0.072993
0 0.544936 0.644141 0.046358 0.075807
2 0.665933 0.125239 0.063368 0.150532
1 0.484745 0.450980 0.060168 0.105723
0 0.541095 0.236701 0.044728 0.098286
0 0.404691 0.159552 0.054411 0.137574
0 0.759895 0.225081 0.033873 0.085100
0 0.535234 0.542146 0.037134 0.052392
0 0.784321 0.493409 0.058008 0.109255
2 0.836514 0.466785 0.062465 0.123858
0 0.260577 0.890903 0.053242 0.102508
0 0.590788 0.716079 0.057909 0.120361
0 0.328680 0.245510 0.045774 0.114880
0 0.796429 0.035689 0.036529 0.071378
0 0.536482 0.803443 0.040143 0.086938
2 0.509799 0.050156 0.048931 0.093177
0 0.545663 0.729506 0.051805 0.101452
0 0.214070 0.066290 0.049697 0.112726
0 0.813815 0.217482 0.031823 0.052920
2 0.363151 0.047203 0.046825 0.088407
0 0.584627 0.645966 0.030938 0.043920
0 0.400778 0.636585 0.046461 0.101201
0 0.491202 0.605293 0.024530 0.055258
