2 0.704868 0.479139 0.064682 0.140710
0 0.382973 0.192548 0.056862 0.119721
0 0.915110 0.551448 0.048673 0.125563
1 0.364659 0.451097 0.057838 0.102472
1 0.923727 0.301044 0.049857 0.080674
0 0.936490 0.749134 0.076791 0.165045
0 0.290301 0.159864 0.059933 0.135837
0 0.414940 0.647220 0.045413 0.074095
0 0.460892 0.726959 0.062166 0.117257
0 0.640178 0.235454 0.035270 0.089146
0 0.653676 0.499981 0.061589 0.107603
0 0.417970 0.246219 0.048973 0.095335
0 0.683023 0.042737 0.038173 0.080993
2 0.512785 0.723818 0.041687 0.074252
2 0.544325 0.133696 0.068187 0.145267
0 0.412482 0.545236 0.041368 0.055217
0 0.219400 0.246287 0.044523 0.108551
0 0.018010 0.426221 0.036020 0.135826
0 0.137065 0.892508 0.053413 0.102495
2 0.397138 0.046560 0.053083 0.093120
0 0.401656 0.808089 0.040537 0.087756
0 0.376083 0.716703 0.035307 0.076281
2 0.111961 0.065325 0.049812 0.118479
2 0.282641 0.646037 0.055967 0.120034
0 0.408039 0.733794 0.054436 0.105614
2 0.253819 0.045632 0.047006 0.086296
