2 0.330751 0.847382 0.102641 0.197244
0 0.872787 0.698622 0.066315 0.111286
0 0.243995 0.208492 0.040297 0.063427
0 0.847046 0.432239 0.059873 0.103296
2 0.489691 0.281333 0.061777 0.120308
0 0.953698 0.567803 0.039209 0.092482
0 0.243083 0.362087 0.057137 0.113664
2 0.921558 0.636563 0.037589 0.062430
0 0.976700 0.633789 0.044273 0.078459
1 0.760745 0.283080 0.048759 0.075022
0 0.668198 0.468631 0.042854 0.083790
0 0.430889 0.272227 0.068611 0.092299
0 0.730380 0.815666 0.056775 0.108868
2 0.959859 0.722846 0.046031 0.072085
2 0.284723 0.391864 0.039689 0.070325
0 0.218139 0.276029 0.044114 0.059549
0 0.193771 0.345869 0.060031 0.130502
0 0.652669 0.636830 0.062097 0.152730
2 0.880226 0.789148 0.042053 0.067942
0 0.482490 0.048956 0.037417 0.083564
