0 0.717984 0.638216 0.047850 0.100650
0 0.294200 0.374107 0.082948 0.129474
0 0.537002 0.592974 0.062873 0.110961
0 0.693850 0.559015 0.043600 0.109557
0 0.337446 0.586364 0.057548 0.115269
0 0.957922 0.774424 0.078369 0.103190
2 0.027296 0.429870 0.052933 0.153701
1 0.508113 0.146093 0.058200 0.097457
0 0.618565 0.574271 0.040226 0.058650
0 0.666593 0.694369 0.043061 0.051061
0 0.192325 0.946652 0.059466 0.076281
0 0.362965 0.237583 0.072348 0.108596
1 0.547347 0.292767 0.037402 0.074258
1 0.968190 0.393580 0.063417 0.151038
0 0.575200 0.343643 0.036706 0.062382
2 0.456781 0.364700 0.028851 0.057293
2 0.979856 0.480991 0.040208 0.087232
