1 0.963012 0.259942 0.073976 0.144851
0 0.933450 0.625208 0.076714 0.098611
0 0.706386 0.497189 0.045217 0.097205
1 0.587702 0.957612 0.052314 0.069035
0 0.656100 0.542130 0.038197 0.041512
0 0.611543 0.426508 0.037399 0.054858
0 0.535279 0.435801 0.061878 0.105571
0 0.683047 0.422184 0.043746 0.112787
0 0.387539 0.860308 0.052553 0.075081
0 0.307243 0.221082 0.078463 0.132373
1 0.544720 0.153008 0.036828 0.070071
0 0.212663 0.759250 0.056283 0.074359
0 0.347792 0.416386 0.055876 0.110809
0 0.413026 0.807210 0.031860 0.098250
2 0.040476 0.281432 0.078831 0.148315
0 0.570925 0.203267 0.033870 0.056183
0 0.146495 0.947445 0.025739 0.049796
0 0.366362 0.096911 0.059588 0.094921
0 0.011665 0.432702 0.023331 0.117437
1 0.515509 0.040001 0.037439 0.056218
