1 0.612335 0.842900 0.044228 0.072800
0 0.293697 0.852245 0.054749 0.081647
0 0.128896 0.766293 0.028352 0.056627
0 0.932167 0.475471 0.077988 0.106888
0 0.701026 0.347643 0.048407 0.104734
0 0.343272 0.204890 0.058750 0.121966
0 0.605761 0.255307 0.040966 0.061895
0 0.529895 0.249861 0.067275 0.115539
0 0.378283 0.658961 0.053114 0.075344
0 0.650985 0.379280 0.040434 0.040426
0 0.404868 0.606378 0.029228 0.085936
0 0.200698 0.564437 0.056634 0.075299
0 0.676443 0.270983 0.048822 0.122885
1 0.953975 0.116204 0.073186 0.130550
1 0.584506 0.800561 0.053281 0.073185
0 0.198823 0.955345 0.026974 0.044998
2 0.960147 0.220249 0.061880 0.115858
0 0.308027 0.051513 0.075717 0.088349
0 0.556530 0.032444 0.052177 0.058874
0 0.009838 0.256038 0.019501 0.104396
