0 0.400076 0.505587 0.050197 0.070620
0 0.322064 0.683722 0.052903 0.077785
1 0.615301 0.683737 0.043498 0.060901
0 0.700268 0.237343 0.047798 0.100150
0 0.364727 0.082145 0.056255 0.114949
0 0.423750 0.454415 0.029108 0.080373
0 0.167911 0.608994 0.026228 0.054130
0 0.915702 0.358588 0.075643 0.104108
0 0.044924 0.142662 0.048300 0.086679
0 0.538185 0.132992 0.071541 0.119592
0 0.432245 0.844991 0.063773 0.083498
1 0.590019 0.649831 0.046204 0.060141
0 0.234142 0.420369 0.054253 0.071949
0 0.609268 0.144214 0.042463 0.057715
0 0.234859 0.781196 0.026841 0.046418
0 0.676170 0.164273 0.047150 0.117186
0 0.652960 0.262049 0.041308 0.041862
1 0.935155 0.049947 0.068053 0.079382
0 0.408416 0.976314 0.035950 0.047373
