1 0.708353 0.586271 0.041576 0.063063
0 0.395304 0.588134 0.056765 0.085282
0 0.515104 0.761580 0.066960 0.089249
0 0.781337 0.119803 0.050490 0.108350
0 0.476666 0.395092 0.054560 0.072744
0 0.226134 0.513286 0.029522 0.057752
0 0.735629 0.139146 0.041168 0.043418
1 0.673865 0.557729 0.050954 0.066607
0 0.295984 0.307979 0.059156 0.076538
0 0.494012 0.916664 0.045341 0.081970
0 0.301494 0.697121 0.030351 0.051176
0 0.500272 0.343207 0.028068 0.088016
1 0.240431 0.956169 0.061955 0.087661
0 0.756513 0.052601 0.049119 0.105203
0 0.081662 0.035239 0.043988 0.070478
0 0.688370 0.021967 0.044036 0.043933
0 0.617912 0.037613 0.062788 0.075225
0 0.983138 0.274742 0.032960 0.088943
