0 0.472751 0.592600 0.058131 0.086385
1 0.781530 0.586669 0.044761 0.063651
0 0.553160 0.396636 0.057114 0.073616
0 0.591706 0.764633 0.067830 0.094094
0 0.300721 0.518208 0.031301 0.057078
0 0.378805 0.700183 0.030369 0.050494
1 0.324538 0.960045 0.063818 0.079911
0 0.799761 0.137253 0.039277 0.040167
0 0.575372 0.345947 0.029425 0.089851
0 0.843088 0.114778 0.053856 0.105994
0 0.369693 0.313952 0.059109 0.075313
1 0.745545 0.558785 0.052723 0.071532
0 0.576009 0.922413 0.044594 0.081376
0 0.819356 0.050273 0.050617 0.100545
0 0.148175 0.036605 0.043813 0.073210
0 0.687977 0.038395 0.064164 0.076790
0 0.754430 0.020382 0.042514 0.040764
