0 0.546325 0.586424 0.057663 0.085380
1 0.844383 0.544017 0.045541 0.058103
0 0.619693 0.383488 0.055599 0.078257
0 0.427412 0.324449 0.055445 0.075382
0 0.669615 0.744933 0.067422 0.094204
0 0.184397 0.052692 0.048486 0.092994
0 0.366836 0.535300 0.030488 0.058991
0 0.872835 0.075959 0.054836 0.108037
0 0.638634 0.325642 0.028973 0.082858
1 0.803051 0.522716 0.054373 0.070826
0 0.666123 0.907076 0.040812 0.081016
0 0.030611 0.953685 0.061223 0.092629
0 0.456172 0.710532 0.032469 0.053165
1 0.417478 0.967064 0.063423 0.065872
0 0.833583 0.105021 0.039567 0.041131
0 0.845983 0.034041 0.047189 0.068081
