2 0.304930 0.178065 0.066399 0.190713
0 0.145693 0.852048 0.064794 0.118193
0 0.709878 0.688585 0.094775 0.175815
0 0.696206 0.454118 0.064468 0.108140
0 0.106016 0.602893 0.054152 0.089503
1 0.147863 0.281534 0.054711 0.111436
0 0.511647 0.175765 0.059670 0.103592
2 0.942273 0.258163 0.064937 0.172875
0 0.765906 0.609155 0.046390 0.077740
2 0.938733 0.933599 0.105774 0.132801
2 0.368846 0.686641 0.051949 0.126780
0 0.661515 0.104436 0.037368 0.049245
0 0.674612 0.807604 0.064620 0.100352
2 0.860197 0.261966 0.044621 0.085054
