0 0.456822 0.202562 0.073740 0.157251
2 0.343608 0.639934 0.046284 0.079249
0 0.688089 0.208874 0.035289 0.059087
0 0.299860 0.100902 0.034556 0.069227
0 0.741150 0.291902 0.039839 0.067225
0 0.348318 0.729283 0.053435 0.079312
0 0.290261 0.853967 0.030119 0.052299
0 0.890844 0.607647 0.059746 0.083381
0 0.255372 0.863994 0.031357 0.056723
0 0.504367 0.854787 0.038967 0.080968
0 0.229776 0.761641 0.054008 0.082673
0 0.547988 0.081852 0.047393 0.104135
1 0.707297 0.259373 0.036265 0.073333
0 0.233096 0.425542 0.033786 0.052042
0 0.726647 0.754928 0.065294 0.093047
0 0.201798 0.888085 0.028183 0.051609
0 0.764340 0.833025 0.094500 0.081406
0 0.740486 0.754370 0.082006 0.087366
0 0.280340 0.984257 0.025359 0.031486
0 0.490786 0.153477 0.031792 0.084682
