2 0.485011 0.472293 0.036226 0.078946
1 0.441410 0.482379 0.069001 0.112963
0 0.341175 0.195446 0.045468 0.072376
2 0.486444 0.737618 0.055928 0.104720
0 0.877578 0.914025 0.038434 0.070816
2 0.418174 0.111806 0.075247 0.147974
2 0.257728 0.056374 0.057567 0.079734
2 0.488160 0.616010 0.039113 0.117743
2 0.363403 0.396086 0.037055 0.103659
2 0.534865 0.728008 0.033170 0.080286
2 0.827497 0.941401 0.057230 0.104592
2 0.529773 0.653584 0.033469 0.079209
2 0.448905 0.670668 0.053065 0.117501
0 0.222755 0.905720 0.078170 0.139360
2 0.222237 0.905723 0.074226 0.139723
2 0.075353 0.218409 0.045328 0.100648
0 0.980794 0.328075 0.038413 0.106403
