2 0.494823 0.470397 0.038877 0.069279
0 0.129151 0.587674 0.053238 0.121750
0 0.965871 0.688281 0.050157 0.072965
2 0.634311 0.516588 0.071277 0.137372
2 0.630183 0.341345 0.074360 0.139027
2 0.918909 0.519323 0.038264 0.066166
2 0.210685 0.864084 0.056169 0.096740
1 0.953451 0.115801 0.042473 0.069009
2 0.960677 0.473529 0.043736 0.086163
2 0.047367 0.907938 0.055796 0.091278
2 0.731567 0.560128 0.034054 0.081393
2 0.937004 0.729984 0.039617 0.079535
2 0.877044 0.159324 0.045486 0.120294
1 0.149451 0.194086 0.059161 0.116313
2 0.620277 0.092218 0.057804 0.144498
0 0.136382 0.962150 0.083575 0.075700
1 0.459334 0.512926 0.047349 0.078566
