2 0.752601 0.517537 0.070094 0.133855
2 0.327287 0.862234 0.053040 0.096038
0 0.240859 0.585608 0.052684 0.129133
2 0.747782 0.339545 0.077673 0.140714
2 0.606141 0.467325 0.040442 0.070696
0 0.053270 0.269682 0.046590 0.073901
2 0.847673 0.561207 0.037297 0.081460
2 0.158154 0.908759 0.056490 0.089030
0 0.255418 0.961033 0.078236 0.077935
2 0.985281 0.147591 0.029438 0.128400
0 0.050513 0.597491 0.056657 0.091836
1 0.248466 0.192958 0.062492 0.121441
2 0.651535 0.695090 0.032166 0.079275
2 0.736659 0.085519 0.057726 0.133854
