2 0.452890 0.768070 0.054179 0.092305
1 0.350141 0.097817 0.067717 0.123065
2 0.880220 0.428203 0.072093 0.145937
0 0.383533 0.881533 0.069706 0.118157
0 0.147804 0.175791 0.048013 0.074223
2 0.280132 0.810858 0.051796 0.080696
0 0.156962 0.507921 0.058241 0.092243
0 0.359136 0.493814 0.053332 0.131385
2 0.880480 0.239619 0.080982 0.140309
2 0.731128 0.375897 0.040651 0.069698
2 0.972604 0.470870 0.041986 0.082058
2 0.227527 0.947173 0.079112 0.096643
0 0.021323 0.141528 0.042646 0.128120
0 0.022811 0.037931 0.045406 0.053021
2 0.772755 0.608397 0.033445 0.082389
