1 0.540975 0.624278 0.038902 0.069965
2 0.529789 0.375173 0.044234 0.098245
0 0.632070 0.758248 0.046144 0.090165
2 0.081149 0.247554 0.035755 0.061977
0 0.745468 0.660813 0.035169 0.077323
0 0.459090 0.070419 0.081144 0.137748
1 0.065233 0.317326 0.055095 0.113116
2 0.224379 0.393539 0.035815 0.054654
2 0.610646 0.174243 0.055277 0.131437
0 0.450618 0.192636 0.062005 0.113030
2 0.337125 0.352080 0.037981 0.078885
0 0.705038 0.500667 0.033866 0.098732
2 0.532256 0.288360 0.031434 0.076820
0 0.335183 0.210382 0.057590 0.110267
1 0.521459 0.511896 0.037372 0.063188
0 0.512546 0.233108 0.032140 0.051046
2 0.572085 0.494522 0.026133 0.056967
2 0.661134 0.619527 0.027318 0.090002
0 0.174139 0.676051 0.139651 0.179955
1 0.172481 0.054024 0.065921 0.108048
2 0.624719 0.484947 0.030474 0.072030
2 0.020660 0.487315 0.041320 0.103039
2 0.594097 0.552750 0.023098 0.058055
2 0.735739 0.136127 0.035150 0.122711
2 0.489295 0.334463 0.034464 0.106354
2 0.078999 0.139669 0.047317 0.105709
1 0.386924 0.035517 0.053691 0.071034
2 0.191854 0.424816 0.046228 0.092341
2 0.769054 0.257285 0.024915 0.080229
2 0.494861 0.322044 0.037392 0.108395
