2 0.585143 0.302408 0.031655 0.076305
0 0.691299 0.773657 0.048438 0.091676
0 0.389742 0.230883 0.056030 0.107298
0 0.513102 0.082271 0.081469 0.142562
0 0.763593 0.513232 0.034966 0.095408
2 0.245695 0.448121 0.045202 0.085160
2 0.664971 0.186075 0.056057 0.133850
2 0.585435 0.391700 0.044180 0.102048
1 0.599899 0.641993 0.039330 0.072093
0 0.804783 0.672368 0.039466 0.079069
2 0.059363 0.513245 0.069022 0.102588
1 0.577567 0.531154 0.035373 0.062510
2 0.132534 0.274371 0.034524 0.061557
1 0.438185 0.044371 0.058832 0.088742
2 0.786239 0.145053 0.037680 0.131347
2 0.279109 0.417803 0.040530 0.056827
0 0.567349 0.252182 0.029998 0.055415
2 0.390473 0.371112 0.039843 0.074396
2 0.626171 0.506787 0.024958 0.057179
1 0.119960 0.347212 0.054709 0.112736
0 0.233449 0.705890 0.143475 0.193286
2 0.723042 0.637938 0.034954 0.097440
0 0.503833 0.208125 0.062442 0.115652
2 0.822893 0.270975 0.029265 0.088917
2 0.542998 0.358969 0.034256 0.096678
1 0.221374 0.060656 0.070007 0.117601
2 0.126346 0.164147 0.044462 0.103958
2 0.651632 0.565401 0.025432 0.052689
2 0.682241 0.499274 0.034997 0.070241
2 0.890512 0.665808 0.025131 0.060023
2 0.733845 0.563339 0.018240 0.069347
