2 0.955069 0.321252 0.055286 0.120243
1 0.724618 0.160585 0.061350 0.108898
0 0.695070 0.378964 0.059617 0.110324
2 0.584995 0.568990 0.038929 0.055623
2 0.435065 0.426581 0.036439 0.058610
0 0.028232 0.354869 0.054826 0.081893
1 0.897414 0.769021 0.043308 0.071827
2 0.545599 0.586196 0.035145 0.057158
2 0.366065 0.661847 0.053230 0.094191
1 0.434372 0.501235 0.042386 0.099232
1 0.864604 0.658035 0.030761 0.061541
0 0.549097 0.847086 0.145463 0.205914
2 0.680620 0.501293 0.034952 0.062627
0 0.977833 0.892863 0.043478 0.082002
0 0.809013 0.227443 0.076834 0.131250
2 0.873631 0.434051 0.039499 0.071066
0 0.802137 0.348937 0.059039 0.110144
0 0.862855 0.387705 0.028113 0.045106
1 0.528571 0.202268 0.063137 0.114605
2 0.843601 0.485929 0.037429 0.090018
2 0.882653 0.520760 0.046378 0.098009
2 0.432353 0.322718 0.031332 0.082236
2 0.972798 0.624421 0.040835 0.058139
