0 0.801982 0.922618 0.144407 0.154763
1 0.801237 0.289874 0.068629 0.127285
0 0.276863 0.394483 0.055760 0.080508
2 0.603281 0.733268 0.045955 0.083435
1 0.687426 0.575971 0.042586 0.098779
1 0.981374 0.255532 0.037253 0.115876
0 0.968047 0.480080 0.063905 0.118930
2 0.839658 0.665282 0.048969 0.060936
2 0.934521 0.602149 0.039901 0.066023
2 0.120210 0.179290 0.055087 0.154800
2 0.802594 0.676416 0.034849 0.053756
0 0.015519 0.559882 0.030649 0.123735
2 0.680856 0.502818 0.047862 0.060662
2 0.013348 0.677776 0.026696 0.070225
