0 0.428759 0.381603 0.054756 0.081436
2 0.725330 0.817489 0.045676 0.075173
1 0.835182 0.687736 0.043526 0.093496
2 0.298171 0.131912 0.049960 0.143840
2 0.022244 0.080815 0.041966 0.089387
2 0.160820 0.578623 0.030233 0.064220
2 0.045720 0.321334 0.056006 0.099790
1 0.119197 0.224529 0.082686 0.186833
0 0.165872 0.467067 0.050786 0.138267
0 0.068164 0.094704 0.033198 0.076894
2 0.063346 0.409857 0.097954 0.105076
2 0.021373 0.529683 0.042746 0.088996
2 0.222635 0.709149 0.039661 0.082527
2 0.075484 0.513947 0.099558 0.129814
1 0.975276 0.432815 0.049033 0.133631
2 0.011984 0.219606 0.023561 0.077529
2 0.837869 0.605701 0.042020 0.058370
2 0.848146 0.498256 0.045552 0.069580
2 0.830353 0.607165 0.053147 0.062496
2 0.958760 0.492300 0.050855 0.092865
2 0.980695 0.831199 0.038610 0.059755
