2 0.349235 0.561631 0.084652 0.113683
2 0.338652 0.463101 0.081025 0.089505
0 0.671528 0.483351 0.056864 0.089727
1 0.401130 0.296351 0.064297 0.169993
2 0.295537 0.252200 0.056731 0.105721
0 0.211967 0.135669 0.037987 0.076387
1 0.162420 0.372552 0.047664 0.089418
2 0.292244 0.560906 0.042392 0.084445
0 0.234453 0.473703 0.030808 0.050792
2 0.201733 0.218021 0.031642 0.075580
2 0.559500 0.225216 0.042330 0.132455
2 0.265158 0.717703 0.078303 0.113999
2 0.418475 0.638930 0.029377 0.073676
2 0.333191 0.373944 0.047642 0.088532
2 0.147839 0.108818 0.030254 0.070399
2 0.235525 0.208862 0.033995 0.067975
0 0.426440 0.529415 0.042499 0.130425
0 0.360786 0.165303 0.028360 0.074785
2 0.316176 0.137370 0.037119 0.075640
0 0.223631 0.044380 0.030730 0.067935
0 0.438217 0.034356 0.033032 0.068712
2 0.257939 0.632910 0.050157 0.080637
1 0.256645 0.106065 0.052288 0.091154
2 0.452304 0.759670 0.038857 0.082795
