2 0.556688 0.506085 0.074582 0.163680
1 0.632817 0.418722 0.054487 0.164123
1 0.474797 0.790119 0.056104 0.088753
2 0.341928 0.595620 0.036664 0.090882
0 0.293561 0.134167 0.072316 0.172719
0 0.425964 0.524034 0.032335 0.067502
0 0.826979 0.294738 0.052528 0.069543
2 0.745966 0.665001 0.032818 0.074575
0 0.719653 0.575791 0.060227 0.104316
0 0.363534 0.365505 0.059461 0.088520
0 0.555137 0.373957 0.028645 0.089739
0 0.378076 0.441280 0.042602 0.084428
2 0.664088 0.755808 0.031176 0.077525
2 0.453738 0.599301 0.032181 0.075415
2 0.658272 0.612376 0.074555 0.103189
2 0.687249 0.911034 0.070143 0.095034
0 0.618696 0.038377 0.032522 0.076754
0 0.572329 0.778791 0.035835 0.073266
0 0.532853 0.165935 0.037048 0.108506
1 0.264359 0.307215 0.065042 0.158737
2 0.626690 0.561874 0.046254 0.101273
2 0.508311 0.397323 0.035232 0.072865
2 0.783261 0.728291 0.036256 0.095243
2 0.666567 0.849114 0.040333 0.075412
1 0.437968 0.454786 0.070053 0.083887
2 0.577443 0.677590 0.023966 0.052249
2 0.490364 0.553124 0.024351 0.073789
1 0.151514 0.075795 0.045208 0.120069
2 0.673536 0.208983 0.026224 0.128031
2 0.703095 0.673883 0.046659 0.087312
0 0.469098 0.545295 0.031059 0.070379
2 0.702215 0.689855 0.054078 0.116682
