0 0.441806 0.127094 0.065160 0.171690
1 0.593848 0.795347 0.057018 0.084383
0 0.557468 0.520790 0.033332 0.065807
2 0.755220 0.588817 0.051456 0.094174
0 0.843487 0.611656 0.061433 0.108256
1 0.762377 0.441428 0.054970 0.167862
2 0.472091 0.583538 0.035484 0.092496
2 0.692661 0.523484 0.071978 0.152802
2 0.804180 0.947417 0.070868 0.091735
0 0.499434 0.360079 0.056834 0.084921
0 0.671491 0.175328 0.037251 0.103884
2 0.787238 0.786331 0.026706 0.069599
0 0.687851 0.389872 0.027529 0.090730
2 0.785191 0.881504 0.037074 0.073150
0 0.690086 0.798982 0.040894 0.064977
2 0.895010 0.774131 0.033884 0.096175
1 0.405742 0.295020 0.059817 0.156318
2 0.584289 0.604084 0.031071 0.071950
0 0.956355 0.340738 0.058277 0.072467
0 0.760519 0.044948 0.033677 0.089896
0 0.510879 0.437507 0.044165 0.087982
2 0.641062 0.408105 0.036023 0.077090
2 0.783448 0.648558 0.071410 0.090404
1 0.017174 0.167589 0.034347 0.067959
1 0.306872 0.064957 0.042331 0.114296
2 0.030826 0.292204 0.035246 0.096657
0 0.037959 0.122598 0.056872 0.086972
2 0.621261 0.561934 0.024965 0.073257
2 0.864868 0.704464 0.038547 0.072266
2 0.804514 0.234441 0.028638 0.137714
1 0.569384 0.454894 0.071351 0.081154
2 0.702616 0.698685 0.022524 0.053764
