2 0.797128 0.534332 0.072572 0.155713
0 0.549280 0.142498 0.062449 0.163895
1 0.699847 0.806270 0.060396 0.086294
1 0.511914 0.310980 0.058845 0.152121
0 0.663738 0.532510 0.034174 0.063686
0 0.768368 0.187148 0.038919 0.097082
0 0.788107 0.399800 0.026671 0.083918
2 0.577331 0.597015 0.034972 0.092431
1 0.860865 0.450472 0.053971 0.170016
0 0.789964 0.811978 0.042922 0.065269
2 0.887148 0.891656 0.037834 0.069622
2 0.742954 0.422580 0.038603 0.079338
1 0.113541 0.181730 0.037917 0.067460
0 0.936869 0.621366 0.057899 0.105199
0 0.854837 0.052469 0.031852 0.087294
0 0.615780 0.451298 0.042544 0.080725
1 0.414149 0.073985 0.036755 0.103849
0 0.604028 0.374878 0.054340 0.081967
2 0.903197 0.952239 0.070136 0.088552
2 0.855580 0.604078 0.054929 0.103272
1 0.673051 0.467495 0.069262 0.079587
0 0.138600 0.139286 0.058204 0.083925
2 0.979981 0.778838 0.034052 0.091617
2 0.883864 0.658092 0.068670 0.089623
2 0.134613 0.306330 0.033614 0.094795
2 0.890925 0.794424 0.024876 0.064665
2 0.894927 0.247371 0.028523 0.141064
2 0.948605 0.715337 0.056055 0.075605
2 0.692467 0.617885 0.033419 0.070382
2 0.726197 0.580135 0.032524 0.073548
2 0.805487 0.711133 0.020476 0.051948
