1 0.542830 0.633780 0.056157 0.142114
0 0.580260 0.475160 0.054219 0.149787
1 0.335426 0.222289 0.038644 0.079007
2 0.826134 0.864551 0.076570 0.161039
0 0.879686 0.342808 0.031975 0.086027
2 0.201801 0.266157 0.035123 0.082183
1 0.043958 0.277949 0.050741 0.109963
0 0.696183 0.868112 0.035808 0.061603
2 0.609919 0.926321 0.039333 0.097360
0 0.816300 0.719232 0.028181 0.085068
0 0.795516 0.492383 0.036196 0.092481
0 0.319189 0.130125 0.071656 0.121233
2 0.166430 0.602569 0.035571 0.096234
0 0.174002 0.432341 0.056420 0.084432
1 0.884846 0.756436 0.051788 0.166550
2 0.325904 0.325426 0.052688 0.075454
1 0.558642 0.145133 0.046611 0.077034
2 0.238037 0.163612 0.035360 0.090888
2 0.833650 0.129764 0.035544 0.104899
2 0.772539 0.740984 0.039418 0.070762
1 0.149168 0.468990 0.037418 0.060557
0 0.636295 0.698004 0.054947 0.080595
0 0.647918 0.773248 0.041595 0.078615
2 0.886147 0.917289 0.050568 0.098764
1 0.449960 0.403838 0.031426 0.093171
1 0.527223 0.272689 0.044136 0.087613
2 0.753199 0.069216 0.045321 0.124609
0 0.960026 0.917538 0.054338 0.100148
2 0.745804 0.902954 0.052061 0.093524
1 0.702354 0.784005 0.070981 0.084139
2 0.724284 0.950907 0.032346 0.068534
2 0.918288 0.526500 0.026704 0.119862
2 0.025763 0.220235 0.021848 0.044497
2 0.910599 0.961953 0.068787 0.076094
1 0.292488 0.035108 0.043592 0.070216
0 0.028547 0.400011 0.028103 0.049301
