1 0.542017 0.627753 0.052089 0.125364
0 0.577400 0.486189 0.052124 0.135796
1 0.064165 0.282040 0.048821 0.106367
1 0.343860 0.233976 0.039336 0.073271
2 0.798503 0.835726 0.069479 0.149804
0 0.923526 0.876643 0.050089 0.089018
2 0.337235 0.335135 0.050137 0.068588
0 0.192287 0.429473 0.055901 0.087086
0 0.329500 0.141491 0.068436 0.116619
1 0.169481 0.461830 0.033479 0.055634
2 0.601732 0.890691 0.035276 0.088707
0 0.679887 0.843663 0.033237 0.057438
0 0.863222 0.347913 0.032693 0.085189
1 0.858520 0.736733 0.048728 0.155059
1 0.527578 0.286632 0.039898 0.081271
0 0.779852 0.491461 0.034966 0.084183
2 0.216600 0.271997 0.033689 0.078235
0 0.794419 0.702024 0.026449 0.075727
2 0.747254 0.083758 0.045745 0.118014
2 0.753544 0.724240 0.034411 0.063964
0 0.637605 0.757244 0.039213 0.071599
2 0.190557 0.588143 0.034872 0.089923
2 0.250113 0.176117 0.031473 0.084190
0 0.627691 0.689065 0.049113 0.072414
2 0.825321 0.138784 0.033949 0.094844
1 0.687342 0.768348 0.062418 0.076662
2 0.046003 0.223916 0.020112 0.045851
2 0.872179 0.934241 0.071221 0.100350
1 0.558689 0.163221 0.041706 0.075175
1 0.455229 0.422410 0.030694 0.087485
2 0.725438 0.871685 0.047790 0.086920
1 0.399331 0.154297 0.036973 0.062942
2 0.895398 0.517193 0.026338 0.102551
2 0.704541 0.916082 0.029049 0.060811
2 0.855022 0.890735 0.044724 0.094661
2 0.943457 0.961282 0.054866 0.074513
0 0.299696 0.036960 0.045695 0.073920
0 0.055305 0.400297 0.025305 0.045685
