1 0.553078 0.754503 0.051484 0.116992
1 0.348466 0.343562 0.039439 0.073238
0 0.589871 0.615038 0.050239 0.128526
1 0.538258 0.410356 0.039955 0.083367
2 0.342957 0.451589 0.052533 0.071267
1 0.056698 0.383802 0.051656 0.113723
0 0.795261 0.604515 0.033854 0.081687
0 0.806759 0.821197 0.024020 0.067007
2 0.215816 0.375340 0.037624 0.078598
0 0.191666 0.531757 0.057001 0.091192
0 0.299758 0.111372 0.051324 0.119459
0 0.884761 0.452155 0.028091 0.080468
2 0.850827 0.239092 0.032402 0.087250
0 0.689718 0.966236 0.032225 0.056427
0 0.640134 0.813652 0.049802 0.074250
2 0.770560 0.182518 0.046505 0.116359
1 0.868924 0.843582 0.049673 0.151381
0 0.330543 0.249766 0.069039 0.117974
2 0.762946 0.842946 0.035513 0.061244
2 0.248698 0.283915 0.036062 0.091487
1 0.463278 0.549916 0.031358 0.078303
1 0.699607 0.884909 0.059472 0.075124
0 0.648078 0.880119 0.038192 0.068947
2 0.914322 0.604673 0.025374 0.093100
2 0.036692 0.320946 0.023982 0.049185
2 0.192270 0.694433 0.034963 0.090604
1 0.168531 0.561994 0.031210 0.053524
1 0.404507 0.263866 0.037885 0.063211
0 0.051184 0.508203 0.028211 0.051222
0 0.929511 0.968780 0.044715 0.060954
2 0.808093 0.929684 0.053423 0.128679
2 0.007588 0.391455 0.015130 0.071678
