1 0.400901 0.410151 0.039976 0.076432
1 0.605652 0.817660 0.051706 0.113796
0 0.643776 0.681551 0.050763 0.126313
1 0.109077 0.444668 0.049761 0.108340
0 0.351325 0.174701 0.049454 0.112875
2 0.397743 0.517685 0.049922 0.065919
1 0.591315 0.476743 0.040717 0.084200
0 0.693073 0.876971 0.048277 0.073774
1 0.751558 0.945777 0.056762 0.079333
0 0.382999 0.317613 0.071341 0.114279
0 0.846436 0.665720 0.033731 0.080250
2 0.089216 0.381163 0.026159 0.046854
0 0.857957 0.881836 0.026260 0.067378
0 0.701404 0.942343 0.037946 0.069266
2 0.302802 0.349479 0.033716 0.088901
2 0.823359 0.248053 0.047590 0.114492
2 0.268865 0.440271 0.037346 0.080973
0 0.242770 0.592402 0.055117 0.088864
2 0.903497 0.304739 0.032425 0.086971
1 0.920655 0.899037 0.053879 0.147998
1 0.516517 0.617146 0.030874 0.077676
0 0.936774 0.510255 0.026498 0.074245
2 0.243014 0.756577 0.034074 0.090097
2 0.815032 0.905554 0.035861 0.063380
1 0.219226 0.617929 0.031061 0.054019
2 0.962555 0.664810 0.021262 0.092237
0 0.104431 0.569883 0.025857 0.049329
1 0.457853 0.332324 0.037336 0.059874
2 0.853628 0.956897 0.047344 0.079046
1 0.624910 0.348624 0.045248 0.078878
