2 0.449000 0.179106 0.073570 0.144261
2 0.713007 0.355268 0.060850 0.121516
0 0.430990 0.567853 0.056096 0.119056
1 0.802780 0.158993 0.082749 0.133304
1 0.907681 0.423192 0.081966 0.130223
2 0.891923 0.552028 0.055928 0.111390
0 0.092605 0.815042 0.059794 0.136357
2 0.466301 0.464681 0.041184 0.099085
2 0.598991 0.714196 0.071747 0.171835
0 0.713474 0.737109 0.053399 0.130488
2 0.425627 0.304442 0.050058 0.112472
2 0.557057 0.289470 0.047271 0.127264
0 0.977938 0.479611 0.044124 0.120177
0 0.660044 0.264262 0.045432 0.115306
2 0.626932 0.951771 0.028413 0.067660
0 0.252628 0.052592 0.061936 0.104290
0 0.013799 0.497066 0.027490 0.080657
1 0.612320 0.470042 0.057823 0.081733
2 0.164801 0.959563 0.073334 0.080874
2 0.587520 0.416104 0.065673 0.110750
2 0.633692 0.139558 0.033293 0.097306
