2 0.699228 0.499527 0.061204 0.118170
2 0.447779 0.330078 0.066522 0.133380
0 0.104791 0.920454 0.058198 0.126581
1 0.887377 0.565706 0.080603 0.127277
0 0.430700 0.699527 0.052605 0.112517
2 0.464786 0.600352 0.035892 0.089759
0 0.649093 0.410506 0.042244 0.104144
2 0.549750 0.431969 0.047785 0.120752
1 0.784380 0.320486 0.075820 0.116487
0 0.702365 0.865410 0.050129 0.124363
0 0.026687 0.616396 0.035419 0.075673
2 0.425191 0.447802 0.046845 0.104423
2 0.593296 0.841240 0.068357 0.155125
2 0.872344 0.687044 0.054527 0.105571
2 0.887279 0.179108 0.044804 0.090416
0 0.963544 0.617921 0.057853 0.108012
0 0.259784 0.192702 0.058155 0.109231
2 0.589014 0.553563 0.054112 0.093156
2 0.623490 0.297776 0.032414 0.086367
0 0.985760 0.150240 0.027756 0.066994
0 0.858685 0.028361 0.037714 0.056722
