1 0.691671 0.465543 0.077552 0.127524
1 0.796440 0.704618 0.077357 0.125066
0 0.876161 0.757676 0.059688 0.111358
2 0.607632 0.636723 0.057678 0.104005
0 0.338027 0.835303 0.053117 0.106683
2 0.333819 0.580870 0.042393 0.095521
0 0.478215 0.111729 0.031606 0.077441
0 0.767183 0.136837 0.044137 0.110327
2 0.357072 0.464888 0.059818 0.134219
2 0.461759 0.564704 0.044531 0.110068
2 0.798197 0.317008 0.044016 0.096657
2 0.783683 0.823953 0.053177 0.109013
0 0.901746 0.282498 0.032044 0.059618
0 0.559576 0.544352 0.042637 0.107201
0 0.169824 0.319158 0.055155 0.106179
2 0.533430 0.437175 0.031864 0.081310
2 0.499023 0.687587 0.047783 0.090797
2 0.373965 0.730605 0.034648 0.074202
2 0.669569 0.245163 0.032959 0.066988
