1 0.581582 0.499178 0.073090 0.126997
0 0.245814 0.852781 0.051460 0.101614
2 0.261658 0.497361 0.061907 0.131257
0 0.763896 0.777013 0.052962 0.111337
0 0.654617 0.182951 0.045508 0.107763
0 0.462595 0.571630 0.042865 0.106371
2 0.507047 0.660991 0.052561 0.097890
2 0.242552 0.609100 0.041998 0.093080
0 0.377649 0.156778 0.030356 0.069719
2 0.365743 0.595035 0.042298 0.099891
1 0.687252 0.728232 0.073395 0.116452
2 0.690083 0.351556 0.040950 0.085386
2 0.674265 0.847290 0.046662 0.104980
0 0.789403 0.319909 0.030748 0.059665
2 0.907329 0.662411 0.060089 0.131947
2 0.436084 0.468614 0.029787 0.071117
0 0.974934 0.355456 0.050132 0.136268
0 0.083370 0.348051 0.049592 0.105344
2 0.403284 0.710301 0.044344 0.088659
2 0.936442 0.935338 0.049919 0.098888
1 0.389068 0.034871 0.049072 0.069743
2 0.558813 0.288182 0.034111 0.060469
