0 0.745798 0.464041 0.039545 0.068497
0 0.341477 0.881437 0.055480 0.087024
1 0.710349 0.433745 0.035322 0.074520
0 0.452629 0.343078 0.067227 0.151214
0 0.294011 0.221149 0.035265 0.070116
0 0.690175 0.379667 0.036193 0.060756
0 0.552005 0.083844 0.037468 0.089416
0 0.901715 0.808707 0.061667 0.089354
0 0.222971 0.902783 0.055078 0.080254
0 0.466273 0.033382 0.040907 0.060713
1 0.395164 0.208940 0.028536 0.046817
1 0.445183 0.141633 0.042718 0.068238
0 0.365377 0.030544 0.027015 0.054633
2 0.337317 0.785128 0.047547 0.081288
0 0.546360 0.234220 0.045041 0.105631
0 0.743147 0.939706 0.090444 0.112578
0 0.488951 0.295580 0.031293 0.085090
1 0.603763 0.053189 0.054965 0.102031
0 0.225824 0.551985 0.036901 0.056297
2 0.414943 0.043073 0.029150 0.066005
