1 0.235977 0.625375 0.061597 0.114435
1 0.847213 0.606194 0.047646 0.090271
2 0.520263 0.271318 0.066395 0.151985
0 0.462128 0.668704 0.038042 0.069829
2 0.021292 0.862053 0.042519 0.094164
2 0.078678 0.631267 0.044631 0.078720
0 0.375721 0.438484 0.048407 0.104021
0 0.152825 0.576516 0.044637 0.092475
0 0.915256 0.183455 0.050284 0.090869
2 0.266542 0.444765 0.051557 0.070639
2 0.070263 0.510696 0.032649 0.066538
2 0.154685 0.689603 0.049581 0.086140
0 0.921065 0.382133 0.046076 0.078799
2 0.405246 0.208908 0.040485 0.083777
2 0.634221 0.406924 0.045086 0.100080
1 0.708856 0.377905 0.040229 0.072429
2 0.373069 0.600705 0.038718 0.073831
0 0.642792 0.885416 0.080961 0.136875
0 0.064875 0.953755 0.044644 0.086101
2 0.956009 0.596266 0.036717 0.065047
2 0.026247 0.347157 0.047376 0.091385
0 0.177935 0.185656 0.027946 0.068923
1 0.206657 0.064837 0.067269 0.129675
2 0.637860 0.518124 0.031337 0.055753
0 0.308791 0.977821 0.044424 0.044358
2 0.224597 0.973225 0.034927 0.051855
2 0.990567 0.657667 0.018647 0.097598
0 0.974880 0.953977 0.046373 0.092045
