1 0.148420 0.862354 0.050294 0.095397
2 0.849913 0.807829 0.040786 0.069454
1 0.679342 0.893598 0.063488 0.123018
2 0.751818 0.576202 0.032468 0.066548
0 0.437138 0.661928 0.041774 0.111480
2 0.330045 0.259050 0.033032 0.070562
2 0.954969 0.747279 0.062283 0.143821
2 0.395620 0.747062 0.025941 0.053051
2 0.557038 0.817257 0.022519 0.041209
2 0.852068 0.066846 0.068827 0.113572
0 0.630729 0.827778 0.028473 0.059525
2 0.420178 0.752756 0.023760 0.056905
2 0.508408 0.100223 0.026472 0.048680
2 0.368205 0.713633 0.030139 0.054154
