0 0.790106 0.481946 0.055517 0.129251
1 0.374178 0.475973 0.066330 0.137432
2 0.693964 0.280345 0.058450 0.125486
2 0.424813 0.728633 0.050243 0.079585
0 0.315586 0.622672 0.056115 0.138450
0 0.125334 0.358690 0.096321 0.164674
2 0.766323 0.222039 0.053388 0.099988
0 0.301832 0.154951 0.037167 0.081748
2 0.763436 0.873345 0.035184 0.073434
0 0.337964 0.734760 0.039744 0.095778
1 0.831977 0.434940 0.041218 0.102956
2 0.550148 0.236697 0.027269 0.080168
0 0.976437 0.303510 0.043921 0.084988
0 0.983547 0.126346 0.032829 0.081034
