1 0.370721 0.796250 0.069099 0.138248
0 0.789557 0.855480 0.052562 0.116232
0 0.120825 0.643964 0.088359 0.155522
2 0.764540 0.572446 0.049937 0.082817
0 0.310888 0.938958 0.058009 0.122083
0 0.300029 0.458903 0.034015 0.073892
2 0.513994 0.240877 0.035962 0.072724
2 0.690392 0.629885 0.053010 0.106051
2 0.725261 0.154487 0.036507 0.054659
1 0.826837 0.787754 0.041042 0.089521
0 0.888255 0.696960 0.026637 0.059316
2 0.546185 0.571643 0.026592 0.072287
2 0.031600 0.047908 0.029954 0.073738
0 0.982976 0.481084 0.033499 0.086986
0 0.350012 0.337094 0.029663 0.043433
