2 0.826910 0.334644 0.041244 0.084454
1 0.199977 0.673418 0.059220 0.131444
0 0.513493 0.439295 0.045131 0.109995
2 0.783783 0.265244 0.030493 0.069461
0 0.027014 0.704671 0.054028 0.127416
1 0.321062 0.793076 0.039566 0.104294
0 0.179207 0.450273 0.071866 0.194935
1 0.861303 0.259133 0.046933 0.099747
2 0.084941 0.930296 0.051137 0.091946
2 0.549362 0.145182 0.035321 0.098748
2 0.301693 0.949410 0.031666 0.071105
2 0.269520 0.647233 0.031434 0.063978
0 0.809889 0.106260 0.039915 0.084699
1 0.975859 0.421622 0.041934 0.082626
