1 0.187320 0.839769 0.062393 0.134623
2 0.842133 0.489101 0.043445 0.087322
0 0.514687 0.607739 0.046102 0.104665
0 0.166074 0.603301 0.073573 0.202526
2 0.553165 0.291774 0.037509 0.106464
2 0.796347 0.416919 0.032328 0.071748
0 0.635247 0.043416 0.038347 0.082374
0 0.821026 0.231110 0.036919 0.078663
2 0.448341 0.086801 0.039707 0.090592
2 0.261358 0.801505 0.033312 0.071970
1 0.880356 0.405949 0.053172 0.102971
1 0.987969 0.098640 0.023695 0.071392
1 0.983362 0.587793 0.032811 0.142636
1 0.316074 0.964387 0.035166 0.071226
0 0.023001 0.858361 0.045767 0.136120
