1 0.267840 0.604314 0.066511 0.142792
2 0.304428 0.153425 0.073757 0.194493
2 0.755721 0.328768 0.078187 0.156377
2 0.793048 0.415538 0.066756 0.165966
2 0.121848 0.204534 0.091480 0.239062
2 0.220700 0.154635 0.051333 0.126034
2 0.287373 0.268621 0.076536 0.198138
2 0.497520 0.325397 0.061746 0.180741
0 0.288568 0.427102 0.041577 0.055086
2 0.182928 0.260028 0.039736 0.106022
0 0.280422 0.381845 0.046338 0.058134
2 0.311677 0.510740 0.052265 0.129962
1 0.418703 0.062270 0.086902 0.124539
2 0.502810 0.346672 0.073037 0.230545
