1 0.275013 0.708480 0.062639 0.131795
2 0.298488 0.397188 0.069434 0.165573
2 0.314450 0.294257 0.073944 0.184158
1 0.423484 0.115636 0.097029 0.204728
2 0.137569 0.330937 0.083392 0.214390
2 0.741753 0.454526 0.073093 0.157089
2 0.501375 0.466051 0.064512 0.201044
2 0.781870 0.531504 0.064809 0.170854
2 0.363392 0.142928 0.056085 0.152537
0 0.295897 0.545148 0.033900 0.054774
2 0.235076 0.283929 0.053504 0.117632
2 0.200526 0.388608 0.036206 0.102076
0 0.287977 0.494374 0.040899 0.058361
0 0.291118 0.504395 0.042886 0.051236
