2 0.417043 0.631177 0.068751 0.136369
1 0.528721 0.485816 0.092837 0.187537
2 0.838509 0.771378 0.076342 0.160807
1 0.304199 0.191450 0.098619 0.190768
2 0.454300 0.344150 0.058691 0.143328
2 0.466144 0.486074 0.064112 0.152296
2 0.894862 0.294842 0.062533 0.127015
2 0.394122 0.721862 0.061251 0.136863
2 0.596587 0.788652 0.062458 0.164381
2 0.240763 0.646977 0.085048 0.228814
2 0.392302 0.278236 0.051052 0.141284
2 0.545430 0.141796 0.053368 0.157239
0 0.387835 0.842243 0.044186 0.084525
2 0.768897 0.192887 0.057202 0.173399
2 0.690247 0.219854 0.054075 0.152381
2 0.647673 0.170584 0.059806 0.197756
2 0.114024 0.136584 0.100077 0.197368
