1 0.394703 0.682898 0.085144 0.168345
1 0.571230 0.924054 0.071533 0.136791
2 0.508376 0.797187 0.055026 0.109595
2 0.522083 0.912081 0.052693 0.127465
2 0.702622 0.721153 0.043670 0.104722
2 0.779542 0.391233 0.051726 0.123129
2 0.594329 0.658320 0.051663 0.115661
2 0.160898 0.387662 0.087308 0.153287
2 0.714157 0.311724 0.047891 0.105483
2 0.673909 0.511100 0.039398 0.093951
2 0.339573 0.950145 0.058942 0.099711
2 0.848917 0.465955 0.074520 0.121235
2 0.884717 0.258638 0.043382 0.097758
2 0.868405 0.728947 0.052906 0.116066
2 0.675603 0.667522 0.042876 0.109413
2 0.695160 0.434482 0.037029 0.084875
2 0.621307 0.507918 0.036250 0.084845
2 0.589141 0.570027 0.038880 0.077009
