1 0.400006 0.833671 0.087081 0.166508
2 0.185712 0.509768 0.083432 0.145032
2 0.509776 0.944121 0.054586 0.105465
2 0.594465 0.744277 0.041520 0.083390
2 0.661815 0.156722 0.107139 0.239412
2 0.719798 0.494634 0.048050 0.107370
2 0.594712 0.823990 0.046885 0.091790
2 0.674041 0.685367 0.036708 0.089945
2 0.781385 0.575550 0.052241 0.116561
2 0.887602 0.461986 0.047956 0.104870
2 0.849868 0.650819 0.079555 0.128737
2 0.679260 0.838347 0.038078 0.085038
2 0.777659 0.078045 0.039796 0.105435
2 0.700446 0.616408 0.033450 0.081019
2 0.625295 0.682457 0.034855 0.081556
2 0.702459 0.889275 0.039787 0.082886
2 0.465083 0.898385 0.043037 0.100177
2 0.860774 0.904846 0.050850 0.103616
