0 0.289469 0.348163 0.035638 0.066112
0 0.362009 0.161843 0.027085 0.055665
2 0.330732 0.934788 0.044537 0.088291
0 0.450286 0.489945 0.066023 0.141850
0 0.751710 0.644944 0.040436 0.073469
0 0.550091 0.241327 0.038007 0.083911
0 0.544928 0.394544 0.047290 0.109654
0 0.463696 0.177380 0.047123 0.065560
0 0.694305 0.560407 0.037099 0.062521
0 0.225082 0.484958 0.044659 0.077354
1 0.390984 0.354537 0.029977 0.050529
0 0.338871 0.058294 0.041712 0.077548
0 0.486746 0.444886 0.031762 0.082744
0 0.901317 0.046103 0.069454 0.089076
1 0.713754 0.623904 0.038472 0.074211
0 0.395059 0.086119 0.055658 0.063168
1 0.603018 0.209379 0.054459 0.092670
0 0.374944 0.026415 0.033571 0.052830
1 0.442797 0.286359 0.042245 0.066812
1 0.591288 0.110285 0.063937 0.078637
2 0.415860 0.195044 0.030307 0.083556
0 0.219862 0.686889 0.031446 0.049990
0 0.450437 0.026943 0.039205 0.053885
0 0.505046 0.033808 0.041111 0.067617
