0 0.672778 0.651369 0.061774 0.107460
2 0.949571 0.883369 0.066673 0.130067
0 0.720868 0.341173 0.073533 0.122842
2 0.734786 0.704873 0.040561 0.053617
0 0.943017 0.278593 0.053201 0.104823
0 0.597337 0.179229 0.034545 0.061121
0 0.073538 0.052753 0.031957 0.071991
0 0.621066 0.088251 0.055509 0.108189
2 0.705366 0.082036 0.047849 0.088329
2 0.572210 0.089352 0.052454 0.111966
2 0.733451 0.956042 0.044001 0.073856
0 0.732657 0.751494 0.058527 0.057669
0 0.727356 0.756893 0.054714 0.056688
0 0.742920 0.746867 0.044831 0.051485
