2 0.616250 0.421904 0.069879 0.183938
2 0.853638 0.772641 0.056369 0.097807
0 0.699728 0.325291 0.058989 0.115584
0 0.431036 0.449128 0.047042 0.098350
0 0.014272 0.872663 0.028423 0.091165
2 0.428445 0.334048 0.042678 0.068434
2 0.346043 0.238347 0.046247 0.098749
2 0.794650 0.641165 0.029622 0.083990
2 0.330411 0.097971 0.063174 0.120770
2 0.449518 0.118308 0.040943 0.127191
2 0.840541 0.826021 0.039706 0.076393
0 0.116462 0.174898 0.067312 0.098500
2 0.507119 0.204365 0.053425 0.116388
2 0.765389 0.048574 0.044670 0.095578
2 0.758531 0.358388 0.036015 0.085779
