2 0.020350 0.783007 0.039534 0.116634
2 0.518737 0.427327 0.049931 0.093855
2 0.464774 0.305994 0.023879 0.083098
0 0.752909 0.420124 0.054085 0.095893
0 0.974705 0.638740 0.049600 0.090815
2 0.285207 0.085997 0.063123 0.150798
2 0.594038 0.807750 0.033923 0.077177
2 0.515886 0.486441 0.033482 0.076582
0 0.808270 0.841784 0.041541 0.075205
1 0.883314 0.242987 0.098425 0.185263
0 0.087224 0.085218 0.051492 0.108454
1 0.936929 0.728280 0.041849 0.099950
2 0.424993 0.040136 0.042151 0.080272
0 0.856836 0.160562 0.021053 0.037067
