0 0.519631 0.364614 0.047219 0.072899
2 0.599117 0.637994 0.033749 0.054621
0 0.667069 0.562877 0.073243 0.109836
2 0.223256 0.233796 0.064391 0.109541
2 0.420280 0.756077 0.044381 0.074753
0 0.769191 0.869258 0.031220 0.045055
0 0.969323 0.601834 0.060610 0.106107
2 0.715908 0.832311 0.030121 0.048847
2 0.391605 0.826431 0.023863 0.055671
2 0.340249 0.496696 0.030577 0.065731
0 0.420021 0.835808 0.040656 0.085131
2 0.331882 0.415150 0.026260 0.043754
1 0.597094 0.203530 0.057785 0.098566
2 0.247995 0.412924 0.042754 0.092006
2 0.117593 0.080958 0.052884 0.109348
1 0.774135 0.935232 0.033233 0.058505
2 0.851691 0.633757 0.041576 0.068600
