0 0.607887 0.287753 0.071928 0.119162
0 0.930400 0.820540 0.046421 0.087960
0 0.361017 0.566784 0.044663 0.085324
0 0.896400 0.729421 0.026039 0.046338
0 0.461856 0.095647 0.048314 0.080748
0 0.709434 0.599621 0.031285 0.043752
2 0.542432 0.379227 0.033477 0.055480
0 0.782484 0.716039 0.026565 0.061256
2 0.657360 0.568638 0.030343 0.059008
2 0.269906 0.139249 0.028387 0.053961
2 0.279574 0.219911 0.033993 0.082879
2 0.355894 0.488961 0.053770 0.087988
2 0.831315 0.868022 0.039218 0.062076
0 0.908937 0.326174 0.055944 0.108833
0 0.735557 0.861934 0.025290 0.052939
0 0.714498 0.664886 0.029152 0.050076
2 0.792470 0.363426 0.040361 0.081355
2 0.181919 0.132431 0.054935 0.106895
2 0.884019 0.188781 0.037984 0.086305
2 0.361650 0.262972 0.037854 0.085749
0 0.550969 0.970326 0.046365 0.059349
2 0.572941 0.107591 0.043465 0.082334
