0 0.566746 0.170290 0.076669 0.123888
0 0.892523 0.713295 0.046365 0.087550
0 0.320150 0.455310 0.047936 0.093239
2 0.314842 0.372686 0.058053 0.098337
2 0.715654 0.947712 0.060181 0.094290
0 0.740318 0.599029 0.027563 0.064301
0 0.515289 0.881214 0.042044 0.081138
0 0.868629 0.206667 0.057822 0.112311
0 0.857937 0.621281 0.027369 0.048125
0 0.668720 0.487495 0.031137 0.045622
2 0.617492 0.459400 0.030974 0.062145
2 0.504121 0.267939 0.034466 0.059000
2 0.320760 0.146239 0.042002 0.092877
2 0.237639 0.102942 0.039373 0.087843
0 0.673844 0.551991 0.028366 0.049354
0 0.695971 0.747746 0.027732 0.054481
2 0.793176 0.761161 0.032894 0.055856
0 0.480376 0.951320 0.046247 0.083432
0 0.975895 0.404642 0.044915 0.080352
