0 0.374081 0.633179 0.027595 0.044249
0 0.571757 0.762354 0.032815 0.051257
0 0.719833 0.436483 0.041171 0.087456
0 0.264519 0.328026 0.066785 0.116313
0 0.122742 0.130359 0.053466 0.084056
0 0.428397 0.751482 0.028830 0.061057
0 0.603008 0.849514 0.049802 0.092258
2 0.441089 0.406581 0.040450 0.082501
0 0.400581 0.896696 0.025434 0.052014
2 0.329905 0.601832 0.035445 0.055082
2 0.461479 0.817998 0.035187 0.074987
0 0.557242 0.359782 0.062098 0.110360
0 0.680125 0.548763 0.038192 0.073859
2 0.219025 0.412880 0.043015 0.055074
0 0.373595 0.699596 0.024609 0.048910
2 0.497287 0.904888 0.029819 0.058170
1 0.374033 0.824835 0.044479 0.082608
2 0.536572 0.227184 0.033427 0.096578
2 0.020836 0.522976 0.041430 0.095976
2 0.241747 0.141567 0.044078 0.084090
0 0.023509 0.606612 0.047019 0.087894
