0 0.454505 0.260066 0.047580 0.097754
1 0.726309 0.783503 0.039499 0.066132
1 0.706451 0.494764 0.040785 0.067119
0 0.761893 0.663564 0.041597 0.081846
0 0.496572 0.389669 0.059068 0.083902
0 0.853131 0.921937 0.029297 0.046018
0 0.807154 0.811011 0.044110 0.063187
1 0.240208 0.558728 0.050527 0.091485
0 0.940812 0.588335 0.032363 0.065069
1 0.736822 0.381040 0.055025 0.109894
0 0.372911 0.653632 0.054408 0.084568
1 0.516334 0.468046 0.033046 0.055081
1 0.641027 0.649316 0.029605 0.058910
2 0.390790 0.517273 0.031817 0.054269
2 0.423265 0.441456 0.034088 0.067230
0 0.948749 0.771259 0.023884 0.044812
1 0.858784 0.847723 0.045251 0.058876
2 0.523220 0.573565 0.037991 0.057874
0 0.250202 0.669826 0.026329 0.043074
2 0.913829 0.804247 0.028721 0.047127
0 0.109650 0.108486 0.043631 0.069750
0 0.990149 0.723651 0.019428 0.066004
0 0.817509 0.859640 0.027452 0.039470
2 0.991414 0.915625 0.017161 0.061819
1 0.567695 0.393512 0.025892 0.043863
2 0.211807 0.499450 0.025063 0.037094
2 0.389708 0.784194 0.022365 0.048675
