1 0.734018 0.788623 0.042187 0.069922
0 0.495968 0.376579 0.060156 0.088209
0 0.450931 0.240629 0.050180 0.103989
0 0.772173 0.664403 0.042323 0.084126
0 0.965782 0.776432 0.022724 0.043375
1 0.714294 0.486282 0.042685 0.070759
0 0.365692 0.652337 0.057397 0.087908
2 0.384077 0.509929 0.034286 0.057588
2 0.522973 0.569794 0.039275 0.060760
2 0.418483 0.431512 0.036479 0.068980
0 0.818375 0.818576 0.044812 0.065185
0 0.236727 0.669420 0.026961 0.045586
1 0.226244 0.553211 0.053692 0.096483
2 0.929168 0.810946 0.028460 0.046762
1 0.747895 0.368813 0.056401 0.114474
0 0.865989 0.932882 0.029308 0.048533
0 0.092870 0.085652 0.046914 0.071255
1 0.645436 0.649410 0.030482 0.060476
1 0.515390 0.459266 0.034384 0.058598
1 0.569651 0.379123 0.028505 0.044017
0 0.958912 0.585842 0.032499 0.061681
2 0.383975 0.790433 0.022614 0.050650
2 0.198525 0.492873 0.027123 0.038893
1 0.871653 0.857059 0.044776 0.062181
0 0.828813 0.868860 0.029228 0.046289
