1 0.631868 0.440837 0.052787 0.103980
0 0.705948 0.305122 0.054597 0.100263
0 0.733286 0.720057 0.030455 0.050220
0 0.713417 0.545495 0.049307 0.072774
0 0.925659 0.410489 0.037818 0.078675
2 0.645314 0.717360 0.030126 0.065941
1 0.940576 0.716360 0.059423 0.097652
1 0.692165 0.047183 0.052310 0.092931
0 0.761471 0.637057 0.050983 0.066643
0 0.880784 0.640923 0.030294 0.051251
2 0.831795 0.639956 0.032305 0.058250
1 0.712203 0.914580 0.045417 0.062223
0 0.945692 0.656331 0.039191 0.049134
0 0.708500 0.612613 0.040225 0.063004
1 0.575002 0.183134 0.043625 0.092924
2 0.264694 0.185777 0.027440 0.063602
0 0.965827 0.847951 0.034077 0.057666
2 0.858256 0.708274 0.037588 0.064938
1 0.253771 0.030086 0.031750 0.060173
