1 0.551629 0.420826 0.052443 0.107575
0 0.657299 0.705444 0.031386 0.053273
0 0.621955 0.278273 0.053000 0.104017
2 0.758796 0.626300 0.031985 0.061334
0 0.635327 0.527510 0.049492 0.073727
1 0.869950 0.703049 0.062013 0.103133
0 0.850343 0.389860 0.036927 0.083037
0 0.685979 0.620705 0.046749 0.063288
0 0.809312 0.623895 0.030434 0.050838
0 0.903476 0.836659 0.036715 0.063177
0 0.878797 0.640954 0.034059 0.050362
1 0.642697 0.904492 0.045216 0.062825
1 0.487937 0.152526 0.041960 0.094207
2 0.570371 0.705792 0.029550 0.071000
0 0.632918 0.595268 0.040021 0.061342
1 0.598882 0.033288 0.039430 0.066576
2 0.785691 0.695651 0.032989 0.062218
2 0.181711 0.159353 0.029823 0.067821
0 0.989810 0.267321 0.020317 0.083688
2 0.974291 0.473754 0.035899 0.077377
