1 0.457386 0.400647 0.056734 0.113305
0 0.767075 0.365679 0.036737 0.085242
0 0.522406 0.251051 0.055493 0.111212
1 0.382305 0.115503 0.041396 0.098023
2 0.675441 0.612307 0.032995 0.061545
2 0.482708 0.693298 0.031098 0.069848
0 0.569874 0.692955 0.032122 0.056659
0 0.544203 0.511143 0.051472 0.077251
0 0.728151 0.610628 0.029882 0.054857
0 0.831879 0.832234 0.041055 0.067064
1 0.790586 0.691149 0.058850 0.107964
0 0.544805 0.581716 0.038169 0.060179
0 0.802655 0.627164 0.036392 0.054490
2 0.701141 0.685693 0.036623 0.066520
0 0.597456 0.604833 0.051170 0.069574
2 0.903256 0.446737 0.038028 0.095074
1 0.561453 0.903015 0.043532 0.061773
