0 0.543924 0.560919 0.046850 0.106740
0 0.757824 0.837935 0.041011 0.085798
0 0.460589 0.328973 0.048181 0.069366
2 0.412165 0.333519 0.030067 0.081470
0 0.447725 0.645587 0.067951 0.145733
0 0.505623 0.152156 0.055409 0.107780
0 0.335066 0.190276 0.042363 0.078856
0 0.698953 0.752296 0.037253 0.065390
0 0.548989 0.402769 0.040846 0.087081
0 0.283919 0.480827 0.037499 0.067043
1 0.386134 0.507272 0.031017 0.052817
0 0.357557 0.298083 0.027239 0.058164
0 0.390411 0.228840 0.057282 0.072342
0 0.362447 0.032156 0.049291 0.064312
1 0.604125 0.380078 0.057889 0.098510
0 0.218446 0.620602 0.045129 0.072081
0 0.485923 0.598985 0.032685 0.080980
0 0.911466 0.208747 0.071705 0.100614
1 0.716406 0.822965 0.047871 0.082858
0 0.371242 0.160088 0.033700 0.059224
0 0.448198 0.162167 0.037176 0.068313
1 0.590922 0.281845 0.062878 0.074723
0 0.401195 0.114527 0.033554 0.047406
0 0.599048 0.083790 0.088993 0.129650
0 0.211469 0.823662 0.027531 0.047683
0 0.431101 0.208394 0.029861 0.061073
0 0.402613 0.044062 0.040343 0.071874
