2 0.378981 0.467086 0.035885 0.069543
0 0.604420 0.073433 0.042720 0.111197
1 0.129200 0.231200 0.075640 0.139044
2 0.625413 0.823249 0.034882 0.077153
2 0.178049 0.557456 0.038571 0.075269
0 0.791095 0.470212 0.053868 0.091688
1 0.287330 0.787091 0.056710 0.060848
0 0.435170 0.464071 0.028886 0.063695
1 0.512662 0.565146 0.066132 0.112212
2 0.404044 0.629451 0.053784 0.085325
0 0.226751 0.351168 0.061067 0.091724
0 0.575851 0.707699 0.048133 0.080995
0 0.466501 0.948123 0.069928 0.103755
0 0.265632 0.555537 0.036374 0.065963
2 0.634222 0.303732 0.042362 0.101562
2 0.400306 0.547865 0.044148 0.071212
0 0.528587 0.491479 0.043986 0.061703
0 0.169432 0.063947 0.068546 0.127893
0 0.462517 0.204921 0.040547 0.101506
0 0.238408 0.432492 0.039440 0.065047
0 0.292481 0.460655 0.053456 0.076169
2 0.586782 0.790339 0.029210 0.050433
2 0.470915 0.690362 0.031664 0.060945
2 0.295405 0.620457 0.048357 0.094122
