2 0.261324 0.460418 0.039137 0.072626
2 0.534042 0.818175 0.035625 0.077567
0 0.686161 0.462595 0.053039 0.093515
2 0.061228 0.550201 0.040791 0.083280
1 0.399909 0.556316 0.070743 0.114526
0 0.367781 0.944561 0.079106 0.110877
2 0.360122 0.683467 0.036073 0.062446
0 0.316970 0.456415 0.030023 0.062768
2 0.523305 0.297630 0.044173 0.098204
0 0.339789 0.196158 0.044503 0.104607
1 0.021610 0.246373 0.043220 0.097407
0 0.480070 0.067103 0.045060 0.111893
0 0.473914 0.701228 0.049359 0.082388
2 0.488028 0.783585 0.031642 0.049710
2 0.280020 0.544381 0.052385 0.077146
1 0.178575 0.781827 0.061729 0.059630
0 0.101978 0.343624 0.063959 0.094945
2 0.286761 0.622616 0.060542 0.085976
0 0.418652 0.485833 0.047461 0.063066
0 0.146229 0.548187 0.042770 0.068427
0 0.117429 0.422301 0.042056 0.067635
0 0.032815 0.059477 0.062377 0.118954
2 0.378009 0.738687 0.053029 0.074688
0 0.170210 0.451863 0.057932 0.082157
2 0.183013 0.609302 0.064591 0.105872
2 0.363843 0.856985 0.033560 0.046452
