2 0.262451 0.706435 0.038614 0.064449
2 0.152948 0.475101 0.043385 0.078599
2 0.177219 0.645107 0.059292 0.082603
0 0.232824 0.201784 0.050647 0.111346
0 0.212001 0.469918 0.033490 0.066066
2 0.433716 0.307073 0.042918 0.097905
0 0.607816 0.477758 0.055269 0.091813
0 0.032132 0.565910 0.047874 0.073657
0 0.375158 0.069368 0.047241 0.116012
0 0.388337 0.721769 0.053432 0.086358
0 0.325543 0.500561 0.049771 0.064592
2 0.172763 0.560391 0.056597 0.085017
1 0.301494 0.575307 0.078362 0.116662
1 0.078094 0.808518 0.066908 0.062505
2 0.407317 0.806783 0.032081 0.049280
2 0.953483 0.337231 0.044822 0.079675
2 0.459537 0.840685 0.037178 0.081509
2 0.282905 0.765702 0.057063 0.078291
2 0.921340 0.689420 0.044437 0.060826
0 0.010215 0.359141 0.020373 0.081132
1 0.919412 0.419265 0.052009 0.078349
0 0.276288 0.957803 0.075380 0.084394
2 0.076808 0.626866 0.068719 0.113146
0 0.189605 0.835970 0.025944 0.040907
0 0.055551 0.464488 0.060413 0.084272
0 0.013218 0.440904 0.026436 0.067786
