2 0.169995 0.510508 0.072516 0.085522
0 0.565953 0.269912 0.060136 0.110095
2 0.049615 0.314669 0.083877 0.104729
0 0.158650 0.767166 0.109152 0.155748
2 0.903417 0.594080 0.058403 0.076135
0 0.097911 0.117988 0.042999 0.081061
2 0.153213 0.641952 0.056166 0.061274
2 0.031346 0.112584 0.059863 0.083173
0 0.059702 0.572665 0.032148 0.050307
0 0.297919 0.493728 0.066745 0.115808
2 0.319165 0.605811 0.042178 0.062434
2 0.042546 0.207601 0.070406 0.081888
1 0.918842 0.263625 0.061070 0.085340
0 0.229699 0.195669 0.050951 0.065170
1 0.197890 0.273826 0.091202 0.136058
2 0.966784 0.193148 0.051646 0.094089
2 0.379041 0.040490 0.039299 0.080981
2 0.381987 0.673561 0.042091 0.093802
2 0.275520 0.556161 0.026859 0.050761
2 0.147017 0.421960 0.054977 0.076766
