2 0.217910 0.434116 0.076535 0.086188
0 0.200210 0.702073 0.110202 0.165375
2 0.199810 0.569019 0.052063 0.060808
2 0.948531 0.529704 0.058748 0.078303
0 0.611173 0.194912 0.060117 0.115686
0 0.105577 0.498452 0.031968 0.054424
0 0.150114 0.038230 0.044194 0.076460
0 0.343285 0.422330 0.063179 0.117543
0 0.276426 0.115319 0.051508 0.068422
2 0.422521 0.610088 0.042155 0.092351
2 0.362095 0.537792 0.040338 0.064115
2 0.092800 0.118345 0.071656 0.080006
1 0.248388 0.193924 0.090850 0.146211
2 0.083331 0.036121 0.060785 0.072241
2 0.195650 0.342010 0.054507 0.075221
2 0.100236 0.229529 0.079807 0.106104
1 0.964510 0.193456 0.064155 0.092156
2 0.015116 0.197612 0.030133 0.103092
1 0.010531 0.443425 0.020950 0.063625
