1 0.481143 0.700839 0.069825 0.134014
1 0.111436 0.099383 0.083758 0.149055
2 0.574873 0.538540 0.061390 0.076987
1 0.740669 0.325162 0.098093 0.151552
2 0.353692 0.522967 0.093708 0.119137
2 0.831325 0.529298 0.069560 0.145282
2 0.468979 0.513162 0.065880 0.090352
2 0.494627 0.797448 0.034286 0.047461
1 0.287769 0.873792 0.081474 0.141150
2 0.223087 0.901783 0.072692 0.096167
1 0.413540 0.064798 0.052375 0.070603
0 0.019465 0.248155 0.035672 0.062590
0 0.739055 0.966319 0.050677 0.067361
2 0.152763 0.039961 0.050325 0.079921
