2 0.562383 0.610417 0.060574 0.077791
1 0.099742 0.167373 0.081461 0.145345
2 0.455813 0.586288 0.065389 0.087900
1 0.312565 0.050558 0.070026 0.095465
1 0.729232 0.394710 0.101088 0.159768
1 0.467240 0.777062 0.067392 0.136152
2 0.820508 0.597222 0.068428 0.144583
2 0.343609 0.598678 0.099894 0.126026
2 0.141140 0.098064 0.052017 0.087831
1 0.270051 0.932938 0.082095 0.134125
2 0.401929 0.133080 0.050757 0.061605
2 0.479663 0.868298 0.033509 0.050644
1 0.305402 0.701748 0.047436 0.092965
1 0.081700 0.295295 0.049428 0.075690
2 0.207227 0.963485 0.068758 0.071352
