2 0.536842 0.624853 0.064622 0.120431
1 0.270742 0.823351 0.096885 0.154881
2 0.431789 0.612936 0.064445 0.098824
1 0.715905 0.270970 0.084958 0.146778
2 0.178606 0.627526 0.073726 0.139722
1 0.521639 0.445160 0.068572 0.147347
2 0.658716 0.622457 0.069549 0.129762
1 0.857804 0.176347 0.059498 0.092339
2 0.774498 0.232591 0.069604 0.092850
2 0.876879 0.045432 0.062424 0.090864
2 0.338508 0.454298 0.040570 0.053624
2 0.262285 0.179481 0.047041 0.112754
1 0.922172 0.890883 0.045124 0.081459
0 0.261981 0.180246 0.047878 0.114627
