2 0.483832 0.660898 0.066733 0.118302
2 0.822818 0.069519 0.066459 0.117720
2 0.130415 0.659194 0.077065 0.146928
1 0.219125 0.857820 0.095219 0.155344
1 0.661222 0.303547 0.082985 0.146517
1 0.805024 0.212965 0.057962 0.096791
2 0.603303 0.658831 0.072558 0.126862
2 0.380364 0.646673 0.066480 0.096992
2 0.216356 0.208849 0.046615 0.109752
1 0.468751 0.473862 0.065426 0.134204
2 0.721946 0.269481 0.067176 0.090996
1 0.612455 0.031292 0.050663 0.062583
2 0.960835 0.276316 0.032747 0.057966
2 0.450570 0.385095 0.051583 0.077045
0 0.949198 0.892898 0.036814 0.061146
1 0.872640 0.925239 0.046215 0.083187
