2 0.405738 0.742139 0.065644 0.111716
1 0.726467 0.292885 0.056358 0.093415
1 0.389783 0.551790 0.066375 0.126819
2 0.058464 0.735869 0.075830 0.155686
2 0.744984 0.147196 0.073757 0.131432
1 0.546718 0.080884 0.067677 0.098457
1 0.146246 0.931857 0.098695 0.136286
1 0.579094 0.388857 0.087524 0.152421
2 0.302205 0.727227 0.059467 0.092200
2 0.523165 0.742274 0.073786 0.130771
2 0.646118 0.347462 0.067455 0.090856
0 0.148743 0.279029 0.048347 0.110895
2 0.887887 0.351637 0.032314 0.056391
2 0.375191 0.461432 0.056057 0.080983
1 0.574691 0.116800 0.037540 0.070200
2 0.218477 0.560426 0.037564 0.059114
0 0.879733 0.961206 0.037624 0.062768
