1 0.706829 0.330544 0.055454 0.092282
2 0.386262 0.781838 0.064343 0.115713
1 0.525030 0.119859 0.066603 0.100371
1 0.125472 0.946322 0.098834 0.107356
2 0.502231 0.783481 0.071663 0.131696
2 0.041511 0.766756 0.075280 0.149151
2 0.283100 0.765025 0.061385 0.095070
2 0.725813 0.185051 0.069590 0.129451
2 0.626322 0.385005 0.070548 0.098245
1 0.369594 0.586357 0.063808 0.117540
1 0.559556 0.433847 0.088649 0.152421
0 0.131325 0.311535 0.047197 0.110409
2 0.869459 0.386388 0.035072 0.057958
2 0.355889 0.493836 0.057153 0.087333
2 0.200644 0.597392 0.037223 0.055556
