2 0.369565 0.825140 0.062609 0.115325
1 0.508854 0.164302 0.067743 0.104788
1 0.689278 0.374016 0.057220 0.092459
2 0.484765 0.828353 0.070169 0.123366
1 0.352465 0.633879 0.065441 0.125087
2 0.708403 0.225035 0.074042 0.133166
2 0.266194 0.807045 0.059768 0.095363
2 0.610969 0.425164 0.067494 0.086772
2 0.032829 0.806155 0.065658 0.146788
0 0.116333 0.348157 0.047681 0.113522
2 0.183921 0.635221 0.041353 0.060851
2 0.855083 0.424269 0.033311 0.055129
1 0.107700 0.960088 0.093755 0.079824
1 0.544858 0.478029 0.089123 0.164612
1 0.535043 0.200064 0.038291 0.069689
2 0.342088 0.535212 0.051948 0.078496
