1 0.644933 0.567426 0.056589 0.087632
2 0.565536 0.617399 0.063684 0.086869
1 0.305081 0.846475 0.066223 0.134476
2 0.664205 0.419861 0.077476 0.140635
1 0.462848 0.361166 0.067679 0.099347
0 0.075819 0.518670 0.048840 0.111662
2 0.373046 0.107020 0.060462 0.079832
2 0.440899 0.126640 0.045119 0.062985
1 0.493592 0.685184 0.090839 0.160875
2 0.815392 0.602379 0.032724 0.053065
2 0.142575 0.814018 0.036858 0.063455
2 0.297356 0.724500 0.046761 0.069187
2 0.841685 0.874586 0.029741 0.068270
1 0.555303 0.953497 0.061691 0.093006
