1 0.769007 0.169294 0.059855 0.117562
1 0.553719 0.261303 0.062518 0.145500
1 0.680278 0.379366 0.128336 0.212932
2 0.647511 0.518592 0.087184 0.140522
1 0.325105 0.099403 0.093133 0.198807
1 0.360283 0.415664 0.075591 0.144953
1 0.026937 0.342519 0.053873 0.140690
1 0.211131 0.331557 0.056372 0.119776
2 0.619408 0.901738 0.065717 0.108375
1 0.640176 0.822635 0.060863 0.123860
2 0.134507 0.083397 0.050847 0.084263
1 0.931061 0.321925 0.087320 0.188433
1 0.813858 0.054497 0.059862 0.108993
2 0.052857 0.039647 0.057778 0.079295
1 0.214295 0.089111 0.064836 0.114774
1 0.846802 0.143739 0.047421 0.082106
1 0.638166 0.196844 0.034400 0.069718
1 0.882483 0.065168 0.057046 0.112758
1 0.205435 0.311917 0.058493 0.142995
1 0.851261 0.132839 0.047276 0.085095
