1 0.638383 0.444181 0.130884 0.201212
1 0.513340 0.331911 0.059419 0.134212
1 0.935504 0.075979 0.060927 0.131118
1 0.721973 0.243200 0.056401 0.111983
1 0.327659 0.474692 0.074903 0.146658
2 0.609082 0.579394 0.082641 0.131171
1 0.763944 0.131222 0.059497 0.108756
1 0.834172 0.154006 0.053369 0.102476
1 0.293341 0.145422 0.094337 0.214279
1 0.888514 0.389191 0.088468 0.199037
1 0.706047 0.137170 0.059593 0.119852
2 0.584558 0.950747 0.067606 0.098507
1 0.181329 0.375362 0.057585 0.140886
1 0.015319 0.389927 0.030577 0.129398
2 0.104143 0.142283 0.053597 0.099469
1 0.980465 0.148700 0.039069 0.145531
1 0.862828 0.180305 0.046220 0.084493
2 0.700055 0.473493 0.054956 0.108499
1 0.606346 0.883588 0.058501 0.102949
