1 0.651455 0.266729 0.058905 0.113034
1 0.861982 0.097745 0.061584 0.125208
1 0.271673 0.489926 0.075215 0.141905
1 0.691629 0.156422 0.062445 0.114059
2 0.547726 0.594594 0.083797 0.133963
1 0.236774 0.164458 0.092360 0.207338
1 0.447788 0.354437 0.061662 0.142917
1 0.763819 0.176762 0.048804 0.093554
1 0.576058 0.463665 0.130764 0.209714
1 0.821453 0.412402 0.086294 0.198660
1 0.955197 0.318655 0.055862 0.144002
2 0.528296 0.957851 0.064547 0.084297
1 0.125550 0.385914 0.064634 0.143872
2 0.634646 0.487611 0.054776 0.113581
2 0.051361 0.165369 0.054750 0.088301
1 0.134008 0.397823 0.063848 0.140379
1 0.551808 0.898183 0.058970 0.103795
1 0.982441 0.059505 0.035064 0.119010
