1 0.594562 0.279891 0.056504 0.111047
1 0.801111 0.113883 0.061474 0.125722
1 0.394322 0.363609 0.062246 0.137974
1 0.631548 0.169928 0.059348 0.106310
1 0.227759 0.500068 0.069161 0.136486
2 0.499403 0.604452 0.084611 0.134565
1 0.188417 0.184295 0.092742 0.203928
1 0.762973 0.417049 0.086156 0.189337
1 0.704761 0.188871 0.050198 0.103379
1 0.522087 0.476258 0.122438 0.202803
1 0.574897 0.169519 0.061227 0.120162
1 0.895472 0.344047 0.067504 0.165161
1 0.942163 0.064431 0.067955 0.128863
2 0.582632 0.495994 0.055912 0.121185
1 0.900991 0.328377 0.058809 0.138705
1 0.731457 0.222415 0.047461 0.094390
2 0.489475 0.960621 0.062951 0.078758
1 0.088668 0.402543 0.065276 0.145229
1 0.722196 0.212032 0.051995 0.094113
2 0.020390 0.177530 0.040780 0.102039
1 0.507194 0.903029 0.062602 0.110702
