1 0.560642 0.415593 0.058261 0.109192
1 0.754513 0.261660 0.061712 0.126453
1 0.213226 0.603848 0.065190 0.130189
1 0.594284 0.316659 0.058474 0.106023
1 0.541695 0.317092 0.059099 0.116534
2 0.474112 0.709108 0.081169 0.129046
2 0.685268 0.111814 0.063065 0.096490
1 0.178447 0.294574 0.091837 0.192831
1 0.372468 0.493985 0.056706 0.133649
1 0.665251 0.333106 0.050414 0.093931
1 0.888122 0.194869 0.069530 0.153357
1 0.493898 0.597717 0.119913 0.193689
1 0.725498 0.540558 0.085097 0.188081
1 0.850420 0.464193 0.060524 0.151104
2 0.558850 0.607875 0.055363 0.122280
1 0.073842 0.491026 0.056222 0.124512
2 0.017201 0.292080 0.034108 0.115104
