1 0.558338 0.433103 0.056294 0.109655
1 0.378019 0.507328 0.056501 0.133190
1 0.590770 0.339455 0.061679 0.110193
1 0.222438 0.614136 0.063140 0.128245
2 0.473578 0.715095 0.078834 0.125877
1 0.658161 0.352583 0.051575 0.098836
1 0.539994 0.338572 0.059999 0.119448
1 0.837166 0.485008 0.063501 0.145396
1 0.744913 0.284611 0.060293 0.123343
2 0.678530 0.137152 0.059138 0.094650
1 0.186884 0.317801 0.086215 0.190106
1 0.873008 0.225523 0.066706 0.146184
1 0.492450 0.604403 0.124084 0.194655
2 0.556564 0.615477 0.053901 0.119685
1 0.722298 0.555245 0.084018 0.183350
1 0.084226 0.501498 0.053614 0.117400
2 0.025628 0.309688 0.051256 0.097514
1 0.086621 0.324437 0.057914 0.103274
