1 0.734355 0.402005 0.057091 0.115674
2 0.473030 0.809211 0.078758 0.124079
1 0.379536 0.612008 0.052185 0.127714
2 0.669486 0.263244 0.056427 0.094663
1 0.712625 0.655090 0.080257 0.172657
1 0.652234 0.467892 0.047253 0.090286
1 0.229068 0.707165 0.061189 0.123166
1 0.553775 0.543881 0.055333 0.100862
1 0.199206 0.416216 0.085456 0.191457
1 0.822059 0.586525 0.063456 0.146684
1 0.537132 0.458934 0.057628 0.112760
1 0.856924 0.352842 0.065445 0.147698
1 0.586356 0.456324 0.054233 0.097239
1 0.097052 0.590175 0.057764 0.115219
1 0.494169 0.702656 0.125929 0.183949
2 0.554118 0.710430 0.052697 0.130012
2 0.036204 0.409884 0.057725 0.089760
