1 0.732488 0.707442 0.049453 0.107480
2 0.670553 0.574757 0.053181 0.083842
1 0.596173 0.758541 0.049083 0.089722
1 0.608439 0.416755 0.054118 0.105984
1 0.814081 0.854460 0.057146 0.122325
1 0.553811 0.762304 0.052390 0.103879
1 0.655229 0.762982 0.045780 0.091778
1 0.674781 0.287098 0.050136 0.081935
1 0.596952 0.179318 0.085763 0.137621
1 0.402208 0.304650 0.059852 0.119668
1 0.844105 0.671978 0.057895 0.124347
1 0.402711 0.890868 0.048637 0.102565
1 0.260856 0.945843 0.057213 0.101389
1 0.238528 0.688126 0.077413 0.179074
1 0.711681 0.917222 0.077240 0.164530
1 0.492445 0.179953 0.035847 0.068486
2 0.562036 0.953261 0.050228 0.093477
1 0.137662 0.821463 0.053004 0.093813
1 0.650089 0.351054 0.064521 0.114090
1 0.821370 0.235183 0.071105 0.133298
1 0.734437 0.248810 0.049671 0.096517
1 0.496499 0.946726 0.085868 0.106549
1 0.567931 0.835023 0.045136 0.094625
1 0.638946 0.048064 0.051082 0.096128
1 0.473880 0.042476 0.067133 0.084952
1 0.571014 0.346368 0.053626 0.098677
