1 0.411223 0.401435 0.061296 0.128073
1 0.607883 0.497567 0.053717 0.104172
1 0.729439 0.777923 0.045707 0.098385
1 0.596673 0.826919 0.047574 0.089677
2 0.669114 0.644348 0.051191 0.085311
1 0.598171 0.275340 0.084586 0.144129
1 0.246218 0.749369 0.078463 0.175660
1 0.655576 0.827936 0.042072 0.081974
1 0.673758 0.373586 0.051191 0.082529
1 0.810270 0.913129 0.053419 0.117060
1 0.408645 0.948364 0.044000 0.097202
1 0.555650 0.832989 0.050404 0.097690
1 0.496941 0.268643 0.036211 0.070111
1 0.835240 0.743556 0.054353 0.121188
1 0.738926 0.072627 0.055430 0.111483
1 0.476356 0.092502 0.078688 0.155556
1 0.730833 0.336652 0.050578 0.098072
1 0.531270 0.910420 0.046346 0.100640
1 0.028975 0.086971 0.053202 0.114270
1 0.648742 0.443625 0.061668 0.121375
1 0.638162 0.143631 0.053127 0.100108
1 0.151570 0.876200 0.050795 0.094249
1 0.568976 0.904565 0.042602 0.085602
1 0.700177 0.946525 0.063802 0.106951
1 0.969724 0.543332 0.060380 0.156018
2 0.410889 0.114208 0.065927 0.117904
1 0.856363 0.567233 0.047100 0.098723
0 0.009318 0.557090 0.018413 0.080178
