1 0.775623 0.512299 0.055079 0.107007
1 0.751180 0.031236 0.039052 0.062472
1 0.652486 0.702335 0.081416 0.147818
1 0.481024 0.793983 0.052540 0.113219
1 0.895642 0.111684 0.068272 0.116639
1 0.738386 0.446038 0.051722 0.093439
1 0.541049 0.519420 0.077016 0.142095
1 0.766010 0.306050 0.070269 0.132389
1 0.687956 0.579742 0.049357 0.082809
1 0.718051 0.770365 0.043890 0.079494
1 0.075189 0.412933 0.041950 0.081609
2 0.671128 0.354605 0.042008 0.084627
1 0.675656 0.077950 0.059109 0.102523
1 0.560129 0.672603 0.033464 0.066518
2 0.096376 0.863586 0.035590 0.063917
1 0.697684 0.836023 0.056237 0.110476
2 0.151417 0.279884 0.058236 0.085947
2 0.777208 0.171673 0.072626 0.128061
1 0.659744 0.879592 0.047894 0.085049
1 0.129013 0.455126 0.049230 0.098892
1 0.977554 0.081053 0.044892 0.134522
2 0.746545 0.110178 0.053155 0.107184
1 0.464014 0.108637 0.051774 0.109408
2 0.426738 0.171293 0.026914 0.064078
1 0.184740 0.186314 0.045399 0.073912
1 0.123500 0.795446 0.040885 0.070062
1 0.698990 0.468685 0.060875 0.126887
1 0.270723 0.524776 0.053868 0.111119
1 0.098390 0.760005 0.036486 0.069099
2 0.034086 0.524376 0.038811 0.060458
2 0.714364 0.971005 0.050598 0.057990
2 0.475873 0.511296 0.043141 0.086639
1 0.768277 0.741602 0.047496 0.093050
1 0.447478 0.533140 0.047639 0.079785
