1 0.755104 0.511914 0.048813 0.089234
1 0.667722 0.764388 0.073683 0.141857
1 0.782363 0.381621 0.070140 0.126287
1 0.789458 0.578218 0.056998 0.109415
1 0.557798 0.581629 0.072465 0.138284
2 0.686726 0.417114 0.039477 0.076892
1 0.499273 0.852619 0.053574 0.106397
1 0.909175 0.182089 0.067863 0.112437
1 0.704621 0.643200 0.044567 0.079918
1 0.148820 0.507279 0.051810 0.097741
1 0.094122 0.467512 0.041658 0.077885
1 0.774756 0.063284 0.051407 0.101686
1 0.577882 0.735810 0.035460 0.069831
2 0.170837 0.333069 0.057606 0.089127
1 0.732363 0.830193 0.040617 0.070192
2 0.793526 0.241858 0.070105 0.131462
1 0.482708 0.178054 0.048135 0.105610
1 0.141498 0.844594 0.035084 0.066114
2 0.115086 0.912523 0.034075 0.061802
2 0.898642 0.050771 0.058303 0.094591
2 0.760816 0.176939 0.050737 0.100827
2 0.444384 0.235231 0.025463 0.059002
1 0.981941 0.145214 0.036119 0.149546
1 0.692994 0.145758 0.058758 0.105213
1 0.713577 0.886361 0.055150 0.101777
1 0.202938 0.238659 0.045625 0.071720
2 0.049684 0.570291 0.035998 0.056132
1 0.715919 0.533989 0.061264 0.129883
1 0.463616 0.592043 0.046831 0.080441
1 0.127652 0.977921 0.031085 0.044158
1 0.769968 0.073586 0.045896 0.105515
1 0.683739 0.935164 0.038413 0.074941
1 0.784880 0.799784 0.043582 0.090069
1 0.290312 0.588738 0.049072 0.109229
1 0.732090 0.066210 0.038343 0.076872
1 0.765947 0.094222 0.038669 0.067470
