1 0.804992 0.640796 0.056441 0.106989
1 0.793105 0.127918 0.051596 0.102661
1 0.800405 0.441937 0.068873 0.129381
2 0.915506 0.115735 0.055692 0.098081
1 0.772725 0.572009 0.051473 0.095370
1 0.516341 0.913358 0.056506 0.118328
1 0.687321 0.819541 0.077436 0.142178
1 0.925761 0.252993 0.066173 0.112238
1 0.575640 0.640889 0.074879 0.140557
1 0.113726 0.519408 0.036210 0.069795
1 0.732480 0.943477 0.063628 0.113045
1 0.168253 0.560219 0.046658 0.095674
1 0.502864 0.242489 0.055315 0.113985
2 0.706233 0.480641 0.042923 0.078437
1 0.595504 0.791065 0.034115 0.065478
2 0.190493 0.385744 0.059578 0.091300
2 0.133606 0.958574 0.031949 0.059330
2 0.811806 0.299672 0.064441 0.123700
2 0.778965 0.243999 0.048466 0.102802
1 0.437535 0.192304 0.054618 0.111544
2 0.463733 0.293561 0.028167 0.061154
1 0.734536 0.601090 0.059653 0.124329
2 0.878375 0.049564 0.091261 0.099127
1 0.752208 0.886994 0.041214 0.076152
1 0.221253 0.290664 0.044496 0.070167
2 0.069074 0.615985 0.037802 0.056987
1 0.483368 0.643329 0.046685 0.077681
1 0.161468 0.897984 0.037444 0.065762
1 0.310815 0.640935 0.047467 0.105427
1 0.712104 0.210545 0.064345 0.114869
1 0.801120 0.859678 0.045006 0.093069
1 0.985165 0.217936 0.029670 0.118433
1 0.319891 0.797983 0.036430 0.083500
1 0.877362 0.857866 0.066410 0.119814
1 0.981713 0.621713 0.036574 0.137848
1 0.721774 0.704216 0.048361 0.083771
