1 0.809417 0.191158 0.052057 0.102178
1 0.820713 0.511815 0.067787 0.122330
2 0.931773 0.181540 0.054324 0.100563
1 0.790244 0.636882 0.050697 0.091603
1 0.703933 0.882890 0.074526 0.144887
1 0.945021 0.316895 0.069816 0.113877
1 0.522785 0.301978 0.055197 0.110520
1 0.594993 0.701484 0.073986 0.136667
1 0.180803 0.944642 0.036812 0.069471
1 0.186071 0.609003 0.047677 0.098818
1 0.133730 0.567659 0.038975 0.071519
2 0.611363 0.044363 0.065567 0.088726
1 0.827006 0.700085 0.053825 0.102360
2 0.826882 0.364669 0.063704 0.123713
2 0.207158 0.435966 0.057367 0.094518
2 0.795636 0.302776 0.053831 0.105038
1 0.238983 0.341079 0.048555 0.076643
1 0.614430 0.850519 0.033573 0.066824
1 0.460916 0.246932 0.048300 0.104497
2 0.894466 0.088851 0.099109 0.149207
2 0.482225 0.350170 0.030040 0.061890
1 0.535038 0.954008 0.051801 0.091984
2 0.723800 0.540887 0.044236 0.076938
2 0.086231 0.659587 0.038409 0.056184
1 0.731552 0.267070 0.062959 0.114524
1 0.740348 0.763447 0.045930 0.081130
1 0.330818 0.693091 0.049614 0.107260
1 0.973562 0.548966 0.052876 0.110541
1 0.547886 0.040542 0.043827 0.081083
1 0.337484 0.848772 0.035391 0.085538
1 0.751492 0.656329 0.057609 0.116268
1 0.819133 0.920780 0.045634 0.091776
1 0.766012 0.952099 0.046779 0.095802
2 0.151502 0.986357 0.026326 0.027285
1 0.503002 0.706304 0.048335 0.078274
