2 0.922855 0.319166 0.054396 0.103402
1 0.543410 0.172860 0.047782 0.094203
1 0.517923 0.439286 0.058821 0.114781
1 0.803080 0.329839 0.054224 0.105537
1 0.816094 0.832630 0.059126 0.109624
1 0.136902 0.675418 0.041644 0.072311
1 0.811785 0.650650 0.068446 0.121685
1 0.592339 0.831411 0.070988 0.134571
1 0.459621 0.382203 0.048384 0.102901
1 0.785807 0.769571 0.051639 0.091296
2 0.605858 0.167405 0.066887 0.114939
1 0.935300 0.461295 0.067257 0.110529
2 0.210793 0.545860 0.059846 0.092933
1 0.187972 0.719782 0.047707 0.094522
1 0.240570 0.450990 0.046758 0.074057
2 0.885058 0.222106 0.097609 0.146234
1 0.697001 0.955560 0.058134 0.088881
2 0.787460 0.437201 0.051928 0.103353
2 0.691813 0.070707 0.052954 0.088557
2 0.480993 0.476359 0.027985 0.061379
2 0.818659 0.503444 0.067345 0.125019
1 0.744014 0.802652 0.060856 0.128187
2 0.717964 0.669622 0.041380 0.078690
1 0.735837 0.893637 0.046311 0.083822
2 0.088355 0.759672 0.038294 0.053916
1 0.113520 0.966379 0.040937 0.067242
1 0.330323 0.818142 0.043565 0.091904
1 0.386736 0.916436 0.036103 0.080967
