1 0.451855 0.564374 0.057046 0.110301
1 0.736971 0.778957 0.065954 0.120411
2 0.848896 0.449951 0.056077 0.102752
1 0.527166 0.942502 0.066609 0.114997
1 0.729825 0.458526 0.053547 0.103339
1 0.857499 0.596727 0.068114 0.110134
1 0.712706 0.887880 0.048255 0.088133
2 0.544021 0.292495 0.064269 0.111662
1 0.482343 0.298123 0.048926 0.092611
2 0.719133 0.566803 0.050124 0.100357
2 0.746904 0.628426 0.064951 0.120082
2 0.161340 0.645574 0.061153 0.091450
1 0.396303 0.510206 0.048496 0.098647
2 0.630996 0.192574 0.053071 0.096337
1 0.190851 0.553833 0.044939 0.074791
2 0.651433 0.791959 0.038277 0.073874
1 0.136852 0.823131 0.044740 0.091034
2 0.813852 0.348815 0.092705 0.146576
1 0.087433 0.777312 0.037386 0.066145
2 0.419397 0.593943 0.026369 0.060073
1 0.749638 0.947471 0.051830 0.105057
2 0.266690 0.056677 0.036132 0.074009
1 0.677109 0.926691 0.055037 0.118101
1 0.439819 0.949937 0.046256 0.091230
1 0.888201 0.823317 0.063703 0.113796
