1 0.665258 0.882827 0.068832 0.126263
2 0.780037 0.545802 0.055800 0.104713
1 0.378601 0.656554 0.058120 0.111331
1 0.415471 0.378803 0.047588 0.091586
2 0.478555 0.373791 0.066908 0.120585
1 0.660161 0.556347 0.052778 0.097300
2 0.649566 0.652914 0.052058 0.098638
2 0.097085 0.716065 0.059921 0.093585
2 0.568408 0.273441 0.059640 0.104718
2 0.747638 0.440038 0.096789 0.159882
2 0.580474 0.886395 0.039927 0.075197
1 0.067765 0.897632 0.044294 0.084781
2 0.207784 0.115236 0.033256 0.065806
1 0.126573 0.621621 0.043928 0.074400
1 0.817862 0.929205 0.064611 0.117150
2 0.677183 0.724122 0.064766 0.123629
1 0.787632 0.696950 0.069502 0.115067
1 0.021156 0.845826 0.038754 0.068188
1 0.324497 0.596186 0.045281 0.102120
1 0.940550 0.691451 0.072198 0.149903
1 0.255744 0.966655 0.043540 0.066690
1 0.941380 0.669819 0.068612 0.124791
1 0.261943 0.892532 0.033442 0.059934
