1 0.536952 0.960906 0.048364 0.078188
1 0.424862 0.954208 0.051653 0.091583
1 0.196605 0.566724 0.031625 0.061715
2 0.459905 0.573182 0.069870 0.136341
1 0.247176 0.582546 0.054851 0.102037
2 0.576060 0.587547 0.069723 0.109723
1 0.407118 0.507030 0.042749 0.077625
1 0.265512 0.716260 0.058172 0.101071
2 0.028852 0.386031 0.057705 0.095675
2 0.663714 0.927852 0.101950 0.144296
2 0.345139 0.025976 0.035244 0.051952
1 0.265839 0.290206 0.059035 0.102968
1 0.500792 0.921139 0.042320 0.082664
1 0.399358 0.344136 0.044646 0.085247
1 0.364107 0.971030 0.042818 0.057940
