1 0.393632 0.568777 0.057500 0.093064
2 0.499324 0.077920 0.041268 0.066644
1 0.235092 0.476487 0.063216 0.115654
2 0.417335 0.673918 0.075671 0.148900
1 0.210490 0.609149 0.059471 0.109289
1 0.291756 0.581979 0.047273 0.087678
1 0.263867 0.964832 0.053724 0.070337
2 0.119466 0.072459 0.060847 0.089778
1 0.012610 0.089683 0.025058 0.074309
1 0.018255 0.872017 0.036509 0.110574
1 0.421972 0.509691 0.041502 0.072904
2 0.034162 0.777723 0.035873 0.055978
1 0.573970 0.309742 0.034669 0.074026
2 0.511734 0.800007 0.067043 0.110076
1 0.441057 0.419607 0.044012 0.087245
