1 0.221003 0.547201 0.065043 0.121611
1 0.152379 0.628761 0.056845 0.114514
1 0.317402 0.785078 0.051558 0.088856
2 0.586645 0.462523 0.045561 0.069240
1 0.538347 0.597589 0.033663 0.074457
2 0.289860 0.043537 0.061912 0.087074
2 0.295156 0.898943 0.081098 0.134590
1 0.468935 0.586088 0.048298 0.095384
1 0.495536 0.882770 0.054530 0.100336
1 0.263386 0.829676 0.043646 0.085484
1 0.714790 0.718581 0.042257 0.074047
1 0.424978 0.547472 0.044941 0.084886
2 0.729996 0.436819 0.036550 0.074909
1 0.371530 0.663798 0.048646 0.098691
1 0.481410 0.264639 0.032287 0.060816
