0 0.739474 0.159274 0.028961 0.092809
1 0.187381 0.186876 0.053351 0.110116
0 0.611481 0.554743 0.051969 0.087040
0 0.924945 0.738633 0.044505 0.064969
0 0.839902 0.619356 0.054803 0.122847
0 0.881317 0.795227 0.025006 0.073795
2 0.571558 0.437096 0.048745 0.097073
0 0.440181 0.510188 0.023050 0.053373
1 0.858905 0.069685 0.048040 0.100881
0 0.920091 0.621853 0.020614 0.067517
1 0.408557 0.341294 0.036874 0.077625
2 0.439280 0.190408 0.028630 0.103513
0 0.013634 0.854167 0.027230 0.115984
1 0.012432 0.533091 0.024740 0.092926
