1 0.119617 0.832897 0.071524 0.152292
1 0.269938 0.136996 0.069823 0.131870
1 0.192010 0.522573 0.073853 0.100173
0 0.674963 0.808090 0.047582 0.084780
2 0.338766 0.492572 0.042949 0.067282
2 0.533428 0.898964 0.063407 0.125995
2 0.351029 0.176502 0.089196 0.109419
0 0.675864 0.731735 0.036113 0.054833
2 0.727815 0.524239 0.059846 0.102480
2 0.349269 0.329951 0.044370 0.064238
1 0.678839 0.503564 0.062518 0.103732
1 0.276089 0.857323 0.038872 0.073016
2 0.721444 0.529249 0.049667 0.089813
2 0.152955 0.336085 0.033881 0.046536
2 0.339724 0.171268 0.070027 0.100334
