0 0.543207 0.925561 0.050262 0.108171
0 0.503663 0.459067 0.058094 0.108378
2 0.403801 0.626195 0.033098 0.078221
0 0.356001 0.286896 0.051158 0.083029
0 0.455708 0.642592 0.054125 0.072999
0 0.348306 0.589665 0.029157 0.059131
0 0.325737 0.467959 0.043958 0.080010
0 0.382046 0.528747 0.060117 0.075618
0 0.600053 0.420216 0.090710 0.130731
0 0.394203 0.331246 0.039973 0.057614
0 0.547433 0.750609 0.045558 0.100510
1 0.607385 0.747936 0.065811 0.103816
0 0.271891 0.765273 0.038800 0.073264
1 0.594355 0.646669 0.061784 0.076447
0 0.930446 0.566783 0.076309 0.104673
0 0.362503 0.447978 0.035289 0.060973
0 0.193324 0.926769 0.061817 0.086851
0 0.476921 0.776609 0.037663 0.067805
0 0.447533 0.954098 0.089658 0.091805
0 0.394065 0.412199 0.034141 0.050042
1 0.377012 0.839824 0.033204 0.064436
