0 0.356477 0.343101 0.022012 0.051837
0 0.827021 0.578866 0.040156 0.062802
0 0.525064 0.393651 0.051075 0.081106
0 0.386231 0.853688 0.083768 0.148448
0 0.747272 0.464566 0.051738 0.112563
0 0.825318 0.474381 0.021206 0.064209
0 0.663759 0.045026 0.026936 0.086201
0 0.898022 0.503118 0.037744 0.063467
1 0.115883 0.050203 0.053645 0.096409
0 0.780934 0.626647 0.025777 0.075529
2 0.490990 0.288535 0.045988 0.093503
0 0.989150 0.511693 0.021686 0.079631
1 0.091121 0.900851 0.061627 0.179123
2 0.365465 0.056333 0.027900 0.093822
0 0.993161 0.105159 0.013626 0.080777
1 0.329543 0.184193 0.036680 0.071821
