0 0.691344 0.370885 0.048465 0.109422
0 0.974308 0.823470 0.049369 0.097778
0 0.767936 0.384085 0.022416 0.065530
0 0.326295 0.711648 0.081774 0.140628
0 0.932597 0.423711 0.029793 0.080032
0 0.767361 0.480629 0.038363 0.061905
2 0.441697 0.194609 0.045518 0.092680
0 0.304861 0.239318 0.023355 0.051789
0 0.473181 0.292597 0.050543 0.081663
0 0.179989 0.909421 0.047141 0.103629
0 0.965752 0.066339 0.041593 0.084336
0 0.720284 0.525416 0.025256 0.076227
1 0.039439 0.772382 0.067261 0.209285
0 0.840067 0.411829 0.034345 0.065811
0 0.989966 0.114780 0.019357 0.085775
