0 0.256458 0.140838 0.021681 0.049613
0 0.637658 0.283937 0.047042 0.107061
0 0.270711 0.583659 0.077877 0.134893
0 0.122389 0.757686 0.041388 0.096294
0 0.423846 0.195538 0.051845 0.080273
0 0.875373 0.339003 0.028700 0.073411
0 0.711120 0.389370 0.040064 0.063115
0 0.663451 0.429049 0.025619 0.072962
0 0.713799 0.298703 0.023454 0.069477
0 0.958898 0.712074 0.043031 0.074704
0 0.910130 0.713061 0.049693 0.093012
2 0.394280 0.107563 0.042892 0.092049
0 0.784828 0.326687 0.032551 0.065561
0 0.956791 0.059034 0.039993 0.075714
