0 0.452366 0.802579 0.057658 0.078306
0 0.265317 0.911559 0.038600 0.076771
0 0.502691 0.614080 0.059557 0.109849
0 0.601250 0.579779 0.092519 0.141514
0 0.320704 0.608822 0.046611 0.085031
2 0.399405 0.779483 0.034109 0.071776
0 0.389601 0.477284 0.042774 0.053947
0 0.351953 0.427400 0.053378 0.087694
0 0.378616 0.680977 0.062974 0.076163
0 0.358942 0.592339 0.036912 0.063758
1 0.610508 0.939870 0.072726 0.105280
0 0.547066 0.935027 0.047609 0.106589
0 0.936851 0.752836 0.073819 0.102772
1 0.597188 0.836521 0.063696 0.077655
0 0.343536 0.736892 0.029306 0.057303
0 0.390116 0.561860 0.038044 0.053888
0 0.474397 0.947622 0.036336 0.064160
