0 0.601269 0.620872 0.092697 0.144478
2 0.398434 0.816380 0.033152 0.070273
0 0.389301 0.513160 0.041899 0.051182
0 0.452236 0.842251 0.055163 0.076091
0 0.376888 0.718571 0.061077 0.076203
0 0.502254 0.653453 0.060636 0.111241
0 0.263710 0.945181 0.040848 0.078702
0 0.351654 0.462305 0.052487 0.089513
0 0.319049 0.643896 0.044108 0.084815
0 0.342748 0.772440 0.029312 0.056350
0 0.358053 0.628834 0.035823 0.061903
0 0.941483 0.800973 0.074104 0.100121
1 0.598289 0.885750 0.063502 0.081907
0 0.389597 0.599795 0.037289 0.052846
0 0.547632 0.960700 0.043299 0.077855
1 0.608292 0.965550 0.060167 0.062858
