0 0.506478 0.513094 0.019750 0.032906
0 0.745022 0.749510 0.051352 0.088704
0 0.429913 0.898699 0.038124 0.065558
0 0.900518 0.382350 0.016409 0.041712
0 0.268091 0.070062 0.050234 0.112270
0 0.678024 0.856094 0.061562 0.108853
0 0.771532 0.490764 0.032609 0.080601
0 0.515666 0.925663 0.041388 0.067893
0 0.797728 0.282966 0.022789 0.047500
0 0.950801 0.515838 0.039210 0.077159
0 0.973369 0.924626 0.032653 0.070365
0 0.717147 0.171922 0.034078 0.068421
2 0.493131 0.331152 0.028297 0.082499
0 0.372252 0.602033 0.032307 0.088614
0 0.682201 0.479347 0.016968 0.055447
0 0.815453 0.162452 0.020871 0.033777
0 0.337573 0.042306 0.045471 0.075224
