0 0.768949 0.649293 0.055950 0.094547
0 0.519173 0.830719 0.046862 0.078845
0 0.696742 0.757816 0.067968 0.118802
0 0.425699 0.793199 0.041511 0.071829
0 0.794139 0.386880 0.034462 0.090022
0 0.978959 0.431673 0.041790 0.087354
0 0.362143 0.477091 0.036066 0.095174
0 0.510069 0.392500 0.022435 0.035973
0 0.453254 0.954380 0.036875 0.065024
2 0.494997 0.195006 0.029754 0.091080
0 0.818119 0.180697 0.024883 0.050469
0 0.925640 0.297924 0.015575 0.038827
0 0.846685 0.931398 0.045190 0.100203
1 0.734105 0.053666 0.040322 0.075333
0 0.734385 0.054285 0.040034 0.076481
0 0.699072 0.361485 0.019187 0.052242
