0 0.422167 0.399078 0.058384 0.094841
0 0.526371 0.670958 0.062985 0.114679
0 0.625841 0.705643 0.098834 0.155129
0 0.359933 0.541580 0.043643 0.086118
0 0.252299 0.786829 0.039233 0.074675
0 0.442407 0.813795 0.055704 0.073828
2 0.397817 0.754221 0.033922 0.065491
0 0.399206 0.647572 0.059297 0.078723
0 0.450735 0.470091 0.040183 0.052160
0 0.356639 0.678281 0.031628 0.059668
1 0.570489 0.951524 0.065744 0.087609
0 0.397368 0.557123 0.040400 0.068601
1 0.396244 0.897062 0.041270 0.105255
0 0.431990 0.548653 0.038335 0.058352
0 0.512068 0.967511 0.045233 0.061915
0 0.468748 0.633027 0.039184 0.072214
0 0.433722 0.963152 0.036894 0.055543
