2 0.381385 0.617180 0.042421 0.059193
0 0.586645 0.413866 0.072404 0.100023
0 0.328816 0.486286 0.035756 0.077261
0 0.492482 0.437719 0.045210 0.076814
0 0.475513 0.560161 0.042254 0.095079
2 0.437014 0.630850 0.030606 0.064981
0 0.559323 0.738222 0.053351 0.111852
0 0.436957 0.531543 0.031740 0.055123
0 0.617963 0.885246 0.092651 0.143909
0 0.275101 0.854892 0.087834 0.153436
0 0.582364 0.496444 0.033648 0.067311
0 0.538127 0.530234 0.030453 0.080033
1 0.379157 0.737011 0.040216 0.109856
0 0.530458 0.635562 0.038439 0.078560
0 0.510842 0.494868 0.040279 0.066351
0 0.411681 0.945484 0.065456 0.086520
0 0.324646 0.975665 0.052112 0.048669
0 0.443393 0.729150 0.041974 0.079281
0 0.498367 0.622084 0.026906 0.067480
