0 0.585750 0.415492 0.071583 0.098518
2 0.382251 0.617467 0.041691 0.058968
0 0.492180 0.438861 0.044014 0.076698
0 0.329985 0.486449 0.035498 0.075072
2 0.437086 0.631500 0.030650 0.065027
0 0.559257 0.735948 0.053713 0.107967
0 0.475580 0.560938 0.041958 0.094379
0 0.437529 0.532194 0.031346 0.055218
0 0.581480 0.497674 0.033475 0.065533
0 0.616331 0.882554 0.091744 0.142623
0 0.276877 0.853431 0.087243 0.153483
0 0.537910 0.530892 0.029530 0.078502
1 0.379364 0.738419 0.039707 0.110579
0 0.530283 0.635798 0.037992 0.077486
0 0.510963 0.495852 0.040720 0.066394
0 0.412690 0.941201 0.062227 0.084496
0 0.326490 0.974654 0.053618 0.050693
0 0.498238 0.622456 0.026882 0.067261
0 0.496208 0.449543 0.047091 0.087044
0 0.443421 0.728350 0.041379 0.078167
0 0.619722 0.966491 0.046781 0.067018
