0 0.471041 0.713506 0.044492 0.103727
0 0.556693 0.908120 0.055149 0.117408
2 0.375041 0.771950 0.046176 0.064119
0 0.507148 0.640375 0.041765 0.072336
0 0.584832 0.555784 0.074165 0.107858
0 0.579319 0.648162 0.035207 0.073347
0 0.322953 0.616400 0.035661 0.077965
1 0.374369 0.893935 0.040542 0.116758
0 0.526872 0.799793 0.038293 0.082355
2 0.431824 0.786290 0.031788 0.067354
0 0.432068 0.678059 0.033046 0.060808
0 0.487282 0.576738 0.046426 0.085906
0 0.535178 0.686751 0.031227 0.082701
0 0.385893 0.622207 0.035617 0.043364
0 0.259768 0.966552 0.075283 0.066897
0 0.437521 0.891510 0.040055 0.088339
