0 0.604264 0.530037 0.044115 0.060917
0 0.406899 0.402377 0.079698 0.138467
0 0.640572 0.373849 0.030947 0.069236
0 0.324167 0.608864 0.058628 0.102536
0 0.553089 0.710469 0.028854 0.054235
0 0.404300 0.899247 0.059113 0.113733
0 0.314479 0.460011 0.056597 0.092681
0 0.601068 0.833422 0.047884 0.086698
0 0.526773 0.774937 0.048476 0.093683
0 0.559154 0.858201 0.039598 0.087711
0 0.588868 0.633638 0.032668 0.055362
1 0.259045 0.628176 0.061044 0.083158
2 0.510413 0.599598 0.034046 0.054815
0 0.396704 0.573365 0.038466 0.055389
0 0.468124 0.871750 0.039098 0.073914
0 0.532035 0.901904 0.033043 0.069912
2 0.492623 0.693002 0.028808 0.059772
0 0.145127 0.312072 0.045439 0.077209
1 0.446095 0.581345 0.059053 0.060321
0 0.296000 0.937978 0.124977 0.124043
0 0.481530 0.810243 0.030951 0.060830
2 0.435880 0.692616 0.044321 0.071909
2 0.480553 0.056190 0.035286 0.097328
0 0.539229 0.892650 0.027537 0.082601
