0 0.703178 0.604523 0.051588 0.087476
0 0.263564 0.673582 0.034882 0.060479
1 0.624195 0.768806 0.056644 0.100488
0 0.714249 0.379590 0.050238 0.087314
1 0.178966 0.691023 0.039380 0.081988
0 0.405491 0.565068 0.055331 0.066757
0 0.186899 0.388354 0.036120 0.068786
0 0.331663 0.657465 0.039147 0.080993
1 0.279703 0.209897 0.048829 0.085841
1 0.688575 0.455408 0.044412 0.087977
0 0.793392 0.602863 0.040818 0.076043
0 0.426897 0.381565 0.026813 0.045053
1 0.725412 0.689648 0.034840 0.092673
0 0.444768 0.232724 0.029256 0.050610
0 0.078077 0.109766 0.051230 0.079850
0 0.023277 0.503769 0.039371 0.063605
0 0.308982 0.927002 0.037431 0.060644
1 0.014542 0.428677 0.028567 0.096533
0 0.073977 0.438136 0.040126 0.097240
0 0.484892 0.879207 0.026413 0.046131
0 0.239657 0.917706 0.043573 0.067883
0 0.299988 0.844473 0.039413 0.051247
