0 0.268484 0.723290 0.044077 0.083345
1 0.571689 0.727655 0.057538 0.098503
0 0.628691 0.545386 0.050446 0.088593
0 0.338915 0.256728 0.032057 0.050613
0 0.198913 0.762364 0.037267 0.063131
0 0.617615 0.326913 0.047511 0.085182
1 0.161783 0.286735 0.054297 0.095405
1 0.107498 0.811003 0.042953 0.083001
0 0.082772 0.497553 0.040310 0.074758
0 0.712514 0.515673 0.038619 0.075986
0 0.334663 0.603411 0.058026 0.067871
1 0.659228 0.617384 0.032037 0.089055
1 0.601566 0.403709 0.045181 0.088788
0 0.337009 0.412469 0.028114 0.045146
0 0.447538 0.885303 0.027273 0.045796
2 0.109261 0.093437 0.027448 0.064605
0 0.273280 0.983796 0.037856 0.032407
