0 0.319558 0.693340 0.040882 0.079013
0 0.150023 0.451027 0.037578 0.073510
0 0.683327 0.560398 0.050245 0.088082
1 0.161153 0.760836 0.040898 0.084915
0 0.250485 0.723974 0.035158 0.062860
1 0.616371 0.736999 0.057358 0.099332
0 0.681076 0.339727 0.047739 0.088441
1 0.661098 0.414561 0.044685 0.087905
1 0.235265 0.251365 0.051204 0.090370
0 0.404041 0.243000 0.029345 0.048645
0 0.387788 0.583599 0.056980 0.061853
0 0.396733 0.395347 0.026994 0.044345
0 0.770818 0.541904 0.039314 0.077424
0 0.032342 0.526763 0.045365 0.099208
0 0.021009 0.186641 0.041664 0.087557
1 0.712274 0.640520 0.031950 0.092472
2 0.192800 0.056132 0.024929 0.058139
0 0.312363 0.967631 0.039154 0.056435
0 0.485905 0.879057 0.026813 0.044844
0 0.217232 0.095671 0.026144 0.060577
0 0.297882 0.888029 0.039722 0.053152
0 0.057702 0.020663 0.039552 0.041326
