1 0.741059 0.729377 0.059979 0.103263
0 0.800221 0.325128 0.048993 0.088939
0 0.810491 0.547994 0.052241 0.091888
0 0.451871 0.712699 0.040357 0.081976
0 0.162263 0.571052 0.043603 0.099654
0 0.279829 0.484811 0.042350 0.081311
1 0.083196 0.579482 0.060283 0.099908
0 0.114642 0.655362 0.042556 0.061434
0 0.385022 0.746765 0.034060 0.060030
0 0.138531 0.224808 0.053552 0.083397
0 0.069949 0.256840 0.047356 0.076228
1 0.294282 0.794055 0.041793 0.082670
0 0.514408 0.595756 0.054305 0.058739
0 0.514634 0.251833 0.027649 0.048060
1 0.782589 0.402634 0.046416 0.089409
1 0.361953 0.279574 0.052255 0.092445
2 0.316011 0.085957 0.025019 0.070689
1 0.844138 0.621235 0.035677 0.092630
0 0.900922 0.520009 0.039601 0.075792
0 0.515079 0.406419 0.030237 0.044836
0 0.173219 0.045188 0.046177 0.071075
0 0.071360 0.454947 0.043522 0.067241
0 0.340813 0.124208 0.024867 0.071635
0 0.610272 0.881758 0.025795 0.045376
0 0.451572 0.979395 0.036085 0.041211
0 0.433057 0.908823 0.039323 0.052943
1 0.082248 0.187976 0.042907 0.090316
