0 0.860621 0.554340 0.053318 0.093191
1 0.135423 0.575056 0.058196 0.099678
0 0.851106 0.329325 0.049185 0.093179
0 0.500483 0.714069 0.040743 0.080984
1 0.831771 0.408437 0.047275 0.088468
1 0.788193 0.735140 0.061175 0.104719
0 0.332536 0.485417 0.043391 0.082022
0 0.193730 0.224676 0.052348 0.084016
1 0.343256 0.793882 0.041180 0.084300
0 0.214663 0.569209 0.042701 0.097714
0 0.167104 0.653025 0.041484 0.062711
1 0.414571 0.278932 0.051878 0.091721
0 0.125517 0.254714 0.046601 0.076066
0 0.434059 0.746807 0.034011 0.061034
0 0.229558 0.045906 0.048423 0.071493
0 0.562505 0.253094 0.028619 0.048761
0 0.955521 0.526204 0.039731 0.076836
0 0.563126 0.596105 0.052869 0.059556
0 0.563187 0.408198 0.030962 0.044573
1 0.895058 0.627486 0.034718 0.091632
0 0.125324 0.455101 0.044825 0.063168
0 0.393917 0.125932 0.025369 0.077490
2 0.369500 0.088799 0.024546 0.076528
0 0.654069 0.885700 0.026523 0.046360
0 0.497940 0.979413 0.035318 0.041174
0 0.444041 0.451634 0.039292 0.045085
0 0.479890 0.910537 0.039357 0.052017
