0 0.553155 0.717177 0.038962 0.079270
1 0.475595 0.279943 0.050264 0.090805
0 0.913197 0.347669 0.051849 0.091451
0 0.921117 0.575403 0.056547 0.095675
1 0.842077 0.752993 0.061883 0.102934
0 0.486834 0.747666 0.033735 0.060485
0 0.226375 0.643450 0.043764 0.063858
0 0.271971 0.560307 0.042870 0.103402
1 0.195518 0.563267 0.060613 0.099396
0 0.258350 0.217934 0.053845 0.084230
0 0.616714 0.605571 0.053529 0.062134
0 0.390159 0.482765 0.043076 0.081509
1 0.395373 0.788418 0.041881 0.085827
1 0.955296 0.652510 0.036835 0.096890
0 0.190069 0.244785 0.047431 0.076113
0 0.619387 0.414069 0.031410 0.046117
1 0.893559 0.425839 0.048517 0.093051
0 0.619632 0.257324 0.028040 0.048785
0 0.294551 0.041196 0.048881 0.071281
0 0.186581 0.442197 0.045183 0.064494
2 0.436714 0.093706 0.023434 0.083863
0 0.459817 0.128203 0.025794 0.079747
0 0.701646 0.898769 0.025167 0.046746
0 0.546190 0.981659 0.036380 0.036683
1 0.204507 0.176840 0.041872 0.089748
0 0.500786 0.453080 0.042396 0.045525
0 0.529450 0.913569 0.039790 0.051288
