0 0.605254 0.724157 0.039551 0.081773
0 0.280641 0.637008 0.042582 0.063511
1 0.893747 0.771207 0.064151 0.110326
1 0.534137 0.281167 0.050234 0.090600
0 0.670009 0.611229 0.054800 0.062700
0 0.445829 0.484550 0.043617 0.084989
0 0.327676 0.554851 0.040816 0.097736
0 0.674134 0.264185 0.027935 0.051944
0 0.971446 0.358764 0.049944 0.091073
1 0.251047 0.558272 0.059362 0.100449
0 0.538167 0.751739 0.034957 0.061831
0 0.673196 0.421582 0.032761 0.046678
0 0.242985 0.435773 0.045800 0.064208
0 0.319185 0.215859 0.052393 0.085646
0 0.250921 0.241762 0.049085 0.075335
1 0.445941 0.787961 0.040748 0.085299
0 0.355747 0.040771 0.051732 0.072601
0 0.975635 0.590442 0.048729 0.098373
1 0.953666 0.439745 0.051997 0.098111
0 0.047090 0.514987 0.034159 0.066110
0 0.519176 0.126292 0.023636 0.075430
0 0.748462 0.910432 0.026102 0.045970
2 0.498182 0.094305 0.023906 0.088012
0 0.554369 0.456919 0.042771 0.048832
0 0.578220 0.919347 0.042090 0.052903
1 0.267280 0.174320 0.038409 0.084123
0 0.594392 0.983905 0.037261 0.032190
