0 0.401982 0.725491 0.089946 0.162034
0 0.456853 0.221226 0.037106 0.072205
0 0.304111 0.830901 0.065677 0.109942
0 0.569528 0.188724 0.040738 0.071785
0 0.611352 0.831951 0.043909 0.070837
0 0.647778 0.661129 0.034843 0.076566
0 0.124405 0.702279 0.051574 0.088641
0 0.058480 0.638911 0.047329 0.083004
2 0.479862 0.312168 0.030226 0.102272
0 0.290040 0.132305 0.036258 0.109705
0 0.526009 0.105795 0.027498 0.042170
0 0.613888 0.165650 0.021584 0.038878
0 0.391619 0.937904 0.041422 0.074155
0 0.594388 0.952828 0.027961 0.064756
0 0.059743 0.205805 0.119486 0.159992
0 0.250450 0.947756 0.034215 0.068323
0 0.483626 0.015159 0.022839 0.030318
0 0.495023 0.114562 0.024915 0.044780
0 0.576407 0.104544 0.022737 0.041385
1 0.442638 0.938251 0.062586 0.074392
0 0.312964 0.973190 0.056623 0.053619
0 0.442106 0.936733 0.061362 0.071509
0 0.511779 0.951612 0.033866 0.064564
0 0.022102 0.752381 0.043614 0.083763
0 0.625729 0.490451 0.023632 0.035248
