0 0.369291 0.688091 0.038078 0.059015
0 0.411034 0.614320 0.038223 0.092480
0 0.663478 0.773472 0.037047 0.074537
1 0.926953 0.816655 0.060596 0.099873
0 0.519327 0.550162 0.039931 0.078473
1 0.342904 0.615021 0.054275 0.091273
0 0.725259 0.492076 0.030210 0.044781
0 0.409050 0.308763 0.047097 0.075563
0 0.664595 0.059989 0.039938 0.111338
0 0.601562 0.796152 0.033084 0.058769
0 0.148087 0.565758 0.030758 0.059956
0 0.442347 0.148170 0.047984 0.066616
1 0.603808 0.367434 0.044016 0.080187
0 0.336065 0.504418 0.039715 0.056678
0 0.726562 0.347784 0.026601 0.047415
1 0.516564 0.827616 0.038994 0.081539
0 0.723168 0.668251 0.049380 0.055991
0 0.347165 0.328993 0.043233 0.063696
1 0.978095 0.516907 0.041838 0.086405
0 0.619597 0.526405 0.038338 0.041509
1 0.362350 0.270875 0.036803 0.077437
0 0.590569 0.229633 0.020915 0.065992
2 0.572162 0.201081 0.017995 0.076765
0 0.790042 0.941554 0.024896 0.044642
0 0.988426 0.449146 0.022296 0.057273
0 0.635878 0.950841 0.037535 0.051831
1 0.144478 0.639134 0.022540 0.039830
