0 0.419704 0.718148 0.036637 0.055770
0 0.701883 0.778773 0.035423 0.072289
1 0.562768 0.842267 0.037822 0.077461
0 0.457921 0.642829 0.036161 0.089707
0 0.689754 0.099386 0.037986 0.109960
0 0.452166 0.354187 0.044571 0.073699
0 0.383684 0.545083 0.037499 0.056048
1 0.392903 0.651368 0.051651 0.088664
0 0.560276 0.575569 0.039392 0.072621
1 0.637746 0.396503 0.041700 0.076149
1 0.948470 0.798860 0.056021 0.095507
0 0.754222 0.673494 0.043987 0.053881
2 0.604946 0.243830 0.020621 0.076956
0 0.753418 0.505501 0.031108 0.042604
0 0.750023 0.367777 0.024841 0.046853
0 0.479949 0.198112 0.042798 0.060099
0 0.643925 0.805204 0.032091 0.056668
0 0.196914 0.615916 0.030652 0.058953
1 0.022503 0.080042 0.045007 0.086066
0 0.392902 0.377135 0.040655 0.059561
0 0.621194 0.269758 0.021828 0.068843
1 0.406839 0.318765 0.033855 0.075537
1 0.985079 0.514679 0.029829 0.073961
0 0.821691 0.928467 0.025673 0.044518
0 0.654394 0.547297 0.032692 0.037554
0 0.014670 0.277948 0.029339 0.068385
0 0.678465 0.948706 0.036892 0.048939
1 0.430952 0.027140 0.040686 0.054279
0 0.994090 0.455778 0.011821 0.061494
