0 0.547746 0.723092 0.036502 0.057216
0 0.575357 0.635136 0.037098 0.082857
0 0.810475 0.686430 0.035461 0.068838
1 0.515647 0.664647 0.049564 0.085062
1 0.689082 0.790798 0.038261 0.074553
0 0.548814 0.359410 0.043150 0.071606
0 0.665783 0.539329 0.040097 0.077281
0 0.760533 0.728154 0.032178 0.055509
0 0.805455 0.288559 0.024735 0.043845
0 0.303425 0.698429 0.032092 0.059706
2 0.082828 0.631489 0.055046 0.064567
0 0.495061 0.564355 0.034839 0.054299
0 0.558417 0.203075 0.041703 0.062510
1 0.721651 0.347540 0.043220 0.072935
0 0.741586 0.051645 0.036157 0.097623
0 0.824978 0.911815 0.032590 0.052692
0 0.696623 0.231293 0.022949 0.065994
0 0.082576 0.422109 0.041148 0.071576
0 0.802179 0.853376 0.037829 0.047616
1 0.069690 0.213325 0.050598 0.084488
1 0.500939 0.339498 0.035907 0.074404
0 0.825465 0.415907 0.028730 0.039554
0 0.769006 0.941961 0.034197 0.061650
0 0.021304 0.070289 0.042401 0.090969
0 0.844630 0.570668 0.036044 0.044020
1 0.311861 0.775342 0.024467 0.054626
0 0.423458 0.045712 0.024464 0.058470
1 0.142716 0.066159 0.039063 0.066748
0 0.747988 0.483773 0.031417 0.039054
0 0.493642 0.399149 0.035139 0.059790
1 0.360813 0.075027 0.032671 0.077259
0 0.914326 0.786483 0.021860 0.036045
2 0.681198 0.208741 0.018264 0.065717
