0 0.588512 0.724884 0.038591 0.057651
0 0.850598 0.687329 0.035040 0.068636
1 0.729393 0.792048 0.037645 0.075012
2 0.127148 0.633101 0.054240 0.065448
0 0.616488 0.636478 0.037204 0.083436
1 0.763560 0.348860 0.043001 0.076476
1 0.557315 0.667289 0.049627 0.084819
0 0.536495 0.566765 0.035699 0.053775
0 0.590966 0.359934 0.042552 0.069257
0 0.343562 0.700777 0.033560 0.061820
0 0.707894 0.540186 0.040895 0.077931
0 0.800747 0.729873 0.031971 0.056892
1 0.112155 0.214472 0.047178 0.081833
0 0.843082 0.289930 0.024666 0.044982
0 0.127978 0.424382 0.043390 0.073876
0 0.782685 0.053368 0.034449 0.100489
0 0.864782 0.913745 0.033476 0.055174
0 0.601249 0.204965 0.043079 0.062757
0 0.841328 0.854481 0.037090 0.047221
1 0.542294 0.340368 0.036426 0.074790
0 0.864738 0.416886 0.029665 0.040789
0 0.060070 0.073298 0.050630 0.084270
0 0.807860 0.944625 0.036449 0.064094
0 0.464758 0.049654 0.023207 0.059187
1 0.183997 0.071989 0.040176 0.073501
1 0.023930 0.107292 0.033976 0.079334
0 0.738531 0.230435 0.021658 0.061322
0 0.883484 0.571828 0.033565 0.043558
0 0.787932 0.484738 0.031278 0.039305
1 0.353087 0.776834 0.024010 0.053295
0 0.951020 0.787898 0.021897 0.038922
0 0.536312 0.399236 0.034541 0.058528
1 0.401298 0.079534 0.033481 0.074298
0 0.012804 0.791797 0.025607 0.055767
0 0.396412 0.484001 0.024844 0.047126
