1 0.624052 0.703491 0.046952 0.078656
1 0.816934 0.406898 0.039433 0.070415
0 0.653192 0.756469 0.033051 0.051081
0 0.763732 0.585900 0.037734 0.072746
0 0.666128 0.271763 0.041106 0.059081
0 0.679126 0.674597 0.033864 0.080137
0 0.115713 0.817109 0.042915 0.056407
0 0.603311 0.610085 0.031998 0.052393
0 0.228403 0.477468 0.039508 0.067788
1 0.212478 0.281347 0.041860 0.076074
0 0.349515 0.072603 0.030960 0.068488
1 0.407321 0.050267 0.030858 0.056591
0 0.419679 0.729747 0.033105 0.056497
1 0.783084 0.821612 0.035188 0.070290
0 0.657334 0.417722 0.040328 0.063033
0 0.849691 0.762519 0.030595 0.052496
0 0.897143 0.722399 0.032136 0.063991
0 0.835256 0.129560 0.033035 0.094502
0 0.885734 0.876554 0.034224 0.044760
2 0.227213 0.671196 0.050739 0.061084
1 0.613212 0.400166 0.031896 0.072115
0 0.162369 0.147961 0.046776 0.078795
0 0.908454 0.466490 0.027532 0.036877
0 0.794127 0.298201 0.021863 0.058619
0 0.907956 0.933947 0.031802 0.052704
1 0.131043 0.184434 0.030487 0.071168
1 0.274833 0.149717 0.038240 0.068910
0 0.854955 0.962891 0.031742 0.059307
1 0.428143 0.802220 0.022039 0.050554
0 0.888180 0.345626 0.021651 0.041977
0 0.927621 0.613875 0.031212 0.040198
0 0.537166 0.127608 0.023283 0.060028
1 0.476539 0.152730 0.031435 0.066056
0 0.605472 0.455723 0.030983 0.054325
0 0.985826 0.815306 0.020191 0.037411
0 0.838210 0.532686 0.026321 0.034828
0 0.468959 0.527998 0.022058 0.042866
