0 0.650436 0.769326 0.034869 0.051684
0 0.676396 0.687590 0.035051 0.076991
2 0.232279 0.681894 0.051218 0.062037
0 0.890506 0.734551 0.031684 0.063331
1 0.811307 0.423127 0.040308 0.069275
1 0.622248 0.714665 0.044913 0.077342
1 0.409901 0.071984 0.032429 0.056771
0 0.879535 0.887125 0.033834 0.042426
0 0.421085 0.739961 0.031974 0.056155
0 0.759677 0.598502 0.038242 0.068720
0 0.170517 0.167213 0.045026 0.076768
0 0.844435 0.773275 0.029913 0.051099
0 0.233998 0.490455 0.037815 0.067407
0 0.353409 0.094189 0.031102 0.069379
0 0.654750 0.436403 0.039093 0.064702
1 0.138080 0.202027 0.029563 0.064734
0 0.829642 0.151754 0.034566 0.093381
1 0.610914 0.416576 0.033106 0.071056
1 0.778300 0.831016 0.035135 0.069692
0 0.602057 0.623394 0.032017 0.050803
0 0.901429 0.941983 0.030734 0.051634
0 0.663670 0.291896 0.040978 0.057783
0 0.903053 0.482110 0.025729 0.036374
0 0.123268 0.825559 0.043784 0.052242
1 0.219651 0.299028 0.042480 0.074362
0 0.849616 0.970931 0.030508 0.053889
1 0.278588 0.169318 0.038160 0.067214
1 0.429661 0.809118 0.022063 0.047454
0 0.882031 0.363247 0.022635 0.038908
1 0.477698 0.175183 0.031437 0.069601
0 0.790177 0.315451 0.022930 0.055761
0 0.978289 0.824781 0.020701 0.036104
0 0.537505 0.149047 0.023223 0.059065
0 0.603524 0.471783 0.033203 0.055783
0 0.920713 0.631581 0.030972 0.037195
0 0.832875 0.547198 0.026702 0.032124
0 0.469431 0.540911 0.022372 0.040365
