2 0.247470 0.701386 0.050412 0.060289
0 0.649271 0.787614 0.032875 0.052009
0 0.880481 0.754364 0.030015 0.060310
0 0.674409 0.707843 0.033372 0.075318
0 0.249103 0.519641 0.036661 0.064151
0 0.427900 0.756710 0.031232 0.052651
0 0.602491 0.646010 0.030029 0.050357
0 0.364301 0.134330 0.030642 0.063702
1 0.622641 0.734829 0.043848 0.073835
1 0.772406 0.847793 0.033280 0.067006
0 0.822784 0.193499 0.033937 0.086842
1 0.234475 0.335250 0.041333 0.071457
1 0.418123 0.115496 0.030406 0.052014
0 0.836370 0.793680 0.029441 0.048340
0 0.188102 0.207286 0.044248 0.076889
0 0.755166 0.624119 0.035021 0.069195
0 0.892895 0.510638 0.025405 0.036622
0 0.662152 0.327983 0.039581 0.054736
1 0.611816 0.448629 0.030069 0.066442
0 0.142995 0.840949 0.040905 0.052863
1 0.805546 0.455478 0.038493 0.067893
0 0.653906 0.466491 0.038098 0.059402
0 0.892000 0.956116 0.030148 0.050155
1 0.157492 0.241109 0.029567 0.067899
1 0.436561 0.826482 0.023600 0.049551
0 0.870584 0.901101 0.031573 0.040270
1 0.292129 0.208243 0.036638 0.063220
0 0.783715 0.355772 0.020493 0.059998
1 0.484188 0.213163 0.029273 0.065200
0 0.873852 0.395811 0.021026 0.041942
0 0.540886 0.190536 0.021200 0.051965
0 0.968496 0.841750 0.019189 0.034970
0 0.909745 0.651723 0.029518 0.039426
0 0.841966 0.978432 0.031349 0.043135
0 0.826238 0.573905 0.025949 0.032375
0 0.475596 0.566451 0.020158 0.039023
0 0.604278 0.502063 0.029543 0.051151
