1 0.818558 0.468278 0.038797 0.068654
2 0.271713 0.711721 0.047837 0.058621
0 0.677913 0.343677 0.038623 0.053906
0 0.690701 0.716272 0.032328 0.073915
0 0.272765 0.532674 0.035847 0.066410
0 0.769327 0.632742 0.035782 0.067590
0 0.665878 0.792844 0.031276 0.048356
1 0.638998 0.742186 0.043696 0.074967
0 0.893136 0.758700 0.028861 0.058506
0 0.670124 0.478950 0.036511 0.059471
0 0.446955 0.763535 0.030579 0.052988
0 0.384266 0.155183 0.028803 0.064518
1 0.437148 0.134460 0.030878 0.051440
0 0.212201 0.226246 0.042935 0.073556
1 0.258475 0.350485 0.038597 0.068422
0 0.849777 0.798234 0.027239 0.047156
0 0.835345 0.208208 0.031927 0.085885
0 0.904117 0.958653 0.029423 0.048862
1 0.182360 0.258423 0.028407 0.062916
0 0.619248 0.655933 0.028088 0.046138
0 0.170625 0.847651 0.039434 0.050022
0 0.883300 0.905174 0.030809 0.042166
1 0.314200 0.222157 0.036712 0.062423
1 0.455913 0.832196 0.021033 0.046757
0 0.905545 0.519023 0.024380 0.034842
1 0.786598 0.851682 0.032696 0.067359
1 0.628500 0.461551 0.031792 0.066880
0 0.558433 0.207660 0.021188 0.052245
1 0.501063 0.231510 0.029459 0.065555
0 0.797371 0.366695 0.021546 0.051855
0 0.885425 0.405905 0.022213 0.037115
0 0.922656 0.657995 0.028736 0.037556
1 0.009078 0.337943 0.018157 0.069522
0 0.977396 0.844422 0.020508 0.034728
0 0.009108 0.225937 0.018118 0.052111
0 0.855215 0.979598 0.031685 0.040804
0 0.492872 0.575921 0.020064 0.038523
0 0.704456 0.019569 0.029444 0.039138
0 0.839275 0.583004 0.022242 0.031364
