1 0.659551 0.742762 0.044693 0.074117
1 0.838381 0.467720 0.039489 0.067765
0 0.699161 0.344004 0.039963 0.055485
0 0.912166 0.759962 0.030172 0.060572
0 0.685909 0.793489 0.032892 0.051011
0 0.709864 0.716174 0.032765 0.074380
0 0.855100 0.210200 0.033013 0.087168
1 0.020973 0.339847 0.038764 0.066655
0 0.869272 0.797944 0.027692 0.047824
0 0.640240 0.655651 0.029543 0.046991
0 0.788814 0.632960 0.034680 0.065083
1 0.203958 0.260458 0.028238 0.064124
1 0.456515 0.137025 0.030232 0.051029
0 0.233553 0.228380 0.043755 0.074751
0 0.294634 0.534112 0.035276 0.064336
0 0.690649 0.479942 0.037181 0.061621
0 0.193707 0.847710 0.038370 0.048766
0 0.467246 0.763479 0.031030 0.052420
1 0.278971 0.352219 0.038375 0.068007
2 0.294310 0.712591 0.046144 0.057810
0 0.403455 0.157275 0.030356 0.063379
0 0.922772 0.957665 0.029527 0.049402
1 0.806621 0.851964 0.033574 0.066124
1 0.334179 0.225793 0.035100 0.063176
0 0.020851 0.237332 0.036392 0.060761
1 0.649454 0.463479 0.031190 0.065014
0 0.901765 0.905236 0.031788 0.040723
0 0.923385 0.519222 0.024561 0.034581
0 0.817974 0.366671 0.021778 0.055828
1 0.474724 0.833480 0.021922 0.047172
0 0.903413 0.405447 0.021338 0.037679
0 0.577976 0.208502 0.020587 0.050939
1 0.520151 0.232595 0.029110 0.065050
0 0.874140 0.979332 0.031744 0.041335
0 0.940105 0.655847 0.028691 0.038004
0 0.858157 0.583565 0.023096 0.030192
0 0.993660 0.845211 0.012394 0.035382
0 0.511923 0.576228 0.021937 0.036420
0 0.641365 0.515693 0.029678 0.054949
0 0.140458 0.268607 0.019529 0.035348
0 0.725308 0.019951 0.029493 0.039903
