1 0.310675 0.356719 0.039097 0.070420
0 0.050957 0.239640 0.036111 0.059652
0 0.729915 0.346673 0.039143 0.054971
0 0.717655 0.796733 0.031201 0.049027
0 0.722828 0.482841 0.036929 0.060410
1 0.050705 0.344716 0.038589 0.065429
0 0.226596 0.852187 0.038305 0.049628
0 0.326593 0.538069 0.034432 0.061837
1 0.690882 0.746820 0.044577 0.075754
0 0.885430 0.211041 0.030748 0.085509
0 0.495888 0.768493 0.031676 0.054081
0 0.433270 0.161363 0.030350 0.063767
1 0.869386 0.470136 0.037768 0.065258
0 0.670822 0.659420 0.029605 0.046860
0 0.820468 0.635216 0.035822 0.067672
1 0.486104 0.140719 0.031266 0.052006
1 0.234455 0.264918 0.028417 0.063119
0 0.263954 0.233572 0.042067 0.073468
2 0.326149 0.716570 0.046449 0.057398
1 0.505221 0.835020 0.022450 0.048815
0 0.952833 0.961316 0.030088 0.049900
0 0.741356 0.720055 0.033186 0.074435
2 0.033834 0.194748 0.034132 0.063627
0 0.942145 0.761002 0.029204 0.058414
1 0.363585 0.232719 0.034615 0.060776
0 0.931972 0.907528 0.031730 0.043509
0 0.899951 0.801323 0.028337 0.048412
1 0.837213 0.855676 0.033610 0.066715
0 0.952750 0.522113 0.023938 0.033775
0 0.607807 0.211183 0.021126 0.050835
0 0.931735 0.407637 0.021420 0.037295
0 0.848594 0.368614 0.022995 0.053959
1 0.681144 0.465726 0.031768 0.068454
0 0.970788 0.659557 0.027266 0.043352
1 0.549550 0.233519 0.027721 0.059748
0 0.011611 0.361119 0.022942 0.080234
0 0.904099 0.981325 0.031705 0.037350
0 0.674274 0.518259 0.031419 0.053319
1 0.043256 0.940262 0.032526 0.051452
0 0.541502 0.578997 0.019617 0.035266
0 0.757752 0.021392 0.031681 0.042785
0 0.889319 0.586286 0.021271 0.031993
