2 0.304954 0.778231 0.049397 0.064510
1 0.667355 0.686561 0.041643 0.070967
1 0.412335 0.150724 0.029858 0.052338
0 0.360678 0.184606 0.030833 0.063574
0 0.480447 0.770842 0.032785 0.053631
0 0.695812 0.727098 0.028921 0.049010
0 0.710172 0.644891 0.032085 0.068126
1 0.297259 0.275035 0.034733 0.064569
0 0.895193 0.626810 0.027008 0.056072
0 0.775784 0.543751 0.031900 0.063515
0 0.288183 0.595252 0.035938 0.063234
1 0.805596 0.373023 0.036107 0.063901
0 0.798121 0.124309 0.030858 0.079521
0 0.673556 0.426823 0.033467 0.061029
0 0.920537 0.808872 0.025603 0.043108
1 0.254008 0.416172 0.038775 0.067633
0 0.859962 0.675648 0.027764 0.049205
0 0.640579 0.609431 0.026514 0.046861
0 0.216482 0.950562 0.041078 0.056428
1 0.164890 0.345397 0.030554 0.066362
0 0.193825 0.303415 0.046790 0.076566
0 0.667657 0.292044 0.036204 0.054585
1 0.809699 0.745099 0.033081 0.064499
0 0.779165 0.282275 0.022409 0.051238
0 0.879577 0.850046 0.026743 0.050444
1 0.633542 0.419374 0.029581 0.064178
0 0.882383 0.400258 0.022892 0.034554
1 0.495704 0.835382 0.023026 0.050261
0 0.969898 0.682621 0.017203 0.034738
0 0.897575 0.763701 0.028767 0.041244
0 0.853579 0.298566 0.019260 0.036101
0 0.909690 0.517429 0.021530 0.030724
0 0.538849 0.192571 0.020708 0.052191
0 0.910521 0.523485 0.022573 0.031576
1 0.483879 0.230071 0.028407 0.066156
0 0.831843 0.476468 0.020660 0.028995
0 0.978087 0.852113 0.018340 0.033663
2 0.059904 0.094855 0.039064 0.081319
