0 0.455918 0.470158 0.036040 0.067120
0 0.573221 0.417638 0.041792 0.071329
0 0.284793 0.399202 0.034024 0.094765
0 0.527891 0.337408 0.030148 0.042852
0 0.617532 0.377024 0.020984 0.040194
0 0.495521 0.351167 0.025627 0.041711
2 0.480892 0.556898 0.030469 0.092105
1 0.266051 0.218472 0.067092 0.129252
0 0.544247 0.068526 0.015475 0.030552
0 0.632287 0.738395 0.026584 0.042260
0 0.480264 0.229879 0.028597 0.053903
0 0.586190 0.165446 0.016627 0.043056
0 0.051380 0.515097 0.102760 0.156228
0 0.658225 0.944823 0.034874 0.081746
0 0.579406 0.315836 0.024205 0.041097
0 0.525871 0.023433 0.018620 0.043511
