0 0.951407 0.810788 0.024812 0.043323
1 0.444235 0.154410 0.028956 0.048288
1 0.837112 0.374184 0.037195 0.064305
1 0.700239 0.689771 0.041946 0.071542
0 0.728581 0.729971 0.029721 0.048599
0 0.512484 0.773908 0.033942 0.053383
0 0.829482 0.125693 0.031633 0.082519
0 0.925761 0.628383 0.026292 0.056951
0 0.393595 0.188118 0.031326 0.064197
0 0.323730 0.598502 0.036714 0.066160
0 0.743403 0.647157 0.032290 0.068965
1 0.288762 0.420520 0.039348 0.068541
2 0.340977 0.780159 0.048862 0.059750
0 0.807998 0.545075 0.032812 0.064104
0 0.227021 0.307656 0.044510 0.077639
0 0.701094 0.294676 0.037665 0.055289
0 0.252832 0.954053 0.040979 0.055001
1 0.328753 0.279671 0.034987 0.065263
1 0.841184 0.749512 0.032911 0.066020
1 0.014261 0.485823 0.028384 0.063429
0 0.673059 0.613134 0.027338 0.046058
0 0.891841 0.677414 0.026803 0.047914
0 0.707326 0.427581 0.033401 0.057873
1 0.526935 0.839284 0.021288 0.049036
1 0.667025 0.419898 0.029719 0.063484
2 0.027193 0.097679 0.046616 0.112601
1 0.201879 0.351002 0.031520 0.064485
0 0.811086 0.282511 0.022550 0.052249
0 0.912641 0.400850 0.020339 0.031686
0 0.939084 0.519834 0.024335 0.038894
0 0.910646 0.852782 0.026721 0.054692
0 0.009895 0.368822 0.019789 0.057930
0 0.571037 0.194950 0.020119 0.050353
0 0.882865 0.299921 0.020014 0.036336
1 0.515326 0.233573 0.028467 0.065377
0 0.927970 0.768530 0.028574 0.039343
2 0.097847 0.099164 0.034074 0.081529
0 0.994703 0.685874 0.010240 0.039869
