1 0.736102 0.694237 0.042113 0.071516
0 0.764787 0.733989 0.030461 0.047412
1 0.875891 0.752317 0.032027 0.064420
2 0.378916 0.784200 0.048862 0.059871
1 0.326832 0.424355 0.037953 0.070236
0 0.984003 0.814898 0.023897 0.046670
0 0.864981 0.129241 0.031226 0.081288
1 0.479588 0.158821 0.028724 0.048980
0 0.427938 0.192417 0.030557 0.063585
1 0.045958 0.488779 0.042599 0.064769
1 0.873613 0.379554 0.039062 0.064623
0 0.265259 0.311715 0.046286 0.080052
0 0.361846 0.600679 0.034438 0.061168
1 0.238419 0.353937 0.029742 0.064843
0 0.709300 0.618214 0.028140 0.046235
0 0.926291 0.681816 0.026356 0.048849
0 0.293042 0.957556 0.039814 0.055143
0 0.778941 0.652071 0.032852 0.069500
1 0.363903 0.284313 0.036885 0.069673
0 0.743860 0.430929 0.032994 0.058523
0 0.546475 0.778120 0.034685 0.054241
0 0.737841 0.298350 0.039326 0.053976
0 0.843375 0.548823 0.033070 0.064410
0 0.959225 0.633375 0.026311 0.051820
2 0.065182 0.101692 0.046092 0.112688
0 0.039160 0.381270 0.039818 0.065206
0 0.943888 0.856839 0.026637 0.051912
1 0.562267 0.842945 0.024174 0.048987
0 0.945063 0.404602 0.022942 0.032467
1 0.703150 0.423338 0.030263 0.061198
0 0.606152 0.197411 0.020679 0.049226
0 0.960622 0.770736 0.028384 0.040090
0 0.846368 0.288405 0.021968 0.056315
0 0.973527 0.527689 0.021092 0.043195
0 0.915690 0.303546 0.018046 0.035467
1 0.549841 0.237197 0.027768 0.065651
2 0.137354 0.105403 0.030645 0.080472
0 0.008889 0.507781 0.017778 0.064612
2 0.014893 0.340100 0.029787 0.080155
0 0.702795 0.479466 0.030577 0.054117
0 0.007338 0.521239 0.014676 0.086594
