2 0.498832 0.786597 0.046216 0.059614
1 0.850398 0.698686 0.043509 0.072038
0 0.540233 0.194990 0.030098 0.062060
0 0.853744 0.299490 0.039839 0.055158
1 0.169959 0.490835 0.041766 0.064781
0 0.879460 0.739148 0.029604 0.046861
1 0.983587 0.758318 0.031780 0.067051
0 0.384716 0.313249 0.044868 0.076052
1 0.591432 0.157802 0.029967 0.050617
0 0.861272 0.433824 0.033496 0.059872
2 0.135490 0.340656 0.037712 0.074702
0 0.655309 0.781840 0.036090 0.052602
1 0.445503 0.427338 0.034447 0.067070
1 0.822677 0.426162 0.032306 0.062871
0 0.418097 0.959745 0.039968 0.055249
0 0.115591 0.523349 0.036213 0.085746
1 0.476952 0.283756 0.033448 0.066170
0 0.480543 0.603747 0.032796 0.063702
1 0.358280 0.355768 0.029774 0.064788
2 0.186072 0.103637 0.046386 0.109552
0 0.164125 0.381753 0.039033 0.062218
0 0.976811 0.128436 0.031216 0.078970
1 0.983254 0.382467 0.033492 0.067811
0 0.956663 0.552470 0.032346 0.062020
0 0.893496 0.655325 0.034468 0.067699
1 0.672004 0.847603 0.026623 0.050060
0 0.824142 0.621148 0.029144 0.046785
2 0.102484 0.734549 0.043457 0.066160
0 0.962285 0.285999 0.023624 0.052889
0 0.292077 0.380183 0.020147 0.037190
2 0.258293 0.109468 0.027121 0.076268
0 0.719559 0.196561 0.020418 0.043904
1 0.687576 0.439918 0.038651 0.096819
2 0.326773 0.372869 0.021078 0.059662
