2 0.366906 0.899801 0.046954 0.066036
1 0.650554 0.535587 0.031789 0.069544
0 0.604097 0.305566 0.026239 0.063957
0 0.303381 0.739110 0.032834 0.060679
0 0.782445 0.401310 0.021035 0.050577
0 0.261960 0.294434 0.038173 0.067508
0 0.123210 0.535128 0.054171 0.085519
0 0.680472 0.547983 0.021118 0.049908
0 0.795853 0.342682 0.019081 0.048522
0 0.870789 0.953482 0.025064 0.051977
1 0.303831 0.224646 0.027511 0.054048
0 0.859759 0.894385 0.030040 0.054761
0 0.857223 0.056096 0.019396 0.047877
0 0.699542 0.340993 0.022210 0.053051
0 0.844644 0.473496 0.019298 0.036479
1 0.221578 0.597021 0.036878 0.071381
0 0.511459 0.750900 0.032000 0.054424
0 0.567587 0.190310 0.023525 0.053111
0 0.826888 0.532152 0.019913 0.046587
0 0.951498 0.809295 0.021909 0.039233
1 0.761567 0.492587 0.024782 0.050653
1 0.539932 0.795236 0.025754 0.052043
0 0.649977 0.122338 0.017464 0.056680
0 0.885177 0.474640 0.014056 0.024849
2 0.073661 0.646838 0.029376 0.058743
0 0.739830 0.164384 0.014660 0.027743
1 0.105785 0.602176 0.034208 0.067958
0 0.432444 0.180459 0.022777 0.046240
0 0.671372 0.466212 0.028688 0.049052
0 0.821010 0.454274 0.018628 0.033244
0 0.844896 0.347898 0.013171 0.031297
0 0.820679 0.018806 0.018959 0.026980
0 0.812842 0.492925 0.016147 0.030941
0 0.725495 0.253911 0.013797 0.032385
0 0.783231 0.248029 0.015655 0.036581
0 0.036450 0.685854 0.022864 0.039021
0 0.612788 0.488379 0.022003 0.043409
0 0.676433 0.395918 0.015947 0.028186
