1 0.468397 0.647377 0.023305 0.047942
1 0.391762 0.784464 0.019452 0.039147
1 0.586704 0.681764 0.022149 0.042934
0 0.640743 0.167410 0.026616 0.086407
0 0.494398 0.064929 0.025447 0.078269
0 0.620190 0.350328 0.022816 0.050625
1 0.522415 0.660084 0.026563 0.058994
1 0.641786 0.792590 0.029295 0.070921
0 0.833493 0.332499 0.023954 0.043332
1 0.777098 0.635115 0.024722 0.061397
1 0.410992 0.298184 0.031440 0.063792
0 0.725234 0.048540 0.023064 0.053338
0 0.646204 0.710256 0.020548 0.039471
0 0.585032 0.019983 0.025533 0.039966
0 0.497280 0.773529 0.021818 0.039941
1 0.509554 0.607830 0.018634 0.044219
0 0.459940 0.426976 0.017070 0.053259
1 0.116280 0.045313 0.034974 0.062226
1 0.093871 0.690734 0.030630 0.067847
0 0.698286 0.024894 0.020301 0.049788
0 0.682468 0.606729 0.015364 0.027944
0 0.399307 0.734015 0.020627 0.035194
0 0.798712 0.711576 0.019300 0.044923
0 0.549065 0.301035 0.019262 0.049209
0 0.575843 0.646387 0.014167 0.032828
0 0.930970 0.619799 0.019412 0.067361
0 0.537574 0.621701 0.016567 0.047562
1 0.619429 0.102065 0.023858 0.061075
0 0.472565 0.024841 0.019375 0.049681
0 0.688157 0.548786 0.014036 0.027496
