1 0.443038 0.646635 0.023489 0.046622
1 0.562560 0.682439 0.022755 0.044617
0 0.470871 0.063273 0.026124 0.076488
0 0.617244 0.167332 0.026364 0.088747
1 0.496766 0.659561 0.025931 0.058855
1 0.753005 0.635525 0.025569 0.060670
1 0.617368 0.791947 0.028939 0.070918
0 0.596341 0.350317 0.022826 0.050579
0 0.810555 0.332845 0.023726 0.042367
0 0.621480 0.710291 0.020361 0.040437
0 0.703346 0.049821 0.023463 0.053318
1 0.364955 0.784596 0.018656 0.038258
1 0.384129 0.295342 0.031019 0.059285
1 0.063560 0.689106 0.033645 0.071225
1 0.484009 0.606371 0.018764 0.043279
0 0.561607 0.019922 0.025415 0.039844
0 0.434926 0.426219 0.016321 0.052946
1 0.087846 0.045317 0.036218 0.061570
0 0.471695 0.773016 0.021641 0.039544
0 0.675458 0.024554 0.021043 0.049107
0 0.775623 0.709930 0.017855 0.040592
0 0.907120 0.617593 0.019699 0.076497
0 0.550968 0.645783 0.013987 0.033138
0 0.525195 0.302236 0.018514 0.049646
0 0.657966 0.606477 0.015182 0.027682
0 0.512566 0.621057 0.016740 0.046702
0 0.372353 0.733423 0.021205 0.035329
1 0.596265 0.100672 0.022445 0.056905
0 0.450019 0.023502 0.018333 0.047003
1 0.562367 0.787426 0.017297 0.043320
