1 0.410362 0.635496 0.023742 0.044757
1 0.589887 0.783924 0.028351 0.067270
1 0.331380 0.773200 0.019692 0.042039
1 0.467035 0.649426 0.025881 0.058363
0 0.593828 0.701114 0.019625 0.040454
1 0.454137 0.594392 0.019285 0.038975
0 0.591920 0.154775 0.026296 0.089370
0 0.569153 0.337861 0.023651 0.049774
1 0.534735 0.673931 0.023593 0.048293
1 0.727133 0.629529 0.025930 0.061062
0 0.440581 0.763040 0.022900 0.039444
0 0.404414 0.412727 0.017285 0.051855
0 0.443792 0.048201 0.026745 0.077939
1 0.353068 0.281082 0.032076 0.064444
0 0.787044 0.323867 0.024916 0.042289
0 0.883586 0.611904 0.019644 0.073408
0 0.679745 0.035813 0.023537 0.051263
0 0.522246 0.636965 0.014849 0.034708
1 0.019513 0.674620 0.031821 0.068243
0 0.483788 0.609656 0.015787 0.051387
0 0.498069 0.288573 0.020312 0.050931
0 0.749816 0.705151 0.017440 0.037900
0 0.337545 0.724377 0.018858 0.035304
0 0.653153 0.019328 0.020206 0.038656
0 0.630466 0.597556 0.015554 0.027155
1 0.051616 0.027435 0.037153 0.054870
0 0.909172 0.591143 0.022728 0.053178
