1 0.528126 0.664182 0.024192 0.047052
1 0.318614 0.758573 0.021020 0.042029
1 0.458498 0.636785 0.027662 0.064401
0 0.592312 0.136952 0.026793 0.090970
0 0.567082 0.322661 0.022992 0.050135
1 0.584317 0.781185 0.025424 0.069773
1 0.445743 0.582439 0.018696 0.043393
0 0.431383 0.751848 0.021805 0.039956
1 0.402721 0.622056 0.023140 0.047079
1 0.726618 0.625778 0.025402 0.062053
0 0.442005 0.032493 0.025891 0.064986
0 0.791253 0.316242 0.025034 0.043240
0 0.397858 0.394388 0.017892 0.054827
1 0.345284 0.254351 0.030918 0.059446
0 0.683539 0.022857 0.022405 0.045714
0 0.588214 0.695745 0.018997 0.038468
0 0.748900 0.705552 0.017869 0.041407
0 0.326991 0.706326 0.019961 0.036440
0 0.495479 0.270374 0.018805 0.056612
0 0.515081 0.625789 0.014520 0.033827
0 0.886931 0.612953 0.020666 0.074765
0 0.476277 0.596312 0.016583 0.048300
0 0.627318 0.590286 0.015878 0.026958
1 0.007476 0.641995 0.014953 0.089183
0 0.913414 0.591908 0.024416 0.051536
0 0.635202 0.531388 0.014332 0.028410
1 0.513909 0.713588 0.015572 0.040974
