1 0.259231 0.472904 0.073988 0.133412
0 0.456790 0.714953 0.037390 0.067157
0 0.578327 0.639131 0.043289 0.076227
0 0.501605 0.118920 0.032292 0.053973
0 0.528508 0.223720 0.021451 0.043929
0 0.546374 0.273927 0.016976 0.034725
0 0.278623 0.661368 0.033851 0.092071
0 0.582886 0.523463 0.025187 0.047922
2 0.282345 0.261292 0.035376 0.062736
0 0.622677 0.588434 0.022594 0.042283
0 0.410264 0.171358 0.064928 0.105154
0 0.349745 0.201635 0.024512 0.071085
0 0.497697 0.579777 0.025777 0.041094
0 0.590381 0.355313 0.017178 0.035900
0 0.481326 0.446172 0.029644 0.060895
0 0.183760 0.164080 0.069732 0.079559
2 0.482291 0.802909 0.032258 0.100100
0 0.531862 0.561847 0.030093 0.043662
0 0.639142 0.978310 0.033089 0.043380
0 0.045220 0.820840 0.090440 0.158712
0 0.032821 0.821641 0.065643 0.168706
