1 0.404997 0.744058 0.018816 0.039696
0 0.550987 0.297290 0.026372 0.080164
0 0.497058 0.132027 0.027174 0.064938
1 0.680923 0.778729 0.025261 0.057956
1 0.360714 0.782955 0.023413 0.047085
1 0.485630 0.819103 0.023278 0.045882
0 0.404410 0.185411 0.030170 0.075752
1 0.529988 0.229636 0.022630 0.056920
0 0.546565 0.847859 0.020438 0.038364
0 0.357789 0.556072 0.016922 0.049471
0 0.526301 0.481203 0.022396 0.048700
1 0.416385 0.797240 0.025187 0.060534
1 0.305613 0.428481 0.033531 0.062697
0 0.745477 0.470305 0.025323 0.042856
0 0.455216 0.429027 0.019901 0.052726
0 0.641796 0.177570 0.024073 0.053575
0 0.613923 0.146195 0.022771 0.052155
0 0.434918 0.756242 0.016739 0.045789
0 0.705274 0.851391 0.017381 0.043168
0 0.584399 0.742776 0.016812 0.028454
1 0.541863 0.930820 0.028696 0.064306
1 0.277808 0.923703 0.018613 0.039466
0 0.285651 0.872512 0.022014 0.035019
0 0.389325 0.911752 0.022653 0.038278
0 0.838381 0.760092 0.018448 0.071459
1 0.013241 0.181214 0.026482 0.054345
0 0.336185 0.044078 0.017111 0.041749
0 0.474234 0.783657 0.015418 0.034971
0 0.863717 0.739706 0.021643 0.056579
0 0.444138 0.556300 0.013138 0.023533
0 0.593138 0.683601 0.014619 0.030439
0 0.976832 0.096867 0.021766 0.038687
1 0.481762 0.811912 0.020326 0.038240
