0 0.549239 0.364813 0.026148 0.079459
0 0.495047 0.199330 0.027829 0.066596
1 0.528744 0.297694 0.023580 0.059412
1 0.357917 0.858434 0.022347 0.043427
0 0.403377 0.251116 0.029108 0.074117
1 0.680829 0.846483 0.025027 0.056152
0 0.544945 0.920063 0.019600 0.038045
0 0.524764 0.549253 0.021961 0.047047
1 0.414018 0.873449 0.026823 0.058574
0 0.355257 0.628300 0.017222 0.049499
1 0.303374 0.503545 0.032727 0.061696
1 0.484349 0.892547 0.023538 0.045846
0 0.744796 0.535691 0.024469 0.042927
0 0.640292 0.241597 0.023619 0.051116
0 0.612443 0.212601 0.023387 0.051622
0 0.704846 0.919687 0.017273 0.039581
1 0.402113 0.818372 0.018312 0.039700
0 0.433205 0.828166 0.015450 0.044796
0 0.838252 0.829356 0.016960 0.070528
0 0.453090 0.495593 0.019709 0.051643
0 0.282662 0.950949 0.019333 0.034131
0 0.334005 0.109459 0.016523 0.042182
0 0.583519 0.812457 0.015313 0.026374
1 0.470593 0.948995 0.016046 0.038823
0 0.472454 0.857748 0.015513 0.036794
1 0.541898 0.985525 0.019757 0.028950
1 0.010579 0.262601 0.021158 0.056089
0 0.976560 0.149295 0.021069 0.042262
0 0.863951 0.807234 0.020018 0.052604
0 0.866463 0.810430 0.019607 0.048714
0 0.592140 0.752604 0.013124 0.028829
0 0.386547 0.983735 0.022892 0.032530
1 0.529093 0.826078 0.022570 0.035790
