0 0.548343 0.481332 0.025137 0.077158
0 0.399621 0.369702 0.028358 0.076348
1 0.526910 0.416617 0.023071 0.057873
0 0.524112 0.672912 0.023884 0.048305
0 0.493720 0.316093 0.027960 0.063408
1 0.298476 0.640320 0.031720 0.061729
0 0.746772 0.654705 0.025471 0.042991
0 0.611437 0.325542 0.023593 0.048312
1 0.681639 0.972496 0.023408 0.048387
0 0.350377 0.761077 0.018996 0.046183
0 0.640433 0.355044 0.024206 0.052380
0 0.450588 0.618760 0.021776 0.054782
1 0.398013 0.957410 0.018246 0.044321
0 0.583412 0.942075 0.016592 0.028848
0 0.980284 0.241159 0.024162 0.049396
0 0.330051 0.222813 0.016870 0.041712
0 0.429612 0.962152 0.013896 0.039334
1 0.354103 0.986741 0.020394 0.026518
0 0.469712 0.988270 0.015415 0.023460
0 0.591655 0.878851 0.013551 0.027850
0 0.438573 0.760390 0.014579 0.027170
1 0.527778 0.956786 0.024726 0.039024
0 0.415870 0.579790 0.023283 0.031494
