1 0.237386 0.458492 0.083590 0.146984
0 0.589026 0.640492 0.047051 0.082156
0 0.406752 0.132081 0.071631 0.113060
0 0.553853 0.247063 0.017840 0.035329
0 0.505092 0.080145 0.034312 0.059518
0 0.501516 0.576399 0.027439 0.043817
0 0.537678 0.555966 0.034236 0.046407
0 0.456957 0.722470 0.041121 0.074348
0 0.261308 0.663506 0.038523 0.100930
2 0.266752 0.231986 0.038246 0.069092
0 0.592759 0.514490 0.027102 0.049763
0 0.636468 0.585970 0.023387 0.043288
0 0.483529 0.432016 0.033304 0.065358
0 0.534481 0.193679 0.023677 0.046934
0 0.340739 0.164738 0.025588 0.076894
2 0.484292 0.818892 0.035981 0.108185
0 0.601013 0.335897 0.016958 0.038510
0 0.160978 0.122798 0.079613 0.084160
0 0.026969 0.840546 0.053901 0.134710
