0 0.374848 0.495139 0.038120 0.063744
0 0.476728 0.396599 0.060509 0.080200
0 0.472938 0.475795 0.026412 0.082091
0 0.702438 0.466807 0.070765 0.132978
0 0.448680 0.147211 0.034665 0.074162
0 0.358274 0.315052 0.025234 0.037926
0 0.352766 0.937458 0.042635 0.083974
0 0.365064 0.107729 0.019682 0.042785
0 0.349573 0.719256 0.033064 0.065874
0 0.418566 0.036529 0.021232 0.051183
0 0.340813 0.040877 0.021863 0.057362
0 0.539226 0.395994 0.018303 0.041208
0 0.452615 0.025734 0.022065 0.051467
0 0.365054 0.385394 0.029552 0.038347
1 0.657000 0.070725 0.055222 0.131390
1 0.342544 0.782176 0.023478 0.044009
0 0.319299 0.361016 0.014448 0.028219
2 0.606396 0.318837 0.023266 0.040577
1 0.651488 0.046277 0.049177 0.081893
