0 0.611992 0.774211 0.057820 0.101997
0 0.507435 0.079114 0.041211 0.070904
1 0.160494 0.568746 0.109043 0.187042
0 0.445573 0.898139 0.055525 0.096622
0 0.385847 0.146956 0.087337 0.140878
0 0.614917 0.608297 0.032433 0.059099
0 0.543011 0.217098 0.026914 0.055917
0 0.187400 0.837565 0.054312 0.113833
0 0.479534 0.517042 0.044716 0.083033
0 0.503338 0.701157 0.034988 0.052376
0 0.567164 0.282724 0.021813 0.040414
2 0.209117 0.269062 0.048284 0.090040
0 0.547695 0.672358 0.041314 0.062262
0 0.302855 0.187190 0.033828 0.096954
0 0.669488 0.700985 0.028596 0.051986
0 0.622908 0.387039 0.019630 0.045905
0 0.076375 0.139250 0.114827 0.109215
