0 0.384118 0.282509 0.091224 0.148702
0 0.507810 0.201726 0.043326 0.071173
0 0.612837 0.926793 0.060338 0.110259
0 0.567635 0.412212 0.023862 0.044474
0 0.503133 0.859804 0.035396 0.056674
0 0.673092 0.841688 0.030140 0.059224
0 0.478483 0.662633 0.049905 0.099519
0 0.616438 0.743277 0.035681 0.066294
0 0.299509 0.326900 0.035403 0.094003
0 0.547618 0.824348 0.043842 0.068327
0 0.544479 0.343636 0.029327 0.057883
0 0.065746 0.281675 0.112843 0.115376
2 0.202737 0.416083 0.048197 0.093502
1 0.148768 0.756047 0.131698 0.199229
0 0.624693 0.502834 0.020258 0.046036
0 0.511545 0.025703 0.028768 0.048114
