0 0.382303 0.402105 0.091121 0.155980
0 0.507947 0.306058 0.045958 0.073184
0 0.297091 0.448774 0.033520 0.088129
0 0.568088 0.521395 0.024857 0.047973
0 0.055819 0.409142 0.109093 0.127207
0 0.545115 0.448004 0.031044 0.054421
0 0.476096 0.788550 0.051181 0.103885
2 0.196587 0.545484 0.047832 0.086202
0 0.618447 0.858595 0.034929 0.067421
0 0.675915 0.959401 0.030658 0.067942
0 0.509299 0.110405 0.035888 0.058570
0 0.548494 0.952630 0.044213 0.069340
1 0.140497 0.899607 0.134816 0.200787
0 0.626783 0.605355 0.021642 0.046864
0 0.459108 0.383438 0.025068 0.061361
0 0.500031 0.982853 0.036742 0.034295
