1 0.559436 0.445641 0.052559 0.088508
2 0.104716 0.583377 0.049082 0.083790
0 0.749973 0.904526 0.029146 0.064650
0 0.894860 0.720698 0.042088 0.070874
0 0.156580 0.250196 0.104047 0.153184
0 0.478149 0.362801 0.035982 0.066064
0 0.584985 0.906006 0.034877 0.041295
1 0.346910 0.034326 0.056889 0.068652
0 0.786320 0.953030 0.036737 0.042418
2 0.583098 0.375627 0.029145 0.070371
1 0.062704 0.063974 0.073200 0.066594
1 0.648095 0.436073 0.040178 0.043649
2 0.655050 0.585770 0.020352 0.062951
0 0.112112 0.148990 0.049134 0.058760
0 0.023851 0.472994 0.047702 0.117350
0 0.064495 0.153023 0.054324 0.057235
0 0.050127 0.186475 0.100254 0.132839
0 0.021259 0.341179 0.042518 0.074218
0 0.022110 0.580512 0.039647 0.052055
0 0.047942 0.177042 0.095885 0.101151
