0 0.678049 0.237003 0.092586 0.145033
0 0.302361 0.366010 0.089174 0.150438
2 0.639644 0.561850 0.050151 0.079402
0 0.359382 0.614402 0.055522 0.102540
0 0.556129 0.454838 0.078817 0.114574
0 0.423895 0.606298 0.086718 0.132673
0 0.628977 0.128859 0.036763 0.058341
0 0.574836 0.194610 0.109679 0.164431
1 0.982139 0.428904 0.035721 0.090433
1 0.563908 0.045263 0.061423 0.071001
0 0.293266 0.645646 0.038319 0.057511
0 0.527576 0.325497 0.093754 0.087102
0 0.933319 0.341247 0.037251 0.065861
2 0.451009 0.532996 0.044472 0.051045
0 0.554151 0.555935 0.023571 0.035408
0 0.596909 0.133137 0.043796 0.050858
2 0.026441 0.465599 0.052882 0.105246
1 0.826658 0.023597 0.053541 0.047195
