1 0.282942 0.836279 0.019610 0.038354
0 0.263032 0.523556 0.036688 0.094031
0 0.308798 0.618643 0.045876 0.092995
0 0.530066 0.650434 0.025670 0.051294
0 0.521125 0.705250 0.021313 0.055181
2 0.239081 0.481547 0.024519 0.077830
2 0.750715 0.188411 0.019466 0.057113
0 0.215794 0.973198 0.027711 0.044145
2 0.682149 0.046513 0.012744 0.043098
1 0.865078 0.522587 0.024190 0.081632
2 0.382555 0.122672 0.016270 0.058020
0 0.544978 0.710188 0.021912 0.044858
1 0.177939 0.539689 0.036581 0.063978
0 0.356929 0.975719 0.027547 0.048562
