0 0.131395 0.453294 0.045396 0.089520
0 0.162793 0.553447 0.045345 0.085988
0 0.385505 0.633220 0.029360 0.055300
0 0.371195 0.686663 0.022969 0.058924
0 0.046981 0.875341 0.031610 0.050683
1 0.751096 0.579974 0.023776 0.084609
2 0.655390 0.216580 0.017425 0.056299
1 0.125991 0.758402 0.020446 0.036175
0 0.397503 0.697178 0.024190 0.048040
2 0.112328 0.403862 0.024864 0.073035
2 0.281809 0.088360 0.018560 0.059960
0 0.180757 0.913313 0.031525 0.049276
1 0.061713 0.452922 0.040029 0.066567
2 0.605471 0.025044 0.013410 0.048647
