2 0.236597 0.383265 0.044580 0.083880
1 0.880537 0.721415 0.023667 0.050815
0 0.516932 0.283936 0.023122 0.059805
1 0.468340 0.806862 0.026890 0.058899
1 0.292655 0.801740 0.039571 0.080438
0 0.795494 0.370715 0.037009 0.121592
1 0.717429 0.581232 0.028748 0.078633
0 0.840120 0.469598 0.019622 0.036437
2 0.886176 0.441274 0.019189 0.040515
0 0.410831 0.795683 0.023457 0.059356
0 0.856328 0.544360 0.021020 0.047377
0 0.842681 0.510706 0.017109 0.039480
2 0.145752 0.520169 0.038835 0.075071
1 0.282130 0.046435 0.025048 0.043752
2 0.581146 0.631702 0.028782 0.072279
