2 0.345063 0.422427 0.046923 0.085998
1 0.961519 0.683240 0.024748 0.047539
1 0.582017 0.822017 0.026372 0.057841
1 0.411653 0.834818 0.037385 0.073165
0 0.869592 0.342240 0.038166 0.120528
1 0.802396 0.562321 0.026908 0.079583
0 0.918793 0.479225 0.018083 0.038683
2 0.954694 0.401829 0.019049 0.038240
0 0.612963 0.288134 0.022157 0.057323
0 0.525746 0.816607 0.021580 0.059339
0 0.913816 0.438130 0.019402 0.034629
0 0.931948 0.509881 0.019132 0.040576
1 0.379909 0.076323 0.027533 0.043763
2 0.243192 0.569735 0.044412 0.073207
0 0.937529 0.501368 0.017267 0.039545
0 0.934489 0.505787 0.021275 0.043974
