2 0.284993 0.545154 0.037824 0.090089
0 0.587968 0.656037 0.046175 0.108641
0 0.973988 0.355452 0.047546 0.098959
0 0.614583 0.913395 0.046559 0.090955
0 0.403739 0.579279 0.027785 0.086118
0 0.651461 0.589502 0.050827 0.113681
0 0.043788 0.535035 0.028303 0.084594
2 0.268717 0.720430 0.034217 0.076622
2 0.461668 0.392786 0.050409 0.070136
1 0.551930 0.152102 0.041826 0.095136
0 0.638137 0.414066 0.020862 0.053954
2 0.455731 0.456333 0.039337 0.048851
1 0.757648 0.214302 0.035936 0.056061
1 0.842669 0.127611 0.063992 0.094568
2 0.432392 0.731410 0.045052 0.073128
0 0.580821 0.024605 0.035752 0.049209
