0 0.925917 0.473679 0.050418 0.100866
0 0.539225 0.134193 0.039024 0.092606
0 0.549559 0.771003 0.044600 0.103839
1 0.512798 0.290803 0.041004 0.091120
0 0.370369 0.694401 0.026176 0.076553
2 0.256849 0.662225 0.034836 0.086558
0 0.612178 0.701442 0.053466 0.114887
0 0.459119 0.118936 0.037743 0.093446
1 0.712804 0.343705 0.037758 0.058676
0 0.029540 0.628331 0.027051 0.076336
2 0.240182 0.830950 0.032216 0.067425
2 0.426525 0.518543 0.046340 0.068528
2 0.781118 0.096614 0.038888 0.061596
1 0.791265 0.268714 0.056619 0.085712
2 0.423505 0.578087 0.042855 0.048332
2 0.583508 0.033403 0.027032 0.066807
2 0.175392 0.919805 0.030739 0.059948
2 0.943933 0.746235 0.055494 0.110833
0 0.596993 0.537389 0.021015 0.052670
0 0.804369 0.218335 0.029438 0.051139
