0 0.683663 0.332241 0.044776 0.095679
0 0.061542 0.442318 0.071538 0.117396
0 0.582926 0.201138 0.041159 0.118642
2 0.704680 0.703396 0.036066 0.073199
1 0.107645 0.159165 0.040674 0.067126
0 0.379409 0.454353 0.084335 0.106548
0 0.287916 0.228251 0.063164 0.095527
1 0.260003 0.393628 0.049603 0.118517
1 0.156693 0.083985 0.037824 0.066740
2 0.462783 0.354910 0.040003 0.091136
0 0.877709 0.648855 0.040758 0.098962
0 0.634254 0.403846 0.040317 0.106496
1 0.211335 0.722298 0.042404 0.082089
2 0.951593 0.123453 0.059149 0.119826
0 0.735093 0.694712 0.031872 0.069657
1 0.485257 0.606565 0.032757 0.113158
0 0.838777 0.652551 0.042263 0.085341
2 0.538065 0.120210 0.029566 0.073953
