0 0.774128 0.285188 0.045851 0.100150
0 0.666194 0.139117 0.044270 0.126278
0 0.102053 0.407559 0.081260 0.133625
1 0.554202 0.586440 0.034406 0.117567
1 0.150455 0.099898 0.044069 0.072252
0 0.719265 0.364497 0.049313 0.125042
0 0.346334 0.175459 0.076546 0.098897
2 0.532137 0.311940 0.046533 0.101332
1 0.261312 0.709227 0.045187 0.090197
2 0.802101 0.686864 0.038972 0.081325
1 0.315492 0.357269 0.052495 0.132219
0 0.834775 0.677317 0.034706 0.081533
0 0.439464 0.418593 0.091274 0.118302
1 0.205016 0.027148 0.040466 0.054296
2 0.620004 0.049635 0.024014 0.065391
0 0.983352 0.620599 0.033297 0.095839
0 0.941587 0.634619 0.050881 0.094411
