0 0.837153 0.313162 0.047150 0.097438
0 0.184984 0.430942 0.078547 0.127584
0 0.735411 0.173213 0.044056 0.121982
1 0.235199 0.135215 0.045222 0.071985
1 0.288146 0.055794 0.036865 0.069620
0 0.423678 0.207447 0.075780 0.101495
2 0.868622 0.704388 0.039532 0.082550
0 0.785163 0.387668 0.051290 0.115164
1 0.336124 0.722420 0.042391 0.082626
0 0.509986 0.440258 0.088508 0.116584
2 0.603881 0.336022 0.041811 0.097102
1 0.392130 0.381989 0.045513 0.120573
1 0.622516 0.602172 0.036662 0.118597
0 0.901680 0.695302 0.035783 0.076747
2 0.690464 0.080645 0.025172 0.060431
1 0.708770 0.414664 0.025895 0.050069
