0 0.254781 0.505201 0.067310 0.113812
1 0.299557 0.255259 0.039577 0.062532
0 0.816239 0.415545 0.041720 0.087062
0 0.728821 0.296995 0.037550 0.102289
0 0.459410 0.317613 0.060842 0.084420
2 0.615036 0.431666 0.035524 0.075955
2 0.841335 0.752469 0.033387 0.071055
0 0.531788 0.516143 0.075556 0.098980
1 0.381799 0.757863 0.035311 0.071464
1 0.432563 0.465357 0.038321 0.103574
0 0.771578 0.476711 0.042237 0.094691
1 0.345914 0.190022 0.030982 0.058554
0 0.342439 0.062531 0.049863 0.058391
1 0.629255 0.659788 0.031677 0.101889
0 0.987452 0.698424 0.024705 0.084790
2 0.689835 0.221491 0.025244 0.060883
0 0.869735 0.746566 0.028005 0.069167
1 0.706394 0.499596 0.022977 0.045614
