0 0.254914 0.548920 0.068936 0.116614
1 0.328012 0.213150 0.030043 0.057477
0 0.712366 0.242926 0.037192 0.098491
1 0.399437 0.772525 0.034926 0.065149
0 0.449725 0.317849 0.061757 0.084798
1 0.283888 0.286778 0.039623 0.064776
0 0.763966 0.410911 0.040389 0.095285
2 0.610536 0.399954 0.035294 0.079838
0 0.802514 0.342688 0.041519 0.080916
1 0.431609 0.473043 0.037105 0.104388
2 0.849997 0.663837 0.033358 0.067027
0 0.532690 0.499139 0.073292 0.095962
0 0.317291 0.084492 0.049801 0.060699
1 0.638345 0.620949 0.030725 0.096846
2 0.671533 0.176334 0.022472 0.055760
0 0.876043 0.652929 0.026674 0.062151
0 0.951716 0.594461 0.042028 0.080095
0 0.985553 0.585471 0.028894 0.081953
0 0.323940 0.023339 0.041774 0.046678
1 0.158878 0.507305 0.028557 0.041053
