1 0.302016 0.298294 0.039426 0.063137
0 0.278091 0.564789 0.069493 0.115279
0 0.817128 0.317501 0.040387 0.076826
1 0.427945 0.776364 0.033451 0.066788
0 0.727460 0.225151 0.035332 0.096033
1 0.343744 0.221503 0.030378 0.056094
0 0.782104 0.388198 0.040913 0.097047
0 0.553866 0.491550 0.073624 0.094292
0 0.465983 0.317623 0.060328 0.080470
1 0.453669 0.474088 0.036150 0.103136
2 0.630310 0.387926 0.035347 0.075771
2 0.874277 0.632427 0.031324 0.069462
0 0.330164 0.094498 0.046245 0.058428
1 0.663469 0.601460 0.030017 0.094105
0 0.973426 0.549883 0.049674 0.087797
2 0.685039 0.158887 0.022141 0.049172
0 0.898745 0.619378 0.028539 0.063092
0 0.334613 0.027830 0.044676 0.055660
2 0.898774 0.620388 0.028956 0.067197
0 0.144557 0.026507 0.031690 0.053015
2 0.895543 0.625766 0.028948 0.071552
