0 0.260116 0.492710 0.040707 0.068370
0 0.354751 0.473425 0.028823 0.082266
0 0.572522 0.464018 0.070907 0.131745
0 0.336966 0.146558 0.036991 0.075373
0 0.357013 0.393218 0.061345 0.080110
0 0.245943 0.313828 0.025425 0.043362
0 0.240887 0.935986 0.041532 0.082657
0 0.239423 0.713919 0.033877 0.058105
0 0.416773 0.390424 0.016668 0.036884
0 0.237727 0.035201 0.023080 0.063131
0 0.308350 0.033776 0.021155 0.047627
1 0.517901 0.039468 0.044947 0.069542
0 0.339025 0.022201 0.022573 0.044401
0 0.261722 0.105144 0.017527 0.037661
0 0.254677 0.381662 0.030511 0.040682
0 0.959202 0.727298 0.078048 0.123155
2 0.478248 0.314207 0.020443 0.036088
