0 0.488539 0.820340 0.087021 0.136580
0 0.401422 0.341533 0.047664 0.095379
0 0.901055 0.184060 0.060613 0.130687
0 0.799809 0.062930 0.048896 0.078299
0 0.514215 0.351516 0.041640 0.097842
1 0.269853 0.459197 0.060604 0.105302
0 0.283915 0.365713 0.046704 0.075566
1 0.835280 0.216074 0.040677 0.078663
1 0.445919 0.569283 0.045746 0.073309
0 0.408756 0.770586 0.038751 0.091490
0 0.747610 0.454804 0.028417 0.063165
2 0.253617 0.843424 0.038954 0.063890
0 0.253990 0.789920 0.035636 0.060430
0 0.967691 0.457773 0.062273 0.110166
1 0.044589 0.278824 0.037907 0.083738
1 0.010018 0.740436 0.020035 0.065829
0 0.059122 0.693109 0.064611 0.118291
0 0.065157 0.703127 0.052459 0.101274
0 0.075214 0.797330 0.029194 0.055735
2 0.501733 0.567557 0.048475 0.092068
0 0.005480 0.950130 0.010960 0.074784
0 0.080497 0.445098 0.017012 0.030478
0 0.006767 0.955229 0.013535 0.087519
