1 0.639117 0.450353 0.066486 0.096031
1 0.416558 0.890319 0.051105 0.087616
2 0.582465 0.689089 0.027589 0.048979
2 0.190713 0.664562 0.041666 0.068615
1 0.161787 0.174991 0.063711 0.137236
1 0.641689 0.539820 0.067785 0.101018
0 0.643448 0.613117 0.033076 0.047758
1 0.365891 0.825196 0.051356 0.095552
2 0.516439 0.166160 0.047217 0.104975
1 0.809404 0.054941 0.066201 0.109883
1 0.645463 0.205122 0.061059 0.118840
2 0.511288 0.415663 0.033437 0.058590
1 0.757802 0.924196 0.049465 0.085415
1 0.419712 0.806376 0.028857 0.058543
