1 0.597048 0.450368 0.064850 0.096593
1 0.119792 0.172532 0.063661 0.136763
1 0.374359 0.890331 0.051860 0.088473
0 0.602585 0.612730 0.031629 0.050864
2 0.541959 0.686529 0.027159 0.045592
2 0.151824 0.662881 0.044416 0.068680
1 0.323430 0.825289 0.052263 0.097275
1 0.596691 0.537017 0.069650 0.098814
1 0.598467 0.208128 0.062462 0.120184
1 0.763539 0.054536 0.062784 0.109072
2 0.471900 0.167176 0.047852 0.102560
2 0.566182 0.592058 0.032631 0.046252
1 0.714060 0.923674 0.049957 0.084236
1 0.166949 0.285190 0.045010 0.107115
