0 0.394554 0.450042 0.050073 0.096775
0 0.909086 0.269959 0.063528 0.137455
1 0.842541 0.308116 0.042351 0.081157
0 0.268767 0.485644 0.049345 0.078550
1 0.256942 0.580969 0.064953 0.105595
1 0.441245 0.696416 0.046446 0.078826
0 0.806020 0.145622 0.053176 0.082419
0 0.511651 0.456319 0.044052 0.097072
0 0.402004 0.913149 0.041114 0.095784
0 0.239776 0.934232 0.038348 0.067290
0 0.483387 0.947734 0.090446 0.104532
0 0.247230 0.044308 0.051615 0.088616
0 0.753894 0.558261 0.031371 0.061833
0 0.971402 0.567779 0.054804 0.123688
0 0.976250 0.039837 0.047500 0.079674
0 0.037183 0.822574 0.060246 0.120883
2 0.497434 0.691228 0.048118 0.098828
1 0.017472 0.390748 0.033299 0.083761
0 0.139972 0.313755 0.026501 0.049931
0 0.336263 0.035731 0.033582 0.071131
1 0.336429 0.035957 0.033126 0.071025
