0 0.405981 0.216588 0.053825 0.109487
1 0.457158 0.636267 0.042511 0.074696
1 0.681020 0.468808 0.072774 0.126337
1 0.245607 0.313275 0.077032 0.086378
1 0.067831 0.295584 0.073924 0.102006
1 0.303688 0.180963 0.052254 0.079074
1 0.483481 0.357031 0.042720 0.063761
1 0.492101 0.428964 0.057371 0.079311
1 0.136220 0.160435 0.046340 0.073532
1 0.141039 0.328703 0.051027 0.072541
1 0.644717 0.805774 0.043883 0.076213
2 0.267267 0.513481 0.042122 0.045323
2 0.306447 0.618528 0.103243 0.101390
1 0.110269 0.057120 0.088598 0.108078
1 0.518365 0.151796 0.048020 0.076683
2 0.162823 0.083435 0.037763 0.058478
1 0.201091 0.405206 0.055554 0.061512
1 0.438081 0.348381 0.038783 0.069651
1 0.351376 0.510170 0.040901 0.064292
