1 0.474175 0.641228 0.041379 0.073274
1 0.666930 0.781254 0.045000 0.075078
0 0.402249 0.232027 0.054768 0.110813
1 0.687066 0.439434 0.073227 0.123435
1 0.484566 0.358814 0.041843 0.061801
1 0.498785 0.428184 0.056410 0.075053
1 0.300833 0.211332 0.051565 0.075761
1 0.246437 0.352293 0.073083 0.086301
1 0.067923 0.361889 0.074930 0.102776
1 0.098591 0.115065 0.092430 0.114174
2 0.278179 0.547901 0.042444 0.042035
1 0.131653 0.216305 0.049176 0.076687
2 0.322480 0.653910 0.104555 0.107849
1 0.143565 0.383123 0.054560 0.078188
2 0.154064 0.132443 0.034621 0.054011
1 0.206489 0.451825 0.056857 0.063237
1 0.511532 0.147635 0.046918 0.074424
