1 0.537052 0.649580 0.041829 0.078305
0 0.463731 0.245011 0.056599 0.112208
1 0.727281 0.779667 0.044406 0.076586
1 0.134544 0.390637 0.072883 0.102754
1 0.366539 0.228289 0.049406 0.074609
1 0.562639 0.435519 0.057390 0.077382
1 0.314690 0.371364 0.068497 0.080404
1 0.169143 0.144493 0.097249 0.110236
1 0.547493 0.367376 0.042526 0.065473
1 0.750300 0.435356 0.073151 0.120778
1 0.198654 0.241968 0.045911 0.074753
2 0.342973 0.563326 0.038484 0.041499
1 0.209147 0.406700 0.055543 0.076492
2 0.387136 0.663473 0.101837 0.100935
2 0.219441 0.160559 0.033965 0.056880
1 0.271712 0.472734 0.059662 0.064334
1 0.026328 0.125178 0.052657 0.080879
1 0.494313 0.647245 0.043184 0.080027
