0 0.474426 0.492799 0.038113 0.062940
0 0.580680 0.393909 0.063322 0.081255
0 0.454905 0.314016 0.025497 0.039760
0 0.816495 0.465207 0.075796 0.133038
0 0.577443 0.473413 0.026880 0.078490
0 0.455058 0.107208 0.019786 0.043908
0 0.547564 0.145008 0.035619 0.075855
0 0.452180 0.934285 0.043079 0.083647
0 0.430019 0.038556 0.021082 0.055074
0 0.447023 0.717022 0.034251 0.064988
0 0.645496 0.395376 0.021209 0.042176
0 0.548605 0.023797 0.021904 0.047595
0 0.515749 0.036058 0.022062 0.050379
1 0.774423 0.072269 0.056636 0.137611
0 0.459799 0.384413 0.027481 0.037622
2 0.720148 0.315561 0.029823 0.048922
