1 0.478028 0.421420 0.066688 0.091811
1 0.366538 0.155072 0.076318 0.074778
1 0.658488 0.394134 0.068306 0.084695
0 0.789040 0.264400 0.066012 0.119534
2 0.170962 0.522543 0.063895 0.066222
0 0.295767 0.520766 0.037476 0.057018
1 0.527706 0.169221 0.092307 0.111369
1 0.539026 0.431716 0.050460 0.076194
1 0.716271 0.257467 0.051072 0.080991
1 0.894726 0.457223 0.061238 0.083141
1 0.547286 0.269195 0.046157 0.074140
2 0.699054 0.693339 0.106145 0.108000
1 0.857155 0.679059 0.039306 0.078808
2 0.567735 0.190380 0.031398 0.054059
2 0.662372 0.583537 0.034694 0.038131
1 0.887830 0.384506 0.040680 0.069256
1 0.364857 0.445863 0.051790 0.078677
1 0.637675 0.766613 0.052601 0.083636
1 0.862928 0.753996 0.052716 0.083937
1 0.616756 0.235792 0.071023 0.085139
