1 0.874609 0.415272 0.069543 0.085778
1 0.750285 0.191700 0.101172 0.114993
2 0.376132 0.542011 0.066399 0.068042
1 0.684360 0.443896 0.066012 0.093548
0 0.493877 0.542221 0.036784 0.056928
1 0.394217 0.631027 0.070737 0.113775
1 0.740823 0.451131 0.049120 0.076142
1 0.567540 0.469427 0.050057 0.080803
2 0.887744 0.719584 0.102242 0.102893
1 0.762913 0.284546 0.049203 0.078539
1 0.576536 0.176250 0.071260 0.071130
1 0.290624 0.279630 0.069751 0.114065
0 0.981041 0.290015 0.037832 0.106725
1 0.936628 0.277177 0.051689 0.086121
1 0.310182 0.568147 0.078067 0.142831
2 0.861702 0.607522 0.040528 0.043304
1 0.452817 0.552202 0.053612 0.096517
1 0.835274 0.794967 0.050283 0.079063
1 0.638292 0.402867 0.065552 0.108019
