0 0.815399 0.226097 0.058677 0.083671
1 0.438445 0.823012 0.049694 0.081500
0 0.923361 0.357803 0.065358 0.143651
1 0.853871 0.395557 0.044719 0.086248
0 0.258580 0.600386 0.052340 0.078841
0 0.389342 0.556497 0.053217 0.103160
0 0.511976 0.560608 0.047095 0.102107
1 0.327519 0.095519 0.045983 0.119445
1 0.244341 0.701876 0.071924 0.111639
0 0.235646 0.110287 0.051905 0.121992
2 0.496783 0.819704 0.048841 0.117032
0 0.978882 0.681640 0.042236 0.113521
0 0.763664 0.658522 0.030739 0.065967
0 0.126348 0.412237 0.028311 0.047869
0 0.023910 0.940528 0.046699 0.118944
0 0.981540 0.106532 0.036185 0.081480
