0 0.348286 0.474592 0.029186 0.083052
0 0.350995 0.396731 0.060984 0.079554
0 0.255346 0.495198 0.040497 0.068742
0 0.565111 0.464366 0.068612 0.131506
0 0.330252 0.149752 0.036307 0.075790
0 0.234365 0.714283 0.031557 0.058316
0 0.236616 0.935352 0.042175 0.083925
0 0.333378 0.025543 0.020404 0.047282
0 0.240335 0.317502 0.024404 0.043558
0 0.233207 0.040698 0.021309 0.062156
1 0.511935 0.044559 0.046860 0.072056
0 0.302488 0.038226 0.021012 0.046767
0 0.256173 0.109059 0.015704 0.039910
0 0.409869 0.393224 0.018215 0.034602
0 0.251238 0.385295 0.029752 0.038225
1 0.227702 0.780132 0.023670 0.045423
