0 0.408501 0.159856 0.044783 0.098331
2 0.305910 0.697062 0.074351 0.116399
0 0.488610 0.170724 0.046291 0.126240
1 0.173146 0.525720 0.084389 0.150172
0 0.346020 0.067185 0.035426 0.097062
2 0.348397 0.586825 0.046912 0.080270
2 0.617693 0.768602 0.044951 0.138517
2 0.425075 0.710949 0.049233 0.085825
2 0.381028 0.464042 0.032435 0.054721
2 0.564618 0.596089 0.034553 0.098805
2 0.360461 0.172498 0.029173 0.058933
2 0.747136 0.792800 0.029804 0.119528
0 0.504202 0.960065 0.081560 0.078025
1 0.275315 0.856890 0.057532 0.105762
0 0.017983 0.059040 0.035966 0.118080
