0 0.221660 0.664344 0.036286 0.100710
0 0.412539 0.566283 0.073957 0.119565
0 0.832094 0.833349 0.065898 0.115213
1 0.788443 0.349476 0.114285 0.162675
0 0.415022 0.941719 0.047796 0.089700
2 0.726697 0.412863 0.040331 0.047155
0 0.187378 0.895707 0.087499 0.134080
2 0.274574 0.828610 0.047512 0.086365
2 0.054496 0.082300 0.060824 0.118376
2 0.071201 0.832774 0.052241 0.071629
2 0.859761 0.710946 0.073463 0.107577
2 0.447037 0.048003 0.036420 0.081704
1 0.693731 0.051349 0.064060 0.098452
2 0.828467 0.576991 0.060092 0.119301
0 0.019598 0.265833 0.039108 0.102966
2 0.822575 0.753835 0.046996 0.080838
2 0.641710 0.038089 0.033448 0.058596
