0 0.523375 0.570055 0.071794 0.121956
0 0.116728 0.272263 0.071905 0.103569
0 0.532678 0.942000 0.047175 0.084413
0 0.308778 0.895963 0.083272 0.132924
0 0.340478 0.664400 0.038854 0.106325
0 0.948160 0.837736 0.063522 0.117023
2 0.172742 0.085417 0.061005 0.115547
2 0.838504 0.413361 0.037946 0.046830
2 0.188341 0.833979 0.050338 0.071669
2 0.393347 0.824501 0.048887 0.089039
2 0.561012 0.048130 0.037899 0.080064
2 0.042015 0.407997 0.065674 0.095133
2 0.960615 0.714834 0.062513 0.104852
1 0.901590 0.349777 0.121295 0.169424
1 0.807635 0.050959 0.065720 0.101918
2 0.944212 0.581948 0.060180 0.123223
2 0.178104 0.965506 0.035333 0.058543
2 0.491822 0.046124 0.043940 0.076930
2 0.821163 0.376374 0.039900 0.063524
2 0.753192 0.038765 0.038577 0.063088
