0 0.400089 0.358775 0.053345 0.086914
0 0.589933 0.657976 0.057018 0.092281
0 0.228196 0.252539 0.030855 0.077458
0 0.644082 0.369957 0.076014 0.145816
0 0.552347 0.550163 0.063453 0.086089
0 0.731643 0.832126 0.041117 0.094315
2 0.679572 0.770902 0.051443 0.093402
0 0.449157 0.262184 0.053440 0.122053
0 0.838735 0.135713 0.067078 0.125154
0 0.140854 0.163204 0.021977 0.042452
2 0.668246 0.870364 0.053264 0.115368
0 0.756728 0.242375 0.045116 0.072506
2 0.298714 0.527949 0.034667 0.067632
0 0.508236 0.524720 0.027683 0.045010
0 0.161547 0.101827 0.039851 0.062299
0 0.009888 0.221048 0.018718 0.040918
