0 0.562679 0.543457 0.068097 0.122872
0 0.405932 0.469583 0.018272 0.039373
0 0.249333 0.566412 0.041862 0.068181
0 0.325774 0.214980 0.036740 0.075580
0 0.234978 0.384087 0.024378 0.039493
0 0.345629 0.468815 0.063739 0.083372
0 0.228804 0.787050 0.032510 0.059874
0 0.269898 0.036617 0.036212 0.059110
0 0.327644 0.086424 0.022433 0.046839
1 0.506875 0.120592 0.050103 0.068080
0 0.345488 0.550287 0.029498 0.084217
0 0.251350 0.168703 0.019383 0.040798
0 0.297455 0.101613 0.024399 0.049155
0 0.245743 0.455284 0.029867 0.039047
0 0.227464 0.097605 0.022343 0.059084
2 0.468885 0.393750 0.023378 0.037039
0 0.952724 0.809190 0.089949 0.148371
0 0.512142 0.019026 0.024008 0.036874
0 0.941741 0.042369 0.047759 0.068535
