0 0.551346 0.651859 0.064466 0.100082
0 0.393912 0.438274 0.054053 0.095702
0 0.646047 0.460268 0.077440 0.147268
0 0.591204 0.764473 0.062334 0.096083
0 0.216523 0.319957 0.031022 0.078227
0 0.847945 0.219247 0.065692 0.124476
0 0.445573 0.342131 0.053553 0.108936
2 0.685683 0.894101 0.055845 0.096056
0 0.762404 0.333524 0.047628 0.080071
0 0.127997 0.223662 0.023729 0.046134
0 0.151474 0.157188 0.042609 0.056493
0 0.759995 0.068310 0.030654 0.063279
0 0.505964 0.617627 0.029414 0.048408
0 0.739839 0.954615 0.043988 0.085937
1 0.115741 0.292020 0.035350 0.074420
