1 0.169762 0.429826 0.049444 0.069587
0 0.754115 0.255665 0.040310 0.082481
1 0.737397 0.568045 0.034623 0.053356
2 0.765734 0.480208 0.041242 0.083203
0 0.304631 0.304100 0.032378 0.062143
2 0.480637 0.939019 0.059850 0.086757
0 0.890773 0.694132 0.040370 0.063177
1 0.683578 0.057216 0.041228 0.080671
1 0.560251 0.541228 0.046052 0.087108
2 0.431584 0.279230 0.043115 0.059039
2 0.309371 0.801104 0.056989 0.100994
2 0.633894 0.445437 0.032838 0.079989
2 0.763431 0.732135 0.052649 0.090900
2 0.693675 0.191575 0.033967 0.079011
0 0.421166 0.913047 0.044664 0.059742
2 0.817239 0.951641 0.032614 0.052542
0 0.083262 0.307436 0.041315 0.067780
2 0.099711 0.538631 0.067757 0.121961
1 0.605798 0.473443 0.030042 0.070348
2 0.912695 0.340946 0.030602 0.065176
1 0.825929 0.906258 0.031019 0.045239
0 0.149352 0.029622 0.058740 0.059244
0 0.733254 0.661253 0.019407 0.040076
1 0.642808 0.091946 0.030660 0.072743
1 0.682039 0.594552 0.035102 0.065325
