0 0.767355 0.364482 0.046802 0.087594
2 0.380558 0.892902 0.057438 0.081628
2 0.716557 0.273212 0.034549 0.080635
0 0.844447 0.879746 0.046887 0.064370
1 0.694616 0.668637 0.037779 0.057582
0 0.965596 0.071744 0.063350 0.073406
1 0.521427 0.549391 0.044085 0.078067
0 0.324927 0.220975 0.031830 0.066674
0 0.333960 0.830327 0.049106 0.066632
2 0.741583 0.596054 0.044398 0.083844
2 0.446196 0.248360 0.036401 0.051268
2 0.112690 0.354109 0.066527 0.122514
2 0.696283 0.845403 0.052871 0.091369
1 0.184069 0.279099 0.045829 0.066642
2 0.608980 0.498427 0.033070 0.081390
0 0.673815 0.758099 0.022783 0.043155
1 0.729187 0.130472 0.045049 0.087178
0 0.130763 0.138725 0.033696 0.066791
2 0.939406 0.528303 0.035409 0.075321
