2 0.275743 0.895586 0.060439 0.085009
2 0.619689 0.278622 0.037683 0.084012
0 0.668616 0.370049 0.045443 0.090588
0 0.740687 0.883139 0.043925 0.063504
0 0.568494 0.760020 0.025434 0.044704
0 0.872644 0.077154 0.064113 0.078690
2 0.589861 0.846967 0.050285 0.085500
0 0.229975 0.832309 0.049209 0.065251
2 0.354153 0.251863 0.038452 0.054147
1 0.088606 0.276363 0.052706 0.066328
2 0.508839 0.503131 0.035412 0.080648
1 0.421932 0.553025 0.045675 0.079650
2 0.639605 0.601079 0.042859 0.085053
0 0.231844 0.221130 0.035818 0.063401
1 0.590510 0.671870 0.040292 0.060957
1 0.633021 0.134569 0.045947 0.090100
2 0.841845 0.532080 0.033764 0.077796
0 0.037289 0.135208 0.033790 0.065062
2 0.023067 0.352638 0.046133 0.123304
0 0.020761 0.981786 0.041210 0.036427
