0 0.668972 0.404535 0.047751 0.090100
2 0.623557 0.304446 0.037957 0.085206
2 0.497697 0.507543 0.034852 0.080036
0 0.904102 0.146226 0.066819 0.081419
2 0.366238 0.230913 0.037624 0.064223
1 0.648647 0.162610 0.045798 0.092857
2 0.620655 0.634162 0.045090 0.087085
2 0.243916 0.841417 0.060279 0.086362
0 0.251907 0.177091 0.034857 0.067860
0 0.206584 0.765949 0.047522 0.072737
2 0.553927 0.862266 0.048057 0.076988
0 0.539520 0.774899 0.027109 0.042972
0 0.706179 0.940940 0.042707 0.061286
1 0.568269 0.693307 0.037871 0.058459
1 0.410028 0.538379 0.043534 0.080674
2 0.042072 0.268315 0.068178 0.133689
1 0.113538 0.207302 0.051244 0.064342
2 0.839839 0.608484 0.035572 0.077349
0 0.075940 0.066731 0.030213 0.070573
0 0.013251 0.901638 0.026449 0.123995
1 0.506808 0.673253 0.032642 0.056747
2 0.138890 0.601172 0.047966 0.094541
