2 0.435753 0.507609 0.035608 0.077032
0 0.607683 0.412989 0.046884 0.091013
0 0.849412 0.160836 0.066182 0.084375
2 0.564353 0.309092 0.037597 0.085469
2 0.175857 0.832463 0.062684 0.090163
0 0.468231 0.778313 0.027165 0.045887
2 0.313535 0.227598 0.039394 0.066480
1 0.500889 0.695365 0.037420 0.059956
0 0.201206 0.168019 0.035831 0.068335
2 0.481126 0.865192 0.047956 0.077743
2 0.554226 0.639161 0.042527 0.087374
1 0.342959 0.540118 0.050434 0.086059
1 0.591291 0.168636 0.045158 0.089204
0 0.141472 0.757760 0.048660 0.071240
0 0.635182 0.948619 0.039417 0.057971
2 0.776511 0.621686 0.035429 0.081172
1 0.061537 0.195127 0.046699 0.062373
0 0.029351 0.052025 0.030174 0.063507
1 0.440296 0.674981 0.031976 0.057084
2 0.077639 0.588261 0.047210 0.091160
1 0.665703 0.151431 0.031609 0.071062
