0 0.765016 0.158442 0.066353 0.083642
0 0.525825 0.414350 0.045504 0.087101
2 0.483118 0.311129 0.038355 0.084451
2 0.354533 0.512401 0.035644 0.077319
2 0.234092 0.233543 0.039967 0.071649
1 0.508265 0.170688 0.047297 0.092898
1 0.260848 0.546682 0.048946 0.083498
2 0.089365 0.847300 0.063263 0.090693
2 0.471613 0.642819 0.043447 0.088398
1 0.415670 0.695248 0.039907 0.064135
0 0.057384 0.767997 0.048165 0.073781
0 0.384045 0.782366 0.025666 0.045175
0 0.551802 0.947859 0.037159 0.058185
0 0.123768 0.176657 0.040218 0.069038
2 0.396671 0.872466 0.045587 0.080966
1 0.356596 0.682201 0.030404 0.056402
2 0.695375 0.618506 0.033023 0.076855
2 0.012732 0.855079 0.025463 0.057106
