1 0.950050 0.521133 0.085085 0.149097
0 0.054425 0.734710 0.056962 0.083796
0 0.323780 0.071363 0.048821 0.079852
0 0.914806 0.057152 0.031912 0.078385
0 0.019155 0.886007 0.036343 0.058396
0 0.661780 0.099913 0.037210 0.070028
0 0.606633 0.144489 0.032998 0.044907
2 0.359821 0.605079 0.042077 0.076273
0 0.864756 0.911914 0.049920 0.065429
0 0.847842 0.057490 0.021897 0.043060
0 0.877762 0.035240 0.047863 0.060937
0 0.698555 0.025330 0.020634 0.042510
0 0.771217 0.016971 0.018128 0.025609
0 0.741088 0.039979 0.038443 0.059991
0 0.657358 0.109850 0.037304 0.062645
