0 0.613464 0.343768 0.035720 0.053582
0 0.309512 0.232808 0.052364 0.086379
0 0.675921 0.300442 0.037954 0.076710
2 0.900718 0.168567 0.051324 0.104543
2 0.340605 0.883351 0.045440 0.078453
0 0.919508 0.262373 0.057626 0.078415
0 0.963244 0.297189 0.043960 0.097663
1 0.549415 0.072268 0.034040 0.050019
0 0.766055 0.246250 0.038937 0.064502
1 0.767769 0.196288 0.032557 0.046145
0 0.798886 0.225271 0.022844 0.037045
0 0.981797 0.127069 0.035756 0.074440
0 0.991422 0.218873 0.015987 0.079563
0 0.884542 0.279367 0.024972 0.048352
