0 0.338083 0.653881 0.030061 0.081378
0 0.242633 0.666702 0.039673 0.066084
0 0.340387 0.574681 0.061666 0.084046
0 0.320089 0.307684 0.037154 0.077669
0 0.561289 0.655182 0.068079 0.123326
1 0.502752 0.227263 0.046976 0.064764
0 0.403206 0.575156 0.021462 0.038934
0 0.221094 0.178467 0.022737 0.056762
0 0.322540 0.177344 0.022196 0.048419
0 0.264138 0.123393 0.040547 0.067113
0 0.377007 0.065206 0.041363 0.065982
0 0.221646 0.887374 0.032987 0.059015
0 0.513283 0.107067 0.032150 0.059607
0 0.244854 0.254407 0.019944 0.042053
0 0.227746 0.478588 0.023014 0.039995
0 0.238574 0.549334 0.028504 0.038229
0 0.292351 0.191077 0.025645 0.050426
2 0.465707 0.499731 0.027364 0.044123
0 0.992459 0.824706 0.014684 0.062078
