0 0.242146 0.598886 0.038349 0.076087
2 0.582277 0.633438 0.035023 0.064716
0 0.560411 0.674943 0.032962 0.053794
0 0.264246 0.371128 0.031608 0.065911
2 0.788399 0.261141 0.037354 0.064215
2 0.258092 0.480297 0.025799 0.044836
2 0.325625 0.406714 0.040457 0.069710
2 0.573019 0.213797 0.032993 0.069028
2 0.277627 0.526766 0.029461 0.053919
2 0.827808 0.523456 0.032607 0.060010
2 0.404814 0.645726 0.029916 0.055096
0 0.203518 0.913913 0.036079 0.061294
2 0.443287 0.612407 0.053248 0.091092
0 0.070962 0.650699 0.038889 0.057893
2 0.474036 0.239202 0.030395 0.060004
2 0.341442 0.286445 0.031894 0.052945
2 0.041070 0.511392 0.036978 0.063042
2 0.369431 0.641855 0.023642 0.045746
2 0.593906 0.461530 0.032301 0.058005
2 0.687141 0.202180 0.034821 0.055301
0 0.786037 0.352389 0.030032 0.051637
2 0.437276 0.079248 0.029982 0.059813
2 0.749360 0.254285 0.026122 0.061210
0 0.274091 0.891472 0.028362 0.048215
2 0.660980 0.460306 0.022632 0.049508
2 0.147545 0.228130 0.030853 0.055527
0 0.236712 0.125189 0.028366 0.054046
2 0.263139 0.113145 0.026909 0.056990
2 0.785640 0.026392 0.032639 0.052784
0 0.074521 0.054588 0.027364 0.041342
2 0.372513 0.908145 0.035490 0.091988
2 0.520617 0.827666 0.026293 0.050897
2 0.548395 0.198199 0.025485 0.065545
2 0.304361 0.825143 0.034074 0.056762
2 0.169293 0.043384 0.030753 0.051759
2 0.797001 0.187609 0.030454 0.062910
0 0.164520 0.131698 0.023890 0.039299
0 0.236012 0.452770 0.021547 0.046051
2 0.437343 0.237904 0.022917 0.045287
2 0.520165 0.669991 0.030443 0.073511
2 0.360461 0.108310 0.037045 0.088514
0 0.277591 0.981336 0.022890 0.037329
2 0.645102 0.545488 0.034315 0.068429
2 0.796873 0.083276 0.026762 0.053604
