0 0.343054 0.773939 0.027642 0.043288
0 0.253793 0.356619 0.038215 0.073581
0 0.470901 0.816777 0.025647 0.040476
2 0.580943 0.382763 0.032810 0.064762
2 0.288662 0.281293 0.030770 0.057593
0 0.559481 0.421138 0.030004 0.054348
2 0.409905 0.403148 0.027892 0.058790
0 0.216707 0.687251 0.034398 0.059245
2 0.348810 0.831770 0.026966 0.049100
0 0.275819 0.121825 0.032515 0.075737
2 0.447063 0.366706 0.052209 0.100710
0 0.086693 0.446175 0.037950 0.061719
2 0.594506 0.210156 0.038336 0.061702
2 0.056023 0.311243 0.039360 0.065815
2 0.379389 0.666965 0.034621 0.097352
0 0.169782 0.869073 0.030960 0.051132
0 0.446382 0.959182 0.018861 0.042724
2 0.816242 0.283741 0.031287 0.060692
0 0.286509 0.651522 0.028693 0.054872
2 0.520670 0.574033 0.025086 0.049790
2 0.333728 0.157122 0.039123 0.075567
0 0.374315 0.870027 0.023520 0.041197
2 0.377419 0.398202 0.024117 0.054065
2 0.269585 0.234177 0.023976 0.042641
2 0.223762 0.790055 0.037678 0.066227
0 0.387609 0.776564 0.024366 0.048088
0 0.236339 0.913406 0.020541 0.046000
2 0.657315 0.212587 0.022850 0.056234
2 0.314215 0.587705 0.030711 0.062663
0 0.209395 0.974034 0.030953 0.051932
0 0.288617 0.745905 0.020781 0.037813
2 0.641727 0.291644 0.029813 0.064665
2 0.349030 0.037329 0.028393 0.051238
0 0.335796 0.958384 0.022008 0.042867
0 0.778694 0.109889 0.028932 0.049490
0 0.166569 0.974327 0.038037 0.051346
2 0.779099 0.026882 0.033212 0.053764
2 0.483084 0.970209 0.022555 0.049864
2 0.740671 0.026991 0.025969 0.052122
2 0.973890 0.084285 0.029077 0.061975
2 0.520942 0.409464 0.028904 0.074086
0 0.390889 0.237574 0.018334 0.036399
0 0.696773 0.662868 0.020706 0.035673
2 0.750954 0.125906 0.025479 0.036047
0 0.586901 0.439652 0.022466 0.036278
2 0.247719 0.215325 0.021887 0.045682
0 0.492855 0.276764 0.017159 0.033879
