0 0.283301 0.150423 0.037856 0.076311
0 0.355681 0.576682 0.027489 0.046076
0 0.479068 0.623609 0.029308 0.045451
0 0.235322 0.488736 0.036184 0.067407
0 0.217288 0.786031 0.033006 0.068918
0 0.183028 0.676409 0.033228 0.061906
0 0.383076 0.672769 0.026505 0.050202
2 0.601921 0.205332 0.032019 0.064227
2 0.395225 0.470808 0.034879 0.095469
2 0.320431 0.077243 0.032633 0.066217
0 0.449060 0.765956 0.021699 0.047270
0 0.304579 0.453949 0.030299 0.057166
0 0.178227 0.790124 0.034932 0.073078
0 0.116730 0.250617 0.036030 0.062965
2 0.469218 0.175797 0.053788 0.105078
0 0.317546 0.876447 0.029087 0.041676
2 0.402105 0.204272 0.025301 0.061673
0 0.357099 0.902370 0.026841 0.053499
0 0.246093 0.717110 0.022745 0.054620
2 0.092519 0.117325 0.040420 0.072385
0 0.580652 0.240418 0.031045 0.054596
0 0.304131 0.548049 0.021504 0.037463
0 0.398384 0.577553 0.025948 0.052074
2 0.483726 0.776992 0.021637 0.045148
2 0.238402 0.599746 0.035868 0.073535
2 0.435014 0.212185 0.033046 0.065385
2 0.335511 0.385569 0.036079 0.082946
2 0.620857 0.033648 0.028405 0.054428
2 0.683347 0.042884 0.024431 0.063172
2 0.537607 0.391697 0.024084 0.045592
2 0.838907 0.140835 0.035067 0.062859
0 0.263951 0.832484 0.023538 0.040234
2 0.541478 0.224205 0.032712 0.088940
2 0.665219 0.120380 0.030585 0.067647
0 0.340549 0.767791 0.024739 0.057339
2 0.512721 0.900099 0.020165 0.040216
0 0.526359 0.964841 0.033091 0.053514
0 0.704626 0.509386 0.020047 0.034440
2 0.567215 0.803905 0.022557 0.047302
0 0.604914 0.269706 0.024673 0.047666
2 0.420948 0.842361 0.024273 0.041215
