2 0.428302 0.634011 0.033292 0.072657
0 0.077355 0.538811 0.040106 0.063855
0 0.141681 0.675306 0.031623 0.051281
2 0.505766 0.734377 0.045615 0.079796
0 0.593049 0.588184 0.020176 0.031997
2 0.411090 0.482092 0.048793 0.077556
0 0.610498 0.318946 0.046000 0.066236
0 0.158983 0.724215 0.029284 0.046329
0 0.183249 0.555273 0.030876 0.064645
2 0.719071 0.767713 0.029203 0.052896
0 0.707568 0.585942 0.024981 0.039732
2 0.763652 0.313325 0.049398 0.077413
2 0.653995 0.654795 0.027415 0.051865
2 0.588520 0.460514 0.049110 0.089114
2 0.152593 0.859849 0.033095 0.063405
2 0.687776 0.552124 0.020804 0.046182
2 0.570825 0.539188 0.031689 0.053008
2 0.635820 0.788682 0.023187 0.045472
