0 0.138635 0.572997 0.032630 0.054040
0 0.071782 0.439009 0.040087 0.064575
2 0.728315 0.654048 0.029067 0.058340
0 0.619099 0.187800 0.050697 0.074705
2 0.411457 0.367391 0.050061 0.078452
2 0.510103 0.617230 0.043574 0.081978
2 0.166319 0.914230 0.044705 0.070684
2 0.430678 0.517388 0.033357 0.076894
0 0.180516 0.451116 0.032295 0.069529
0 0.154612 0.622428 0.028767 0.045878
0 0.717675 0.462787 0.027113 0.042242
0 0.599559 0.464016 0.020279 0.035087
2 0.661578 0.533969 0.028369 0.058215
2 0.597176 0.336298 0.050797 0.101134
2 0.647799 0.924788 0.071408 0.091866
2 0.775989 0.185269 0.052043 0.086495
2 0.148211 0.762576 0.032857 0.062293
2 0.340756 0.964989 0.058393 0.070021
