0 0.112893 0.612315 0.034168 0.065308
0 0.214793 0.591068 0.030864 0.060484
0 0.162573 0.693035 0.030738 0.046709
2 0.516424 0.647906 0.040300 0.087752
2 0.147418 0.897725 0.039130 0.071516
2 0.442457 0.576399 0.028105 0.065185
2 0.638119 0.691617 0.026606 0.052260
2 0.584588 0.408643 0.041597 0.089920
2 0.724699 0.314187 0.046411 0.074077
2 0.647425 0.564681 0.027044 0.046273
2 0.717865 0.683496 0.026566 0.052502
0 0.598439 0.312005 0.041232 0.067529
0 0.591172 0.498195 0.019730 0.042757
0 0.694218 0.512132 0.024379 0.042056
2 0.466116 0.137735 0.048814 0.090829
2 0.430343 0.484961 0.046433 0.071847
2 0.640989 0.959377 0.049672 0.071717
2 0.597715 0.624600 0.026375 0.047065
1 0.395534 0.767662 0.036452 0.086812
2 0.554745 0.731383 0.018994 0.049354
2 0.972968 0.230092 0.030947 0.067707
0 0.171496 0.736912 0.022061 0.035530
