2 0.516689 0.609743 0.039441 0.082170
2 0.154261 0.859987 0.037591 0.069209
0 0.118617 0.581276 0.032989 0.064157
0 0.219377 0.560164 0.031382 0.059863
0 0.590843 0.462681 0.019139 0.039104
2 0.584777 0.375161 0.041277 0.087208
2 0.637091 0.652359 0.026782 0.054294
0 0.168249 0.659410 0.030331 0.050138
2 0.722676 0.282239 0.044650 0.072376
2 0.443945 0.540526 0.028811 0.065732
0 0.598289 0.280980 0.039488 0.063961
2 0.645752 0.528042 0.027721 0.048743
2 0.716184 0.643855 0.026744 0.052021
2 0.466672 0.116667 0.052392 0.097183
0 0.692285 0.477090 0.024122 0.042258
2 0.554898 0.692701 0.019534 0.046905
1 0.396996 0.729303 0.038082 0.093963
2 0.651830 0.924496 0.079107 0.104047
2 0.597570 0.587190 0.025504 0.041218
2 0.432166 0.455872 0.047679 0.078817
0 0.176132 0.701736 0.023192 0.037306
2 0.644798 0.917261 0.062984 0.085128
2 0.969532 0.206112 0.032641 0.064819
