2 0.517218 0.549160 0.037546 0.080275
0 0.132441 0.543328 0.034068 0.064735
2 0.712591 0.245783 0.038667 0.064430
2 0.166754 0.800903 0.038011 0.072290
0 0.181769 0.610294 0.029860 0.047574
0 0.595046 0.247314 0.039626 0.067097
2 0.447632 0.487586 0.028959 0.061900
2 0.583013 0.329510 0.037025 0.081959
2 0.634144 0.585666 0.027435 0.058844
0 0.587782 0.411177 0.018204 0.039148
0 0.230869 0.518402 0.030598 0.060318
2 0.641420 0.471344 0.024328 0.042877
0 0.684946 0.425287 0.022812 0.039598
2 0.650459 0.846394 0.082624 0.117893
2 0.469780 0.107628 0.051597 0.103017
2 0.554725 0.626503 0.018835 0.047107
2 0.707365 0.577807 0.023801 0.045838
1 0.402369 0.662959 0.036342 0.086787
0 0.187668 0.645949 0.022509 0.029104
2 0.434681 0.414602 0.047966 0.072605
