0 0.314573 0.421390 0.036453 0.078917
0 0.214603 0.275821 0.023682 0.055449
0 0.332332 0.779871 0.027922 0.075580
0 0.559904 0.790559 0.069601 0.121196
0 0.234772 0.788970 0.040431 0.063257
0 0.333451 0.701804 0.061045 0.085778
0 0.258332 0.229507 0.045641 0.081898
1 0.497812 0.357563 0.046125 0.065608
0 0.371202 0.171854 0.044116 0.070297
0 0.512522 0.229413 0.034963 0.062718
0 0.219855 0.593383 0.023747 0.039406
0 0.230603 0.666056 0.028083 0.040841
0 0.238140 0.355993 0.019728 0.043665
0 0.317020 0.287168 0.027519 0.050993
0 0.285736 0.298142 0.028913 0.052801
0 0.398821 0.702069 0.022740 0.039163
2 0.364418 0.102017 0.043403 0.083133
2 0.463068 0.631678 0.026926 0.045113
1 0.664355 0.255795 0.042625 0.058797
