2 0.739371 0.621629 0.049889 0.087038
0 0.365929 0.745071 0.062851 0.091605
2 0.167676 0.674583 0.064855 0.109192
0 0.765383 0.398454 0.042716 0.079355
2 0.777487 0.327424 0.043639 0.082930
2 0.504845 0.594254 0.043187 0.069168
0 0.134417 0.267031 0.051504 0.107811
0 0.674791 0.490342 0.029038 0.064784
2 0.279750 0.146300 0.060462 0.127622
1 0.046070 0.078767 0.053160 0.114461
2 0.463017 0.182201 0.035370 0.068510
2 0.049186 0.462849 0.045936 0.090607
0 0.633236 0.316207 0.026145 0.047880
2 0.951794 0.912863 0.044215 0.119923
2 0.691037 0.584639 0.023969 0.051959
1 0.219947 0.197397 0.043031 0.074812
