2 0.296403 0.679111 0.064292 0.110246
2 0.870811 0.622056 0.053231 0.088593
0 0.500112 0.748374 0.059244 0.088738
0 0.030386 0.409113 0.052782 0.108317
0 0.900965 0.401029 0.048295 0.084206
2 0.908524 0.327681 0.047856 0.083156
2 0.633884 0.598085 0.043843 0.068998
1 0.157117 0.083472 0.055265 0.119570
0 0.254386 0.274469 0.054312 0.108182
2 0.393457 0.147777 0.062678 0.124793
2 0.165476 0.463358 0.049724 0.101233
0 0.804799 0.491113 0.029622 0.064423
2 0.582522 0.184646 0.035732 0.067761
0 0.052301 0.134629 0.073113 0.152088
1 0.333051 0.205641 0.043414 0.075900
2 0.818841 0.586260 0.025462 0.059024
2 0.052020 0.135619 0.073700 0.152168
