0 0.117640 0.413553 0.053903 0.112848
2 0.392609 0.681177 0.064529 0.109499
0 0.602360 0.751314 0.057596 0.084527
2 0.734273 0.604821 0.045186 0.066205
0 0.041814 0.372630 0.049726 0.102124
0 0.343903 0.276635 0.053657 0.110199
2 0.254990 0.465443 0.045072 0.106998
0 0.128170 0.138604 0.077786 0.161747
1 0.241573 0.088100 0.052194 0.120491
2 0.674659 0.185888 0.036748 0.068984
2 0.974175 0.629972 0.048216 0.089804
2 0.484303 0.155508 0.053120 0.121922
2 0.829259 0.429862 0.028173 0.053930
2 0.918510 0.583373 0.025955 0.067708
2 0.472791 0.146251 0.046672 0.125679
