2 0.787778 0.814056 0.049046 0.065011
0 0.525859 0.718440 0.054869 0.093625
2 0.614139 0.602357 0.044242 0.077718
0 0.846198 0.387091 0.065258 0.107528
2 0.143178 0.785113 0.068281 0.098426
2 0.525119 0.517800 0.037408 0.096005
1 0.645415 0.351999 0.037419 0.060094
2 0.425727 0.345279 0.033465 0.099084
1 0.110191 0.115047 0.063632 0.126378
0 0.891812 0.475184 0.058303 0.089937
1 0.951166 0.352103 0.039282 0.082788
2 0.349011 0.090677 0.035324 0.088163
2 0.324773 0.112905 0.033064 0.085303
2 0.893330 0.558326 0.058228 0.108936
1 0.928325 0.431407 0.034967 0.069519
1 0.749024 0.119122 0.067549 0.177015
1 0.906063 0.975080 0.036740 0.042891
1 0.962126 0.212066 0.056323 0.117936
2 0.557911 0.164384 0.031992 0.099568
0 0.436435 0.184277 0.038793 0.086754
2 0.386771 0.342223 0.036507 0.083188
1 0.826383 0.570606 0.039227 0.080901
2 0.263694 0.107007 0.055501 0.087110
0 0.990742 0.253882 0.018338 0.083731
2 0.334658 0.105450 0.042056 0.097236
1 0.826751 0.562717 0.047050 0.102475
