2 0.614521 0.794919 0.040407 0.058199
2 0.449959 0.584854 0.044523 0.072873
0 0.358348 0.700126 0.054365 0.089703
1 0.482242 0.339275 0.034541 0.064581
0 0.671961 0.372702 0.064700 0.103899
2 0.360219 0.504694 0.037102 0.096469
0 0.811207 0.234023 0.028743 0.070883
1 0.721071 0.965444 0.038410 0.062173
0 0.713595 0.464644 0.058995 0.096535
2 0.186678 0.079680 0.040246 0.101027
1 0.766443 0.334677 0.041100 0.088185
2 0.714209 0.536839 0.054001 0.107194
2 0.264838 0.329580 0.031281 0.098005
1 0.843683 0.210480 0.042995 0.109715
2 0.223973 0.322576 0.043277 0.081611
1 0.567888 0.103703 0.070333 0.182904
1 0.774195 0.203104 0.055290 0.117313
1 0.661043 0.558846 0.034585 0.078184
1 0.753621 0.418446 0.034406 0.067961
0 0.273525 0.165827 0.038457 0.086413
2 0.104967 0.089646 0.055186 0.081134
2 0.392735 0.146942 0.030934 0.095241
2 0.008707 0.754615 0.017414 0.077711
2 0.179222 0.081422 0.045382 0.095480
1 0.273193 0.165740 0.038614 0.085820
2 0.165765 0.086655 0.031291 0.083021
2 0.904245 0.078828 0.053626 0.140446
