2 0.395252 0.772552 0.043439 0.059273
2 0.243966 0.553180 0.047567 0.071975
0 0.588050 0.240811 0.026917 0.071548
0 0.462675 0.365414 0.065005 0.105794
0 0.150387 0.657438 0.054294 0.089880
2 0.497509 0.531385 0.053629 0.109697
1 0.491062 0.959978 0.037943 0.072135
1 0.285578 0.311910 0.032358 0.060495
0 0.497641 0.456166 0.054869 0.084883
2 0.869773 0.205703 0.076437 0.139120
1 0.545557 0.342344 0.040920 0.085346
2 0.678881 0.116760 0.048992 0.131253
1 0.551736 0.211172 0.045664 0.105027
2 0.073597 0.289505 0.042564 0.107823
2 0.160955 0.465493 0.039029 0.095206
1 0.617613 0.225401 0.041181 0.106527
1 0.546057 0.419823 0.030348 0.063134
2 0.036168 0.269274 0.036286 0.078166
0 0.086758 0.121997 0.035447 0.084758
2 0.822071 0.852508 0.074741 0.128746
2 0.980449 0.347199 0.039102 0.118699
0 0.102392 0.229618 0.025847 0.040583
1 0.086134 0.122786 0.037225 0.084037
