0 0.418844 0.284130 0.026974 0.072542
2 0.672831 0.253727 0.066471 0.128610
2 0.341798 0.558326 0.050908 0.100347
2 0.502660 0.168795 0.048531 0.127054
1 0.146501 0.346781 0.027741 0.058589
0 0.309424 0.397933 0.061511 0.100474
0 0.919799 0.661796 0.060048 0.091094
0 0.340131 0.482323 0.051703 0.082108
1 0.379803 0.269489 0.044101 0.100859
2 0.244836 0.782076 0.038044 0.054534
2 0.106552 0.572963 0.054009 0.073241
0 0.021651 0.673017 0.043302 0.094500
1 0.382252 0.375826 0.037948 0.081223
1 0.334886 0.962588 0.041279 0.070684
2 0.826375 0.339598 0.132074 0.241399
2 0.649646 0.860791 0.077501 0.121226
1 0.802922 0.773522 0.062794 0.139623
1 0.443127 0.271630 0.036557 0.088224
2 0.628528 0.766263 0.029704 0.052566
