0 0.638760 0.874205 0.052234 0.094552
2 0.649833 0.701662 0.040094 0.070566
0 0.709980 0.364047 0.040742 0.074246
1 0.318088 0.289614 0.034771 0.049610
1 0.070881 0.927683 0.068522 0.118135
2 0.413124 0.761534 0.038662 0.092159
2 0.290251 0.642505 0.047985 0.079253
0 0.319381 0.237222 0.036548 0.065563
2 0.477831 0.449173 0.030491 0.094692
2 0.774408 0.437311 0.040275 0.109593
0 0.758646 0.385904 0.032660 0.066007
2 0.228057 0.704179 0.048131 0.085184
2 0.448041 0.711277 0.043142 0.082126
2 0.300437 0.591086 0.035763 0.056918
2 0.403466 0.574027 0.031418 0.082976
1 0.897053 0.697284 0.043517 0.075862
0 0.589127 0.504353 0.022946 0.059230
2 0.560914 0.721760 0.033829 0.062789
2 0.260924 0.819663 0.045584 0.092761
0 0.752133 0.183829 0.019223 0.050891
2 0.763454 0.724205 0.025267 0.042761
0 0.443388 0.643825 0.019674 0.040605
2 0.538949 0.644269 0.055258 0.102668
