0 0.529629 0.650679 0.030647 0.053121
0 0.266174 0.893517 0.060501 0.149924
0 0.492993 0.500657 0.030108 0.078028
0 0.860788 0.828159 0.036869 0.065408
0 0.811543 0.766288 0.050979 0.092160
0 0.900779 0.060942 0.050800 0.078607
0 0.209193 0.519959 0.068534 0.108069
1 0.139020 0.311535 0.058268 0.099512
2 0.492071 0.618967 0.032151 0.079668
1 0.922097 0.957175 0.044198 0.080999
1 0.844381 0.713954 0.043925 0.066110
1 0.756508 0.038079 0.023714 0.048676
0 0.686389 0.086867 0.026042 0.034358
0 0.712725 0.023727 0.028357 0.047454
1 0.679212 0.031405 0.040860 0.062810
2 0.883321 0.876924 0.038911 0.075645
0 0.883806 0.876083 0.037009 0.076896
