0 0.453525 0.502789 0.031076 0.076369
0 0.868420 0.064987 0.049480 0.078484
0 0.208119 0.896492 0.062031 0.152301
0 0.486440 0.654259 0.029552 0.050677
0 0.159064 0.520015 0.067859 0.106941
0 0.770093 0.770764 0.050252 0.090826
0 0.819232 0.832781 0.036162 0.066035
2 0.446873 0.621640 0.034797 0.079172
1 0.089156 0.314932 0.059813 0.105462
1 0.878123 0.961357 0.044837 0.073663
1 0.804949 0.725466 0.044727 0.074662
1 0.644028 0.032420 0.043485 0.064841
0 0.653758 0.091011 0.025887 0.034251
1 0.723385 0.042844 0.023039 0.051164
2 0.839335 0.882648 0.039639 0.074991
0 0.679878 0.025328 0.028657 0.050656
