0 0.272203 0.481258 0.049953 0.125160
2 0.306369 0.802630 0.070677 0.109622
0 0.502411 0.572120 0.044564 0.115581
0 0.407763 0.572037 0.030422 0.092207
0 0.600688 0.860458 0.044526 0.074110
2 0.807145 0.455241 0.030728 0.051603
2 0.459481 0.629385 0.051678 0.089630
2 0.622865 0.642975 0.025171 0.080242
2 0.324652 0.455277 0.041085 0.103363
1 0.715908 0.875952 0.041629 0.087881
2 0.382399 0.623611 0.028523 0.065494
2 0.129022 0.520166 0.036667 0.063240
2 0.647676 0.818701 0.023549 0.042227
2 0.881768 0.566006 0.027916 0.058898
2 0.623236 0.965091 0.050936 0.069818
2 0.646068 0.209901 0.047162 0.156516
2 0.105770 0.458990 0.032860 0.080213
2 0.576799 0.123495 0.041838 0.140699
2 0.833545 0.381572 0.029985 0.044977
2 0.924977 0.530380 0.026102 0.046379
2 0.212813 0.932204 0.037595 0.085114
2 0.468801 0.894548 0.041634 0.103487
2 0.572234 0.144004 0.037387 0.124646
2 0.861743 0.524331 0.019077 0.044364
