0 0.240935 0.534699 0.052526 0.132513
2 0.085593 0.615048 0.041694 0.071772
0 0.486471 0.573325 0.044977 0.118617
2 0.307584 0.853699 0.069585 0.113354
0 0.606869 0.830202 0.044808 0.075199
2 0.637893 0.932452 0.050508 0.078865
2 0.448799 0.639352 0.051039 0.085955
2 0.768505 0.389734 0.029738 0.048222
2 0.369346 0.653147 0.028022 0.072568
2 0.611123 0.615039 0.025130 0.082003
0 0.391196 0.592481 0.031503 0.094549
2 0.295069 0.496910 0.043772 0.105879
2 0.061663 0.102758 0.064006 0.129544
2 0.844300 0.479368 0.027240 0.059527
1 0.716851 0.813973 0.041481 0.089859
0 0.978805 0.077672 0.042363 0.135907
2 0.051253 0.551017 0.034632 0.094760
2 0.596370 0.184631 0.044836 0.148489
2 0.648990 0.776443 0.025022 0.044348
2 0.521353 0.135660 0.037255 0.124919
2 0.822913 0.445617 0.019288 0.047627
2 0.057866 0.561103 0.036565 0.095988
