0 0.237558 0.536603 0.056038 0.140919
0 0.498880 0.534928 0.045591 0.118642
2 0.628461 0.551362 0.024880 0.078543
0 0.635927 0.774453 0.045968 0.080409
2 0.326536 0.860313 0.073718 0.122838
2 0.381717 0.636468 0.026925 0.075241
0 0.400678 0.567287 0.030669 0.088362
2 0.070429 0.652869 0.044743 0.076133
2 0.295061 0.484079 0.045768 0.116873
2 0.671655 0.874333 0.052619 0.093823
2 0.770715 0.305524 0.028996 0.049400
2 0.464617 0.606732 0.051191 0.089224
2 0.849411 0.383729 0.026696 0.060825
2 0.675973 0.708975 0.025014 0.049254
1 0.746451 0.739254 0.042993 0.090790
2 0.510545 0.087499 0.039364 0.126578
2 0.586121 0.122982 0.046459 0.159021
2 0.026469 0.589695 0.036855 0.100750
0 0.960916 0.033171 0.025497 0.057731
2 0.022900 0.105304 0.045801 0.126989
2 0.618972 0.958894 0.040926 0.068627
2 0.038122 0.605248 0.033898 0.095564
