0 0.201242 0.466803 0.061082 0.153649
0 0.493929 0.458445 0.051538 0.135112
0 0.647182 0.716285 0.054578 0.092556
2 0.688906 0.817744 0.054168 0.093699
2 0.307509 0.818316 0.077432 0.126242
2 0.365920 0.574683 0.031627 0.082435
2 0.266538 0.406438 0.050605 0.130512
2 0.636945 0.473524 0.028986 0.098440
2 0.784269 0.206466 0.029249 0.051223
1 0.769455 0.670008 0.048048 0.101029
2 0.691414 0.640604 0.029169 0.054178
2 0.455681 0.535837 0.055707 0.097927
0 0.386689 0.502957 0.035244 0.101701
2 0.581600 0.055365 0.035345 0.110730
2 0.019827 0.602591 0.039039 0.081091
2 0.870638 0.283041 0.028008 0.063724
2 0.549634 0.063302 0.037641 0.120256
2 0.276147 0.882768 0.056572 0.087360
2 0.507531 0.828346 0.054545 0.134037
2 0.556154 0.059352 0.041218 0.118704
