0 0.500657 0.384939 0.060178 0.164426
0 0.803636 0.377784 0.055742 0.153131
2 0.565392 0.320486 0.053363 0.160277
0 0.770120 0.458667 0.053247 0.090515
2 0.302877 0.533106 0.052497 0.097798
2 0.671546 0.503858 0.038425 0.099126
2 0.954207 0.392325 0.037952 0.108258
2 0.623453 0.758047 0.085019 0.146165
0 0.975118 0.644566 0.049765 0.107840
1 0.635440 0.908226 0.085872 0.152027
2 0.250116 0.470050 0.049086 0.121020
2 0.835053 0.786097 0.052696 0.119429
2 0.792364 0.758036 0.048417 0.134524
2 0.758281 0.778175 0.052710 0.109436
0 0.688895 0.412291 0.037189 0.102104
