0 0.236517 0.872846 0.057734 0.141433
0 0.476916 0.519158 0.030025 0.073934
0 0.898192 0.130887 0.050952 0.083135
0 0.774626 0.815551 0.047823 0.084974
0 0.503647 0.670250 0.028742 0.047168
0 0.712945 0.062549 0.029665 0.066592
0 0.198980 0.513448 0.064758 0.102043
1 0.145327 0.312692 0.060654 0.100763
1 0.811433 0.769285 0.042040 0.067539
0 0.821096 0.879872 0.036463 0.061271
2 0.467806 0.633177 0.031779 0.079086
1 0.678489 0.076385 0.041485 0.069001
0 0.989463 0.042911 0.021073 0.085821
0 0.839119 0.931544 0.037304 0.073623
0 0.685834 0.135998 0.025281 0.032381
1 0.966480 0.079861 0.030258 0.052041
1 0.755908 0.093487 0.022146 0.047406
