0 0.369233 0.146016 0.050775 0.143613
0 0.595968 0.100756 0.052081 0.135330
2 0.485204 0.403048 0.060675 0.111602
2 0.213604 0.304523 0.051659 0.091018
2 0.414671 0.087706 0.047496 0.142020
2 0.709577 0.079049 0.031141 0.090137
0 0.732476 0.257337 0.052704 0.083559
2 0.604815 0.873824 0.052608 0.096883
2 0.351043 0.925309 0.063622 0.112668
2 0.160105 0.265072 0.046285 0.097488
2 0.512142 0.205450 0.036690 0.100495
2 0.426422 0.588936 0.046073 0.118341
2 0.618438 0.382576 0.047426 0.114245
0 0.561550 0.970427 0.069207 0.058647
2 0.486947 0.604195 0.037855 0.088396
0 0.776357 0.323105 0.044986 0.103440
2 0.645002 0.382405 0.036201 0.105401
2 0.596784 0.738001 0.038577 0.100769
2 0.168488 0.273204 0.050138 0.098854
