2 0.650284 0.200222 0.056395 0.096750
0 0.744288 0.700966 0.058836 0.104165
2 0.554678 0.648229 0.067894 0.118747
2 0.413135 0.125555 0.046965 0.083184
0 0.099416 0.198773 0.034521 0.093988
0 0.017533 0.195779 0.033623 0.049674
2 0.775674 0.593816 0.044440 0.081632
0 0.853959 0.075988 0.044011 0.072684
2 0.604991 0.372070 0.042927 0.113402
2 0.657224 0.050748 0.042170 0.101496
2 0.375241 0.102004 0.041375 0.082341
2 0.786449 0.171468 0.045462 0.113482
0 0.840271 0.971989 0.048189 0.056022
2 0.658993 0.379725 0.032331 0.070712
2 0.744315 0.192470 0.052227 0.096056
