0 0.082207 0.536286 0.095062 0.162169
0 0.323724 0.507652 0.101562 0.174900
2 0.757181 0.076785 0.045013 0.076126
2 0.888301 0.606761 0.067934 0.120847
2 0.216008 0.446473 0.055696 0.076989
0 0.272129 0.330296 0.070370 0.103455
2 0.085198 0.865510 0.063118 0.123493
2 0.400428 0.625797 0.025505 0.043530
0 0.394601 0.095631 0.032565 0.043633
0 0.462172 0.107565 0.030479 0.094373
2 0.983010 0.185759 0.033680 0.108894
1 0.182325 0.047515 0.032956 0.092536
2 0.371863 0.648159 0.025638 0.065337
2 0.119342 0.832812 0.041282 0.067528
2 0.719290 0.051470 0.041855 0.078087
2 0.484324 0.332605 0.037594 0.051361
2 0.106812 0.847124 0.056332 0.096563
