0 0.428498 0.438441 0.082386 0.150506
2 0.892818 0.522780 0.057352 0.100812
0 0.233544 0.458165 0.079767 0.132094
2 0.334218 0.394197 0.049685 0.065747
0 0.380024 0.295192 0.056108 0.084132
1 0.532723 0.906991 0.058290 0.113371
2 0.490939 0.926143 0.040115 0.076673
2 0.979515 0.173320 0.040970 0.086461
2 0.749996 0.059481 0.037863 0.069034
0 0.533816 0.107647 0.026989 0.080334
2 0.783848 0.082840 0.037115 0.061660
2 0.265856 0.698555 0.028966 0.052770
1 0.304646 0.055432 0.027357 0.077429
2 0.240192 0.722850 0.042401 0.090277
0 0.478421 0.099281 0.028395 0.038698
2 0.487563 0.541176 0.019824 0.036109
0 0.155049 0.023608 0.046905 0.047215
2 0.012871 0.603634 0.025742 0.089184
2 0.936599 0.311125 0.037285 0.100674
2 0.292212 0.705112 0.025168 0.055825
