1 0.380616 0.920106 0.055154 0.107427
0 0.578596 0.953926 0.049354 0.081602
0 0.675455 0.501226 0.074422 0.143911
0 0.626497 0.554074 0.040597 0.096559
1 0.254055 0.545390 0.042606 0.078066
0 0.299010 0.607108 0.069907 0.117829
1 0.402631 0.735095 0.048725 0.097724
2 0.326544 0.265709 0.047415 0.091118
0 0.416439 0.342519 0.035828 0.056840
1 0.388944 0.435617 0.041337 0.094995
0 0.359970 0.351968 0.045325 0.087477
0 0.925248 0.292267 0.064351 0.115321
1 0.977799 0.100279 0.044401 0.121706
2 0.550681 0.272905 0.044437 0.142678
2 0.366594 0.703099 0.034825 0.091005
0 0.988264 0.957082 0.023007 0.068713
0 0.589607 0.171452 0.029809 0.075669
0 0.984940 0.883409 0.029766 0.058490
0 0.388122 0.304674 0.028038 0.059662
0 0.231440 0.630003 0.031284 0.072427
2 0.595282 0.253899 0.038055 0.134104
