1 0.455134 0.581289 0.041682 0.076478
0 0.154809 0.584145 0.047170 0.092475
0 0.501707 0.640510 0.063908 0.109827
1 0.603418 0.778146 0.048343 0.094333
0 0.869936 0.561566 0.079942 0.147214
2 0.519766 0.307129 0.050837 0.088621
0 0.555427 0.395208 0.044639 0.083060
0 0.050889 0.226751 0.038577 0.088005
0 0.819875 0.611661 0.039783 0.097305
1 0.581096 0.474189 0.041542 0.098195
2 0.565678 0.745562 0.037835 0.096432
0 0.610733 0.386955 0.033813 0.055361
0 0.428425 0.655346 0.028960 0.065436
0 0.187001 0.537851 0.040496 0.055619
2 0.636222 0.047082 0.027998 0.081895
0 0.782211 0.222298 0.026697 0.068657
1 0.588588 0.955779 0.058375 0.088442
2 0.787691 0.298253 0.036684 0.107880
2 0.741513 0.333715 0.044759 0.139936
2 0.690536 0.247019 0.039355 0.058564
2 0.195213 0.273612 0.053726 0.104138
0 0.922807 0.133604 0.029901 0.079257
0 0.948925 0.026806 0.037836 0.053612
2 0.061338 0.132764 0.031463 0.066484
0 0.583856 0.346721 0.025725 0.055839
0 0.657932 0.297357 0.026447 0.056129
2 0.871536 0.186787 0.052891 0.089723
2 0.248655 0.163189 0.034283 0.092472
