0 0.707924 0.666760 0.067393 0.118866
0 0.355447 0.567467 0.045409 0.093092
0 0.762306 0.417167 0.048510 0.084532
1 0.813232 0.821718 0.055519 0.102371
1 0.656343 0.600451 0.042101 0.077574
0 0.820997 0.415358 0.035216 0.060127
0 0.087942 0.578257 0.053270 0.113810
0 0.387284 0.526757 0.040171 0.060776
0 0.093894 0.831095 0.060616 0.090877
0 0.255805 0.206113 0.041270 0.088825
2 0.722996 0.323841 0.053204 0.099552
2 0.055357 0.927290 0.057541 0.107236
1 0.788461 0.501924 0.045811 0.102127
2 0.771302 0.774152 0.044344 0.112959
0 0.622817 0.668963 0.032958 0.067346
2 0.049878 0.356473 0.040072 0.098467
2 0.961039 0.372122 0.052773 0.160166
2 0.261406 0.114311 0.038196 0.071017
2 0.848018 0.061601 0.030011 0.088289
0 0.397631 0.265744 0.046561 0.101141
0 0.791503 0.370139 0.029697 0.056212
1 0.142333 0.609049 0.034506 0.079550
2 0.906447 0.276364 0.037730 0.060335
0 0.872216 0.326561 0.031402 0.058229
0 0.172920 0.030881 0.047758 0.054743
2 0.442111 0.153662 0.032536 0.090125
0 0.163180 0.118746 0.025861 0.057878
2 0.857850 0.206453 0.038572 0.056371
2 0.450887 0.574296 0.035404 0.093021
2 0.968315 0.189454 0.034246 0.060666
