0 0.585940 0.873279 0.048074 0.085381
0 0.257201 0.457880 0.047420 0.067720
0 0.603628 0.625439 0.050234 0.105707
0 0.853409 0.789427 0.054788 0.096275
1 0.137007 0.376869 0.052872 0.096531
0 0.348035 0.324679 0.064013 0.109407
2 0.078533 0.499111 0.033109 0.075607
0 0.803153 0.353130 0.049351 0.083463
0 0.892924 0.768707 0.039943 0.069277
1 0.327911 0.234102 0.045154 0.072519
1 0.151281 0.896956 0.065413 0.108808
2 0.589149 0.386322 0.035214 0.081738
1 0.025862 0.408660 0.051724 0.091007
0 0.956167 0.500490 0.054684 0.117341
2 0.812518 0.255939 0.039045 0.065876
0 0.681141 0.186335 0.036010 0.096142
0 0.836805 0.043450 0.046493 0.086899
0 0.119935 0.062639 0.025176 0.048592
0 0.711087 0.110983 0.044095 0.067614
2 0.699249 0.414245 0.042500 0.087822
1 0.640174 0.681873 0.032409 0.076296
2 0.120077 0.210672 0.048030 0.105972
2 0.298854 0.200567 0.034413 0.062251
2 0.540645 0.930219 0.043393 0.083710
0 0.937796 0.046807 0.034072 0.057346
2 0.743443 0.499956 0.039062 0.112080
1 0.554961 0.222782 0.024004 0.040778
1 0.478117 0.730315 0.060904 0.167547
2 0.880971 0.666919 0.047533 0.081930
2 0.814767 0.546157 0.038339 0.060821
0 0.707937 0.213956 0.027849 0.052616
2 0.341496 0.523615 0.054545 0.091979
2 0.956002 0.870286 0.050689 0.094650
