0 0.467131 0.395065 0.063756 0.112207
0 0.730011 0.917950 0.041581 0.085836
2 0.703485 0.440731 0.034110 0.077288
1 0.434289 0.299403 0.043211 0.068448
2 0.224592 0.576244 0.029552 0.073168
0 0.399997 0.531079 0.041017 0.064664
0 0.974035 0.825401 0.051931 0.101430
0 0.733116 0.675867 0.049659 0.102155
2 0.059614 0.765210 0.045180 0.106381
0 0.911781 0.406643 0.049480 0.081508
1 0.155680 0.489136 0.069382 0.088819
0 0.204692 0.124726 0.024096 0.044891
2 0.237903 0.288033 0.042258 0.097862
0 0.914667 0.080843 0.050064 0.097750
1 0.271292 0.454097 0.050980 0.098476
0 0.142278 0.644958 0.027560 0.065576
0 0.083091 0.639831 0.031586 0.062950
0 0.795533 0.160438 0.044330 0.072583
1 0.629340 0.790584 0.065399 0.161735
2 0.811885 0.468286 0.042098 0.080371
2 0.402677 0.267867 0.035877 0.064231
2 0.914337 0.308586 0.040360 0.062858
1 0.655190 0.285279 0.027103 0.046053
0 0.788280 0.241274 0.044390 0.107780
2 0.866096 0.555057 0.051727 0.112616
0 0.337231 0.053540 0.029530 0.053619
1 0.963912 0.628890 0.062874 0.088932
0 0.158929 0.039861 0.033246 0.061645
2 0.358894 0.164760 0.037860 0.086453
2 0.392425 0.388942 0.033485 0.048628
0 0.018551 0.905130 0.034204 0.057745
2 0.688125 0.964828 0.039157 0.064364
1 0.767898 0.730207 0.033905 0.071156
0 0.011304 0.552518 0.022026 0.050240
1 0.699240 0.178674 0.022221 0.051695
2 0.985832 0.697222 0.028041 0.081671
2 0.471002 0.581473 0.038657 0.092511
1 0.124807 0.122205 0.040935 0.067179
