1 0.540045 0.306511 0.044850 0.070991
0 0.586822 0.404039 0.060600 0.103456
0 0.867814 0.679920 0.052599 0.105241
2 0.211095 0.774760 0.044926 0.110043
0 0.874753 0.921641 0.040107 0.085487
0 0.535566 0.540218 0.037182 0.062534
2 0.359818 0.585775 0.028124 0.071580
0 0.902108 0.255046 0.047790 0.093772
1 0.292971 0.499599 0.058689 0.087725
0 0.289232 0.133853 0.025156 0.047558
0 0.226465 0.646644 0.029700 0.059365
2 0.824049 0.447103 0.035141 0.078496
0 0.280125 0.651071 0.027564 0.070655
2 0.349896 0.303590 0.039339 0.089612
1 0.397915 0.464375 0.048171 0.093845
2 0.504783 0.277430 0.037969 0.065300
0 0.138272 0.565810 0.031185 0.054495
0 0.054431 0.859933 0.052538 0.115527
1 0.763135 0.293721 0.029968 0.050362
0 0.169811 0.913792 0.027612 0.054134
2 0.502628 0.398748 0.034885 0.049346
0 0.238529 0.048411 0.031427 0.063009
1 0.793686 0.187816 0.026687 0.051302
1 0.771534 0.796200 0.061596 0.154594
2 0.453277 0.163772 0.039521 0.103015
1 0.900847 0.734704 0.034256 0.074217
2 0.983390 0.562028 0.033220 0.102579
0 0.256876 0.497835 0.020266 0.039381
0 0.898954 0.155543 0.051165 0.075095
2 0.118773 0.953605 0.060354 0.081805
0 0.044344 0.025065 0.025104 0.044948
1 0.193922 0.581655 0.030626 0.066146
0 0.409854 0.064778 0.032909 0.069808
0 0.904104 0.148082 0.062650 0.086211
0 0.993920 0.098381 0.012161 0.079927
2 0.936818 0.473202 0.043559 0.081881
1 0.214762 0.129686 0.037530 0.065881
0 0.099695 0.011941 0.019331 0.023882
