1 0.361238 0.596954 0.063005 0.089208
0 0.661264 0.466340 0.063025 0.109646
0 0.625499 0.626733 0.038643 0.068388
0 0.299004 0.764475 0.028475 0.062813
2 0.403084 0.377428 0.043602 0.099541
1 0.598323 0.360912 0.048420 0.073037
2 0.437209 0.683980 0.028181 0.076877
2 0.289587 0.903728 0.049053 0.120497
0 0.194483 0.678820 0.035464 0.061661
0 0.314073 0.186856 0.028016 0.051935
2 0.162105 0.662649 0.024645 0.072866
2 0.905780 0.495123 0.040569 0.091136
1 0.255984 0.683421 0.036780 0.088316
1 0.240710 0.189974 0.038671 0.068435
0 0.355341 0.757545 0.028274 0.080585
2 0.556258 0.333516 0.040241 0.073524
0 0.973909 0.288005 0.045885 0.092952
1 0.828859 0.335354 0.029215 0.052236
0 0.968864 0.741854 0.055429 0.103561
2 0.564071 0.460533 0.035327 0.052109
2 0.689234 0.655669 0.027084 0.062244
2 0.494287 0.212552 0.043219 0.114764
0 0.319985 0.594470 0.027447 0.046736
0 0.467811 0.547685 0.048037 0.097817
1 0.621369 0.487759 0.041141 0.096435
0 0.040735 0.078400 0.026163 0.048903
1 0.844336 0.216850 0.031409 0.058729
2 0.062558 0.658441 0.033583 0.055924
1 0.887803 0.888166 0.062522 0.152121
0 0.385560 0.039027 0.047880 0.060809
0 0.254109 0.099134 0.032142 0.066623
0 0.175797 0.038553 0.028266 0.066965
1 0.955738 0.171010 0.055343 0.098568
1 0.237522 0.377989 0.023844 0.047760
0 0.428282 0.099515 0.034906 0.069012
0 0.112010 0.970261 0.051623 0.059191
0 0.956623 0.172885 0.053152 0.093111
0 0.102732 0.058087 0.021074 0.038255
0 0.987722 0.976566 0.023882 0.046867
