2 0.498126 0.187215 0.056404 0.105560
1 0.323094 0.707157 0.076453 0.096488
0 0.130194 0.854861 0.045784 0.077329
0 0.651226 0.369477 0.075980 0.144990
0 0.643028 0.631253 0.046563 0.094398
0 0.440787 0.576588 0.054795 0.129598
2 0.320983 0.346417 0.059522 0.138374
1 0.558091 0.229597 0.061136 0.094507
2 0.429292 0.769024 0.036479 0.089096
1 0.605872 0.399470 0.047844 0.109644
1 0.210936 0.833579 0.044070 0.100761
0 0.283035 0.947721 0.030982 0.067202
0 0.347480 0.890118 0.036698 0.083643
0 0.145667 0.035806 0.040577 0.068034
2 0.716637 0.635200 0.047195 0.091588
2 0.928050 0.297030 0.050869 0.100885
2 0.392209 0.060956 0.052781 0.121912
1 0.827536 0.090884 0.039212 0.073553
2 0.098951 0.275880 0.041464 0.078239
0 0.268737 0.702222 0.035700 0.059920
2 0.530881 0.370969 0.036378 0.061292
1 0.046826 0.098142 0.061384 0.103400
2 0.075189 0.737001 0.037497 0.063432
2 0.090137 0.850076 0.032795 0.062608
0 0.943065 0.182615 0.044166 0.055941
0 0.988598 0.565123 0.022805 0.131169
1 0.154624 0.793402 0.039718 0.077320
2 0.018612 0.363717 0.035619 0.061584
0 0.985091 0.569553 0.028823 0.118913
2 0.989715 0.929325 0.020316 0.106411
1 0.070554 0.531225 0.091812 0.128255
2 0.964054 0.118071 0.031851 0.064890
0 0.982071 0.022961 0.035858 0.045921
1 0.103990 0.413483 0.033683 0.065853
