1 0.634038 0.263070 0.059239 0.093789
1 0.411304 0.753734 0.074207 0.093472
0 0.737371 0.677968 0.048669 0.095596
2 0.400439 0.384944 0.058786 0.135042
1 0.689933 0.444870 0.053555 0.121869
2 0.570339 0.216541 0.055903 0.100897
1 0.296559 0.879826 0.045054 0.101702
0 0.213415 0.899083 0.044884 0.076673
0 0.736087 0.407357 0.079212 0.150566
0 0.526684 0.618498 0.058073 0.128943
2 0.517004 0.819333 0.037098 0.087187
0 0.207752 0.064531 0.042407 0.071365
0 0.024943 0.748268 0.037999 0.061458
0 0.435331 0.938252 0.036367 0.081044
0 0.353845 0.745845 0.031760 0.060224
2 0.173917 0.315081 0.040554 0.087742
2 0.171453 0.892837 0.033672 0.069115
2 0.808850 0.677431 0.047485 0.085004
2 0.155740 0.779060 0.036840 0.067445
1 0.112357 0.126765 0.058699 0.097550
1 0.906859 0.122315 0.042566 0.077981
2 0.459232 0.078085 0.050159 0.121987
2 0.607103 0.407639 0.033894 0.056782
1 0.238380 0.839906 0.040970 0.080705
1 0.150181 0.568349 0.090512 0.129463
2 0.093731 0.405518 0.042128 0.074579
2 0.402258 0.161192 0.031175 0.069175
0 0.373558 0.982072 0.031761 0.035856
1 0.180900 0.453522 0.033495 0.067505
2 0.032863 0.891559 0.038771 0.074488
2 0.294826 0.463462 0.036280 0.059240
