1 0.530546 0.730792 0.076812 0.096640
1 0.736890 0.248028 0.059610 0.090380
0 0.860687 0.658105 0.051975 0.099427
0 0.641371 0.601301 0.060679 0.128804
1 0.260514 0.550808 0.083397 0.122259
0 0.297683 0.054493 0.042041 0.074088
0 0.331824 0.877733 0.040801 0.072409
2 0.509739 0.369739 0.056544 0.138188
1 0.416472 0.858091 0.047460 0.098223
1 0.804190 0.428477 0.059056 0.131406
2 0.668614 0.203116 0.052587 0.102270
0 0.500118 0.970680 0.029073 0.058641
0 0.849493 0.390046 0.082629 0.153406
1 0.209854 0.117682 0.056605 0.092614
0 0.469816 0.725032 0.033765 0.057323
2 0.635930 0.797321 0.041490 0.084194
2 0.279888 0.301005 0.045562 0.090486
1 0.021760 0.459775 0.041288 0.076717
2 0.928756 0.658959 0.050627 0.088642
2 0.291904 0.872616 0.031086 0.062004
2 0.204781 0.392894 0.039770 0.076846
2 0.272777 0.757556 0.029996 0.062497
0 0.556732 0.914664 0.039328 0.086363
0 0.132802 0.729376 0.037283 0.059277
1 0.358606 0.819839 0.043269 0.077725
2 0.143656 0.872239 0.038905 0.076328
2 0.712511 0.391353 0.032431 0.054933
2 0.554637 0.067824 0.049792 0.121189
1 0.292531 0.437656 0.031990 0.066477
2 0.495270 0.149568 0.032816 0.073727
2 0.400586 0.446105 0.026538 0.050241
1 0.063014 0.316556 0.036591 0.071271
2 0.120195 0.484026 0.049212 0.124358
1 0.054583 0.326021 0.050742 0.087687
1 0.047200 0.339174 0.062706 0.107355
2 0.016161 0.931113 0.032216 0.098509
1 0.038247 0.344835 0.043162 0.093473
2 0.347526 0.963714 0.031297 0.052273
