1 0.606797 0.554343 0.076737 0.093057
0 0.913867 0.240373 0.080663 0.139513
1 0.867406 0.279203 0.062841 0.120106
1 0.798728 0.112594 0.060087 0.086810
2 0.583573 0.225242 0.055950 0.133441
0 0.581485 0.779793 0.027812 0.064946
2 0.730647 0.077967 0.052983 0.097271
0 0.417767 0.696316 0.037071 0.063951
2 0.086653 0.771078 0.057656 0.105000
0 0.634069 0.729194 0.038843 0.084335
0 0.925972 0.479488 0.052615 0.089338
0 0.712002 0.440257 0.058150 0.122643
2 0.709534 0.619790 0.039789 0.080363
1 0.499200 0.676023 0.046542 0.096079
2 0.378694 0.689875 0.031133 0.077801
1 0.132522 0.205725 0.058382 0.096498
0 0.219382 0.572946 0.033756 0.059271
1 0.345893 0.399639 0.075295 0.124816
2 0.601819 0.925047 0.061106 0.123368
0 0.324134 0.858572 0.045170 0.063300
1 0.375195 0.291377 0.030659 0.061376
1 0.108397 0.317174 0.042229 0.071869
2 0.982697 0.484662 0.034253 0.079059
0 0.547695 0.553385 0.033455 0.054740
2 0.288461 0.250231 0.033763 0.067262
2 0.359581 0.588452 0.031789 0.062383
2 0.292394 0.937104 0.040378 0.076314
2 0.234737 0.703843 0.044304 0.072867
2 0.206919 0.338872 0.044830 0.118320
2 0.773394 0.252484 0.035179 0.057435
1 0.440160 0.639082 0.049442 0.078779
2 0.358951 0.165219 0.039120 0.095523
1 0.011407 0.949875 0.022814 0.082306
2 0.427811 0.781399 0.031773 0.048666
2 0.199882 0.523193 0.022170 0.063062
2 0.475000 0.301106 0.025418 0.050580
