0 0.616030 0.790814 0.029285 0.055113
2 0.146860 0.543619 0.056519 0.103572
0 0.617370 0.507331 0.026437 0.056717
0 0.455592 0.786667 0.066438 0.121188
1 0.065234 0.717304 0.031258 0.071298
2 0.736884 0.368365 0.037010 0.077756
1 0.641639 0.304827 0.078131 0.096070
2 0.636200 0.643355 0.057786 0.096802
0 0.666456 0.471636 0.038248 0.086179
2 0.347225 0.693039 0.043563 0.096691
0 0.463751 0.449611 0.035233 0.055068
0 0.375205 0.601963 0.040411 0.061637
0 0.739760 0.206973 0.056999 0.119583
0 0.940478 0.232987 0.048286 0.080611
2 0.286432 0.474504 0.042326 0.074567
0 0.272927 0.353350 0.028986 0.060502
2 0.407118 0.356169 0.033294 0.064514
2 0.300698 0.794018 0.029663 0.087656
0 0.585676 0.314844 0.032560 0.048920
2 0.428494 0.446372 0.032853 0.081591
2 0.598476 0.865479 0.054435 0.100101
1 0.538127 0.429305 0.045598 0.097443
0 0.616753 0.037396 0.048485 0.074792
2 0.262392 0.128519 0.040321 0.110350
1 0.167141 0.116358 0.038953 0.064252
1 0.885716 0.064578 0.057327 0.118744
0 0.926322 0.047408 0.076054 0.094817
0 0.012776 0.110907 0.025254 0.109570
1 0.395231 0.178633 0.073395 0.128715
2 0.525755 0.846258 0.040162 0.073562
2 0.795633 0.056111 0.033220 0.056161
2 0.337576 0.050397 0.032081 0.062155
2 0.651288 0.784762 0.026229 0.049021
2 0.989682 0.239824 0.020454 0.093793
2 0.306228 0.878055 0.044548 0.088800
1 0.420930 0.084008 0.029973 0.058795
2 0.255434 0.303436 0.022901 0.065703
1 0.486919 0.404790 0.046416 0.074309
1 0.202726 0.460483 0.048284 0.091528
2 0.739617 0.899141 0.048004 0.079066
0 0.739577 0.899046 0.047606 0.079449
0 0.497263 0.719612 0.031571 0.050636
2 0.770371 0.873668 0.039426 0.083661
