1 0.097165 0.544358 0.030332 0.074627
2 0.643137 0.438348 0.059617 0.097946
0 0.472762 0.587324 0.065104 0.119778
2 0.176325 0.376770 0.057612 0.097495
2 0.446541 0.264211 0.030229 0.072456
0 0.497143 0.959569 0.045998 0.080862
0 0.479971 0.266893 0.031231 0.057926
0 0.211516 0.844562 0.044348 0.072323
2 0.738016 0.181826 0.036193 0.074900
0 0.624193 0.581654 0.026932 0.052858
0 0.671288 0.280079 0.034915 0.081943
1 0.648466 0.119582 0.075183 0.097401
0 0.393672 0.413232 0.036742 0.062314
1 0.552807 0.239918 0.046184 0.095637
2 0.739649 0.660032 0.044345 0.077335
2 0.368782 0.508440 0.041250 0.094695
0 0.625286 0.309432 0.026189 0.061959
0 0.739072 0.045221 0.047532 0.090442
0 0.930653 0.050568 0.043715 0.073043
2 0.424843 0.179592 0.030912 0.061042
2 0.608344 0.648080 0.053856 0.107882
2 0.538622 0.644668 0.038555 0.075351
2 0.311803 0.304736 0.043691 0.074285
0 0.594745 0.134773 0.034162 0.049463
0 0.960810 0.764627 0.039579 0.062195
2 0.770469 0.639037 0.033889 0.069648
0 0.295635 0.189889 0.027063 0.055062
2 0.322916 0.603553 0.026471 0.074130
2 0.331943 0.671755 0.041010 0.086989
1 0.229958 0.288700 0.044047 0.080721
1 0.007693 0.545689 0.015387 0.058546
0 0.316349 0.683686 0.024721 0.053812
