0 0.467567 0.527956 0.068191 0.128352
0 0.493706 0.928017 0.051063 0.097516
2 0.152667 0.309554 0.059283 0.101425
0 0.681054 0.195197 0.037720 0.090951
2 0.651189 0.363049 0.065746 0.110999
1 0.069474 0.489933 0.031703 0.081137
2 0.357156 0.447878 0.044791 0.105931
2 0.612296 0.588172 0.056592 0.121260
0 0.189400 0.810146 0.044368 0.079065
0 0.631963 0.224466 0.028759 0.069511
0 0.629479 0.515178 0.028331 0.053901
2 0.751843 0.090319 0.039918 0.086421
2 0.755297 0.598814 0.049558 0.082554
0 0.474530 0.185473 0.034313 0.064093
1 0.553600 0.154150 0.052403 0.102299
0 0.381811 0.342006 0.039774 0.066499
2 0.440503 0.179557 0.032350 0.085904
2 0.539487 0.592860 0.042851 0.086741
2 0.296812 0.233221 0.049807 0.083838
0 0.600226 0.040894 0.030055 0.052077
1 0.654164 0.036939 0.075061 0.073878
0 0.279344 0.108954 0.030318 0.055738
2 0.308331 0.547510 0.028166 0.093793
2 0.416732 0.092985 0.029806 0.073598
2 0.320919 0.619267 0.035544 0.088729
0 0.509608 0.448943 0.029530 0.049492
0 0.300882 0.634661 0.024707 0.058803
2 0.262406 0.061158 0.023440 0.082925
0 0.107466 0.720596 0.047031 0.082102
0 0.984990 0.707635 0.029883 0.076361
0 0.357034 0.972675 0.019524 0.036459
2 0.787545 0.574251 0.036741 0.069737
