0 0.856428 0.732265 0.115339 0.192428
0 0.473234 0.096122 0.067769 0.150383
0 0.422896 0.916043 0.048193 0.079079
2 0.544480 0.826575 0.042154 0.067937
0 0.552456 0.644967 0.031204 0.053979
0 0.741760 0.593866 0.038457 0.052688
0 0.498725 0.463023 0.044622 0.105379
2 0.757086 0.496110 0.043617 0.080363
0 0.204438 0.423298 0.042133 0.069179
2 0.859416 0.907107 0.041927 0.070026
0 0.698774 0.664749 0.040317 0.068075
0 0.335340 0.558418 0.020994 0.040193
2 0.436478 0.528167 0.030056 0.070180
1 0.888554 0.869425 0.039691 0.058488
1 0.089296 0.111685 0.036453 0.095712
2 0.611586 0.133641 0.062691 0.167169
0 0.631548 0.060161 0.025618 0.050069
2 0.671738 0.839124 0.046863 0.084959
2 0.123928 0.601539 0.035949 0.059793
2 0.755954 0.089827 0.063660 0.104033
0 0.314205 0.228335 0.022205 0.050474
2 0.545377 0.166662 0.048880 0.109427
2 0.367351 0.051670 0.041495 0.103339
0 0.367493 0.544252 0.016217 0.034855
0 0.822306 0.514996 0.038713 0.076931
2 0.324530 0.166220 0.036024 0.117376
0 0.127412 0.335830 0.039412 0.066438
2 0.367554 0.725741 0.033941 0.104090
0 0.369780 0.723076 0.028854 0.100907
