2 0.823879 0.747286 0.058037 0.126262
2 0.679586 0.634202 0.046422 0.093894
0 0.091671 0.208351 0.048389 0.074309
0 0.767983 0.133835 0.108564 0.194098
0 0.706154 0.848894 0.042311 0.064581
0 0.664840 0.777913 0.056016 0.099025
2 0.534532 0.578331 0.036399 0.075191
2 0.887720 0.573688 0.057573 0.101857
0 0.265357 0.854420 0.066528 0.106559
2 0.605682 0.335775 0.046841 0.096233
2 0.591999 0.555373 0.044382 0.084009
0 0.614843 0.148274 0.035472 0.086025
0 0.491382 0.764859 0.034746 0.075682
0 0.908744 0.831754 0.031198 0.055007
0 0.398918 0.079885 0.055170 0.130993
0 0.646029 0.058425 0.037815 0.065861
0 0.572836 0.724108 0.051408 0.087056
2 0.484032 0.395100 0.045714 0.096149
2 0.029995 0.436060 0.042428 0.077775
0 0.471012 0.218578 0.028830 0.054697
2 0.342642 0.180097 0.032584 0.083011
1 0.739200 0.379023 0.066294 0.109812
2 0.298709 0.419539 0.039989 0.108674
2 0.789611 0.314055 0.037387 0.083998
1 0.809896 0.267888 0.046223 0.067733
0 0.245088 0.268241 0.021233 0.042823
0 0.375637 0.547253 0.047261 0.086111
2 0.901977 0.429775 0.058742 0.086960
1 0.153950 0.838181 0.037556 0.069545
1 0.938827 0.573697 0.059437 0.098246
0 0.956323 0.812483 0.031628 0.045393
0 0.868911 0.946454 0.024892 0.045699
0 0.009207 0.140074 0.018414 0.069174
2 0.432646 0.090265 0.026114 0.068705
2 0.081820 0.057242 0.027512 0.048567
