2 0.946072 0.506471 0.065851 0.126227
0 0.683539 0.748897 0.062942 0.113696
0 0.966172 0.813111 0.037416 0.064443
2 0.868725 0.708809 0.065801 0.144913
0 0.732286 0.830580 0.049293 0.076991
0 0.481508 0.735035 0.039393 0.086224
2 0.614306 0.239582 0.048585 0.104042
2 0.698363 0.583832 0.051279 0.105220
2 0.472521 0.309028 0.052457 0.114556
0 0.224401 0.841067 0.074358 0.122054
1 0.854406 0.155221 0.044765 0.075415
2 0.314505 0.076095 0.038448 0.104838
2 0.264873 0.343843 0.041684 0.133351
0 0.037431 0.120055 0.048697 0.081820
2 0.530733 0.524259 0.039287 0.083347
0 0.459782 0.110720 0.032932 0.067290
2 0.827845 0.209036 0.041891 0.103496
2 0.598412 0.490283 0.045670 0.092842
0 0.574322 0.685045 0.057584 0.104062
0 0.349999 0.488716 0.053817 0.098751
1 0.772455 0.275979 0.071517 0.122430
2 0.957559 0.345278 0.059501 0.095801
0 0.204941 0.179404 0.022471 0.044859
0 0.800755 0.052054 0.094748 0.104108
0 0.620096 0.036068 0.034860 0.072136
0 0.242264 0.153686 0.025349 0.045033
1 0.104328 0.828547 0.042632 0.074724
0 0.372287 0.025329 0.035505 0.050658
0 0.799189 0.050615 0.100749 0.101230
0 0.920975 0.945622 0.027576 0.053371
