0 0.455122 0.892525 0.040891 0.083033
0 0.793495 0.135396 0.128969 0.236541
2 0.816699 0.352221 0.044336 0.105623
0 0.666336 0.920802 0.071851 0.116367
2 0.448119 0.444122 0.052919 0.107620
2 0.859891 0.889494 0.067736 0.157136
2 0.681490 0.744139 0.055116 0.111642
2 0.592953 0.376928 0.053126 0.116719
0 0.175131 0.292928 0.022938 0.053639
0 0.350555 0.073610 0.064029 0.146905
0 0.552309 0.852818 0.063438 0.105415
0 0.641806 0.041848 0.045437 0.079382
2 0.285880 0.186580 0.041110 0.101100
0 0.319516 0.626766 0.056841 0.101218
0 0.433990 0.234857 0.036102 0.065522
2 0.506131 0.672941 0.046907 0.098759
0 0.603554 0.149013 0.042749 0.101517
2 0.940365 0.672498 0.069455 0.131135
1 0.842231 0.294969 0.051645 0.076367
2 0.576040 0.642613 0.051443 0.103576
2 0.235051 0.465424 0.044580 0.128160
2 0.952786 0.492519 0.067381 0.100801
0 0.016500 0.222970 0.032569 0.091194
1 0.759457 0.432805 0.075585 0.132558
0 0.962799 0.978478 0.039826 0.043044
0 0.187714 0.962811 0.075764 0.070462
1 0.071333 0.951330 0.042920 0.081400
2 0.387120 0.082346 0.031200 0.076691
