1 0.581893 0.168099 0.042668 0.074171
2 0.575779 0.713382 0.061572 0.140697
0 0.675771 0.811596 0.035296 0.061080
0 0.435683 0.832943 0.049622 0.081800
0 0.398306 0.750404 0.062191 0.112521
0 0.218742 0.740625 0.045931 0.091027
0 0.103003 0.493481 0.053665 0.103926
2 0.679338 0.351355 0.069554 0.097172
2 0.643741 0.515540 0.064624 0.102262
2 0.258589 0.535707 0.042687 0.084340
2 0.546916 0.210084 0.040010 0.102506
0 0.299914 0.692977 0.066222 0.105035
1 0.705933 0.512392 0.065706 0.115260
2 0.212101 0.316648 0.057235 0.124857
0 0.737669 0.791944 0.032074 0.051996
2 0.081788 0.072195 0.038598 0.100923
2 0.414284 0.584492 0.053438 0.108299
1 0.945198 0.143948 0.056947 0.115188
1 0.473389 0.288680 0.077851 0.132659
2 0.343157 0.244398 0.050221 0.130802
0 0.728510 0.571081 0.038944 0.075167
0 0.208679 0.114733 0.037941 0.075160
2 0.037398 0.348823 0.048690 0.137264
0 0.514193 0.056526 0.104374 0.113052
1 0.967094 0.804330 0.062061 0.092069
0 0.348540 0.036392 0.034282 0.072785
1 0.971416 0.141346 0.057168 0.148111
0 0.013344 0.847829 0.026639 0.114775
2 0.770913 0.601544 0.050155 0.085254
0 0.770957 0.600988 0.050288 0.087646
