0 0.398181 0.734001 0.061716 0.112695
0 0.437059 0.816679 0.050548 0.085580
2 0.574744 0.698350 0.062227 0.149432
0 0.103866 0.479002 0.052064 0.103116
0 0.675319 0.794241 0.034106 0.059223
1 0.475488 0.271644 0.078073 0.135487
2 0.643735 0.500286 0.066878 0.107970
2 0.546281 0.199538 0.038552 0.100912
2 0.678529 0.336380 0.070176 0.101021
2 0.413603 0.566780 0.051378 0.112671
0 0.220321 0.726561 0.046458 0.094106
1 0.943933 0.135147 0.054401 0.113931
0 0.299650 0.678305 0.063748 0.108431
0 0.728057 0.556650 0.038483 0.071325
2 0.082643 0.061666 0.036705 0.098318
2 0.259357 0.523056 0.042648 0.087218
2 0.213033 0.303270 0.056386 0.121419
0 0.737141 0.775315 0.031021 0.048923
2 0.342988 0.228271 0.050240 0.127570
2 0.038635 0.334017 0.049743 0.132522
1 0.580631 0.154398 0.044660 0.074524
0 0.209427 0.101649 0.037871 0.073027
0 0.513447 0.050797 0.100429 0.101593
1 0.704731 0.494823 0.063893 0.109510
1 0.964922 0.789318 0.059691 0.092907
1 0.970114 0.132153 0.059772 0.150604
0 0.510932 0.051292 0.105369 0.102585
