1 0.851097 0.342481 0.048212 0.072501
0 0.630011 0.090468 0.037828 0.081596
0 0.341971 0.229304 0.051879 0.103947
0 0.834231 0.763353 0.067900 0.148197
0 0.374816 0.289100 0.044161 0.084191
0 0.581748 0.284481 0.032507 0.073233
2 0.629309 0.524622 0.054422 0.114404
0 0.125175 0.838417 0.046232 0.087646
0 0.191706 0.255736 0.044389 0.104937
0 0.406712 0.729002 0.057856 0.107683
2 0.490974 0.189435 0.066963 0.144884
1 0.937123 0.424083 0.062961 0.087999
0 0.367265 0.559829 0.040238 0.052965
0 0.821632 0.592526 0.043598 0.099416
0 0.919754 0.863748 0.060950 0.112113
0 0.366411 0.658348 0.044282 0.067027
0 0.584470 0.541481 0.056254 0.098803
2 0.453314 0.728067 0.042194 0.070374
0 0.980277 0.663445 0.039037 0.119859
2 0.356509 0.075840 0.054360 0.116435
2 0.091064 0.066110 0.051713 0.114442
2 0.223627 0.065760 0.045737 0.096853
0 0.256681 0.188615 0.057186 0.116369
2 0.551070 0.035477 0.042456 0.070954
2 0.252989 0.641705 0.053668 0.108758
0 0.635141 0.274014 0.026390 0.044141
0 0.353503 0.725278 0.060984 0.104046
1 0.325135 0.469787 0.057959 0.097986
0 0.344740 0.718852 0.055740 0.093483
0 0.354507 0.795131 0.036857 0.074798
1 0.893920 0.506231 0.054494 0.089646
0 0.011525 0.399083 0.022980 0.103109
0 0.337414 0.714173 0.040952 0.083195
