2 0.449924 0.413293 0.061242 0.124730
0 0.736086 0.762294 0.062416 0.110121
0 0.828523 0.575983 0.065448 0.116559
0 0.651808 0.648017 0.062781 0.140446
0 0.233517 0.602849 0.059274 0.105265
1 0.683312 0.254863 0.050128 0.075709
2 0.309644 0.089343 0.069928 0.146126
0 0.639233 0.488418 0.041457 0.088781
1 0.955483 0.900660 0.050737 0.073074
2 0.275866 0.604804 0.043556 0.071832
0 0.401580 0.180984 0.043732 0.083942
0 0.774735 0.346302 0.069796 0.104539
0 0.397900 0.427489 0.063476 0.098161
0 0.170595 0.125161 0.055557 0.113165
1 0.711435 0.404678 0.052710 0.089857
2 0.393850 0.950920 0.089689 0.098159
0 0.896003 0.529177 0.040722 0.069501
0 0.198287 0.440052 0.044641 0.053597
0 0.198098 0.176181 0.040946 0.078594
0 0.179116 0.597740 0.064466 0.116752
0 0.857461 0.484290 0.038874 0.064143
0 0.878341 0.413488 0.054220 0.122485
0 0.191530 0.530687 0.043086 0.062499
0 0.035335 0.151481 0.043373 0.096953
1 0.988606 0.918654 0.022615 0.063699
2 0.094008 0.519048 0.052823 0.100851
2 0.088192 0.085135 0.058763 0.125154
0 0.457605 0.174827 0.025751 0.045040
0 0.855279 0.971845 0.030042 0.056309
