0 0.530360 0.339818 0.046997 0.093434
0 0.512094 0.257760 0.051071 0.100599
2 0.669179 0.309786 0.068095 0.142506
0 0.693390 0.722819 0.055359 0.103291
0 0.169390 0.207040 0.056804 0.132560
0 0.474898 0.780980 0.054498 0.102484
0 0.739472 0.460049 0.035289 0.079214
0 0.203707 0.697286 0.045869 0.077385
2 0.520506 0.813970 0.038159 0.065712
0 0.367216 0.195201 0.037306 0.106517
0 0.451812 0.690333 0.042447 0.067092
0 0.831638 0.290316 0.041616 0.081869
0 0.933160 0.931887 0.055291 0.098841
0 0.470088 0.592033 0.036273 0.056048
2 0.740074 0.726559 0.053578 0.097839
2 0.770057 0.173120 0.062428 0.098515
0 0.797392 0.481977 0.028827 0.049586
2 0.830061 0.072238 0.072126 0.093254
1 0.440132 0.172212 0.051999 0.118920
2 0.555458 0.110166 0.054759 0.130228
2 0.350287 0.600393 0.048802 0.111860
0 0.128369 0.949719 0.057902 0.080784
0 0.658057 0.737796 0.031264 0.058406
2 0.434359 0.041036 0.038539 0.082071
0 0.428618 0.746197 0.050842 0.101371
0 0.411272 0.718666 0.035171 0.075644
0 0.422416 0.734060 0.055233 0.104152
1 0.010684 0.357216 0.021369 0.091864
