0 0.524266 0.316815 0.045537 0.092366
0 0.494991 0.245757 0.053288 0.105838
0 0.736929 0.361534 0.033058 0.076563
2 0.568091 0.779903 0.040084 0.062452
2 0.656872 0.239805 0.063529 0.145223
0 0.229924 0.791589 0.046640 0.082680
0 0.338173 0.235236 0.039849 0.109278
0 0.492112 0.583863 0.035153 0.051313
0 0.962938 0.741504 0.047504 0.103902
2 0.736606 0.074856 0.060405 0.104093
2 0.769832 0.620389 0.059662 0.110751
0 0.802363 0.169639 0.038227 0.080513
0 0.722439 0.627799 0.057728 0.103497
0 0.127643 0.312382 0.061533 0.132377
0 0.412236 0.185782 0.054509 0.114302
0 0.488428 0.687528 0.044189 0.068795
0 0.522495 0.768257 0.053173 0.108145
2 0.521326 0.094045 0.052689 0.116723
2 0.389077 0.053078 0.041190 0.089512
2 0.370949 0.635254 0.049410 0.110011
0 0.957869 0.927059 0.080680 0.145882
0 0.792194 0.361950 0.029097 0.047089
0 0.250735 0.037714 0.045645 0.075428
0 0.448608 0.729998 0.033343 0.074070
0 0.692942 0.655780 0.028222 0.054417
0 0.475183 0.753391 0.061177 0.109350
2 0.082977 0.663201 0.031734 0.075140
1 0.958338 0.927190 0.082852 0.145621
0 0.459198 0.738153 0.051219 0.092556
0 0.465411 0.821027 0.035970 0.076713
