0 0.277037 0.660711 0.051796 0.114042
2 0.653135 0.386646 0.063392 0.127073
0 0.439159 0.350230 0.038565 0.075815
2 0.090023 0.831470 0.046788 0.087670
0 0.502742 0.033433 0.039763 0.066867
0 0.706580 0.509992 0.061432 0.067601
0 0.838808 0.324303 0.029452 0.067361
0 0.398605 0.319346 0.032413 0.063193
0 0.451080 0.249512 0.047681 0.075663
0 0.451144 0.805599 0.034522 0.046382
0 0.143673 0.195058 0.051847 0.108440
2 0.657010 0.756263 0.048399 0.097945
0 0.352259 0.961232 0.049837 0.066106
0 0.405646 0.247526 0.032393 0.053633
0 0.927495 0.270561 0.038023 0.069634
0 0.258302 0.034124 0.048476 0.068247
0 0.889361 0.445237 0.020397 0.032672
0 0.308546 0.363715 0.043432 0.075389
1 0.859677 0.105377 0.028919 0.054603
1 0.315988 0.171371 0.055303 0.093408
0 0.178817 0.060599 0.049113 0.106608
0 0.421538 0.291158 0.041974 0.071879
0 0.306690 0.026342 0.041675 0.052684
0 0.938779 0.418212 0.018391 0.042158
1 0.679934 0.046753 0.051449 0.093507
0 0.912266 0.298257 0.030180 0.053408
2 0.738044 0.576866 0.025859 0.054547
0 0.923405 0.277401 0.045773 0.075927
0 0.416620 0.303760 0.044049 0.071135
0 0.116227 0.033084 0.031419 0.055057
0 0.011474 0.539008 0.022801 0.094137
0 0.679739 0.046763 0.052548 0.093526
0 0.425791 0.299855 0.045101 0.086663
