0 0.263889 0.780339 0.042936 0.076019
0 0.756753 0.907749 0.076346 0.137676
0 0.748278 0.708795 0.055849 0.083063
0 0.604594 0.136014 0.049369 0.123852
2 0.434079 0.453249 0.050176 0.139602
0 0.803769 0.842858 0.036442 0.061834
2 0.953758 0.554803 0.057225 0.139689
0 0.598077 0.458468 0.047589 0.084305
2 0.472611 0.874704 0.045109 0.101338
0 0.722134 0.409752 0.030680 0.043647
0 0.296308 0.971987 0.046210 0.056027
2 0.271530 0.068097 0.036643 0.089126
2 0.422671 0.161199 0.030360 0.074064
1 0.310153 0.531362 0.041676 0.079743
0 0.015396 0.451525 0.026974 0.054168
0 0.271982 0.149730 0.039722 0.090237
0 0.205462 0.132371 0.027580 0.072462
0 0.828479 0.081093 0.019682 0.041402
2 0.008394 0.089039 0.016789 0.087153
2 0.882836 0.553669 0.041755 0.076095
