0 0.239830 0.711656 0.048652 0.080430
0 0.778432 0.845839 0.085067 0.153243
0 0.604951 0.361581 0.049067 0.089455
0 0.769032 0.627902 0.058216 0.090491
2 0.423939 0.353421 0.056905 0.161811
0 0.830035 0.774736 0.041136 0.066538
2 0.465613 0.813088 0.047383 0.118784
0 0.272261 0.941596 0.053745 0.100081
0 0.609317 0.043063 0.047816 0.086127
0 0.739735 0.309754 0.033252 0.046554
2 0.982333 0.460217 0.035334 0.148015
1 0.288423 0.436508 0.046707 0.094219
2 0.742973 0.944787 0.062121 0.089192
2 0.851108 0.200346 0.035889 0.089701
0 0.742782 0.943032 0.060817 0.088585
2 0.916411 0.465759 0.041584 0.074530
0 0.249245 0.042536 0.043414 0.085071
2 0.412217 0.044436 0.032303 0.073022
1 0.249320 0.042823 0.043706 0.085646
