0 0.539513 0.470307 0.075374 0.140112
2 0.703105 0.697748 0.074702 0.135114
0 0.540968 0.292655 0.049774 0.076951
0 0.099126 0.353519 0.040929 0.073471
0 0.511307 0.559044 0.051135 0.085510
0 0.114867 0.530947 0.043563 0.102448
0 0.418385 0.076255 0.045412 0.095456
2 0.744514 0.173261 0.049701 0.131597
0 0.587608 0.418450 0.036023 0.058305
2 0.562609 0.817229 0.081057 0.144105
2 0.265445 0.075122 0.050410 0.140464
2 0.286753 0.443905 0.037812 0.102845
0 0.445378 0.952229 0.060642 0.095542
0 0.404689 0.931196 0.030159 0.064192
