1 0.254738 0.707610 0.059862 0.105978
0 0.046454 0.424288 0.054747 0.095470
0 0.527604 0.748673 0.070146 0.094578
0 0.461766 0.496934 0.050228 0.086041
0 0.911438 0.168764 0.058960 0.074207
0 0.827260 0.102731 0.099397 0.162451
0 0.932732 0.334906 0.059729 0.069624
0 0.448495 0.195810 0.061307 0.083991
0 0.580606 0.387079 0.062713 0.087717
0 0.348950 0.328726 0.027360 0.049583
0 0.975979 0.252572 0.048043 0.132440
0 0.616274 0.348507 0.040546 0.074031
1 0.746819 0.703858 0.063036 0.082148
1 0.768365 0.758518 0.060117 0.082189
0 0.466123 0.863268 0.037706 0.092590
0 0.981295 0.365455 0.037301 0.114403
0 0.364155 0.527129 0.022374 0.041574
1 0.755595 0.727649 0.077043 0.119444
