1 0.151774 0.613780 0.059223 0.102828
0 0.725847 0.088743 0.095554 0.166753
0 0.811030 0.161306 0.058973 0.074235
0 0.403753 0.682275 0.064898 0.095347
0 0.898276 0.360437 0.073250 0.130544
0 0.355050 0.434162 0.046253 0.088206
0 0.892864 0.254232 0.074149 0.147341
0 0.825212 0.328773 0.062611 0.070139
0 0.469414 0.342644 0.057602 0.087854
0 0.361471 0.140687 0.056965 0.082479
0 0.336115 0.783907 0.035930 0.089272
1 0.636756 0.724893 0.064997 0.091553
0 0.265678 0.263014 0.027922 0.050988
0 0.505324 0.314476 0.042390 0.084004
1 0.625847 0.667974 0.057836 0.074484
0 0.266212 0.453499 0.023678 0.042838
0 0.008388 0.312697 0.016775 0.068149
