1 0.043254 0.543223 0.056190 0.098739
0 0.274665 0.635125 0.059453 0.090362
0 0.240673 0.387078 0.042860 0.086543
0 0.691307 0.162923 0.054838 0.074177
0 0.779895 0.372146 0.068039 0.131876
0 0.776682 0.261121 0.072501 0.137508
0 0.352457 0.309875 0.063691 0.095827
0 0.607411 0.086469 0.094032 0.168368
0 0.706113 0.332543 0.063558 0.071853
0 0.264051 0.105540 0.053130 0.078535
0 0.970158 0.778617 0.058741 0.129474
0 0.388675 0.282518 0.042212 0.077790
0 0.202079 0.726688 0.035626 0.083739
1 0.494910 0.642430 0.049048 0.064286
1 0.493210 0.693368 0.061236 0.093597
0 0.161574 0.399369 0.023090 0.044371
1 0.492322 0.671249 0.060775 0.109386
1 0.263563 0.105379 0.054251 0.077966
0 0.362400 0.303860 0.081305 0.099164
