1 0.538331 0.582041 0.083671 0.146448
0 0.617777 0.544817 0.072226 0.132247
0 0.455741 0.755044 0.038133 0.057219
2 0.920161 0.465082 0.051496 0.098290
1 0.554400 0.187058 0.064797 0.112256
2 0.630945 0.074469 0.027774 0.097005
2 0.596511 0.087161 0.040177 0.135579
0 0.177749 0.353324 0.048377 0.098867
2 0.496636 0.416554 0.036111 0.072111
2 0.211997 0.185143 0.049616 0.131913
2 0.201835 0.549050 0.078235 0.122459
0 0.984191 0.847880 0.031619 0.146358
2 0.517128 0.957261 0.039696 0.071493
2 0.024487 0.924398 0.048880 0.143279
