2 0.644181 0.438912 0.053726 0.106885
2 0.956737 0.898829 0.085091 0.148000
1 0.264475 0.564693 0.081576 0.144780
0 0.348397 0.525675 0.071138 0.123968
1 0.291525 0.174572 0.061490 0.114320
0 0.726701 0.807926 0.087242 0.170314
2 0.336893 0.081255 0.042333 0.134672
2 0.370428 0.060031 0.029022 0.084022
0 0.764580 0.748682 0.085842 0.161415
2 0.232982 0.399635 0.034263 0.067990
0 0.183325 0.742923 0.041902 0.053876
2 0.236760 0.939128 0.040359 0.076630
0 0.377274 0.479395 0.029091 0.056253
0 0.747481 0.765098 0.127236 0.199024
