0 0.894355 0.679888 0.093867 0.137225
0 0.843649 0.413898 0.040430 0.067929
0 0.373143 0.556436 0.050698 0.103510
0 0.836500 0.290866 0.075374 0.113084
0 0.746139 0.743777 0.055652 0.088901
0 0.736476 0.284046 0.048298 0.108659
0 0.740032 0.046196 0.048798 0.090930
2 0.202230 0.887085 0.060742 0.116553
0 0.845246 0.105679 0.055069 0.122076
1 0.292214 0.834724 0.037642 0.074374
2 0.127990 0.119840 0.038244 0.062298
2 0.287393 0.237817 0.031519 0.071503
2 0.901938 0.039617 0.043532 0.072483
2 0.017521 0.869999 0.034571 0.064874
