0 0.296939 0.796224 0.054527 0.106094
0 0.272691 0.876803 0.039793 0.070417
2 0.898115 0.369261 0.094676 0.145816
0 0.741524 0.340678 0.060620 0.110902
0 0.323381 0.598305 0.052259 0.083825
0 0.188970 0.483959 0.031629 0.058017
0 0.464029 0.249980 0.035262 0.071275
1 0.278942 0.214361 0.040657 0.087058
0 0.165437 0.386205 0.045106 0.071291
1 0.982864 0.057697 0.034272 0.115394
0 0.469272 0.143922 0.046032 0.071465
2 0.795245 0.848239 0.070109 0.135492
0 0.465992 0.329750 0.039918 0.099487
0 0.942496 0.108903 0.056605 0.101238
