1 0.495607 0.185907 0.034733 0.071252
2 0.918569 0.907035 0.045494 0.124077
0 0.531401 0.068624 0.042664 0.094918
0 0.628689 0.311407 0.029971 0.121787
0 0.504532 0.459496 0.030911 0.091738
0 0.469896 0.269586 0.025523 0.087411
2 0.780794 0.916813 0.044020 0.152954
2 0.771314 0.179129 0.021969 0.079891
0 0.613822 0.478853 0.022182 0.089759
0 0.229372 0.054701 0.087855 0.102029
2 0.564071 0.035713 0.032109 0.071425
2 0.573567 0.240827 0.025948 0.100221
2 0.538180 0.233743 0.026804 0.108664
2 0.786906 0.069529 0.027615 0.111066
2 0.694833 0.591985 0.033181 0.134461
2 0.564634 0.359814 0.016544 0.099588
2 0.510781 0.028424 0.027000 0.056847
