2 0.656890 0.313571 0.057406 0.153106
0 0.430669 0.112546 0.046511 0.100973
1 0.492389 0.511641 0.037980 0.074137
0 0.636332 0.676876 0.028381 0.115897
0 0.531168 0.399858 0.048270 0.102116
0 0.465811 0.609460 0.026342 0.095340
0 0.502623 0.813514 0.030849 0.088470
0 0.565140 0.091775 0.065972 0.152829
0 0.621023 0.854067 0.022132 0.086150
0 0.206965 0.332000 0.098364 0.130789
2 0.172278 0.096198 0.052647 0.102783
2 0.404803 0.235787 0.027446 0.101718
0 0.518922 0.172901 0.041134 0.084682
2 0.576764 0.585264 0.021746 0.091140
2 0.509126 0.328796 0.031844 0.104841
2 0.563408 0.338917 0.036733 0.092396
2 0.787538 0.536950 0.021123 0.082769
0 0.962365 0.259072 0.030761 0.086879
2 0.804051 0.398200 0.027980 0.114743
2 0.705048 0.956787 0.026380 0.085753
2 0.293773 0.174983 0.037296 0.103614
2 0.537902 0.551068 0.023562 0.088038
2 0.567268 0.723833 0.016317 0.101629
1 0.239339 0.027789 0.036160 0.055579
2 0.593122 0.265404 0.026334 0.087134
2 0.531473 0.323462 0.022730 0.084502
2 0.536853 0.613108 0.015006 0.055768
