1 0.533201 0.571855 0.038174 0.071537
0 0.579131 0.466339 0.048240 0.106226
0 0.491547 0.157863 0.048753 0.105453
2 0.715561 0.396838 0.059906 0.150880
0 0.502048 0.669728 0.028513 0.094705
0 0.629702 0.156028 0.068275 0.159441
0 0.530770 0.885884 0.035139 0.088529
2 0.618800 0.666128 0.026014 0.091728
0 0.257334 0.347755 0.097132 0.131757
1 0.600811 0.037235 0.052161 0.074471
0 0.677336 0.771544 0.032001 0.117814
0 0.652588 0.952149 0.025140 0.081058
2 0.616639 0.407961 0.033983 0.090721
2 0.844514 0.652594 0.023226 0.087061
2 0.232913 0.100408 0.048973 0.102057
2 0.349001 0.203570 0.036440 0.104775
0 0.578373 0.230006 0.041181 0.078505
2 0.580221 0.616034 0.021925 0.077898
2 0.867633 0.508409 0.029738 0.122014
2 0.458286 0.276500 0.027659 0.101489
1 0.301096 0.034059 0.036327 0.068119
2 0.560348 0.395659 0.031649 0.101922
2 0.647880 0.335688 0.026798 0.099168
2 0.603545 0.809307 0.019449 0.092025
2 0.583939 0.383377 0.021440 0.080051
0 0.612770 0.346626 0.028958 0.068514
2 0.575612 0.682368 0.015613 0.057984
2 0.565213 0.387360 0.026472 0.089426
