2 0.466234 0.257160 0.031938 0.061963
1 0.427617 0.286027 0.035815 0.088068
0 0.619126 0.561365 0.057587 0.129601
0 0.790116 0.652362 0.089871 0.200201
1 0.772132 0.477291 0.073563 0.131231
2 0.349411 0.325512 0.038292 0.107733
2 0.507638 0.187542 0.028883 0.088749
0 0.710125 0.722719 0.074609 0.141241
0 0.336361 0.634518 0.106418 0.199782
2 0.736694 0.928685 0.039862 0.093546
1 0.598840 0.217326 0.056496 0.140419
2 0.566426 0.260780 0.035208 0.083166
0 0.740148 0.864426 0.034504 0.073831
2 0.450851 0.499361 0.024135 0.098186
2 0.499418 0.085116 0.029423 0.097761
2 0.565359 0.649124 0.029792 0.101911
2 0.702021 0.894647 0.027085 0.087736
2 0.673140 0.890361 0.042765 0.094130
2 0.018049 0.437314 0.035799 0.121487
