1 0.630275 0.318064 0.052931 0.138292
1 0.449689 0.376854 0.036720 0.087853
0 0.655044 0.686451 0.061156 0.139055
1 0.816276 0.595239 0.077655 0.144582
2 0.366589 0.412363 0.037345 0.107086
0 0.839353 0.792988 0.100416 0.205555
0 0.753976 0.864020 0.077889 0.156871
0 0.355734 0.742142 0.102159 0.209862
2 0.531844 0.274218 0.028929 0.090360
2 0.488627 0.345723 0.033072 0.062053
2 0.597214 0.761161 0.031983 0.103798
2 0.594621 0.358362 0.037172 0.084581
2 0.475514 0.599213 0.024388 0.091989
2 0.523225 0.164219 0.030578 0.097172
2 0.500955 0.634402 0.026624 0.057741
