1 0.656969 0.472988 0.054742 0.145669
1 0.462282 0.516478 0.037259 0.089533
2 0.373424 0.540386 0.033928 0.102392
0 0.686283 0.876426 0.065354 0.149836
2 0.503254 0.480622 0.034620 0.067985
2 0.549684 0.413276 0.031102 0.092773
2 0.489475 0.756988 0.022698 0.089012
1 0.859184 0.787140 0.084596 0.162796
2 0.618288 0.508289 0.040556 0.093621
2 0.519436 0.803062 0.028349 0.063563
0 0.360627 0.895888 0.110051 0.208224
2 0.621405 0.941076 0.036562 0.096885
2 0.537132 0.292754 0.030019 0.107175
2 0.953704 0.752617 0.052010 0.095398
2 0.945410 0.943187 0.042074 0.092734
