1 0.667695 0.554111 0.058921 0.153277
1 0.466321 0.591717 0.038503 0.093970
1 0.881061 0.887833 0.089236 0.177749
2 0.509085 0.549622 0.037521 0.069309
2 0.375840 0.607052 0.032848 0.102738
2 0.494833 0.840845 0.021617 0.079571
2 0.556703 0.482305 0.030011 0.089595
2 0.526155 0.894696 0.031909 0.065494
2 0.629476 0.589686 0.042308 0.104051
0 0.356105 0.936861 0.098204 0.126278
0 0.702788 0.951235 0.081101 0.095752
1 0.732522 0.035694 0.039844 0.071388
2 0.543319 0.354126 0.032319 0.111705
0 0.349924 0.023098 0.037108 0.046197
2 0.973285 0.857901 0.052023 0.128098
0 0.702575 0.951030 0.081069 0.097940
