1 0.155346 0.359682 0.072962 0.183114
0 0.332504 0.917937 0.062805 0.127852
2 0.112194 0.149354 0.056477 0.120511
0 0.322257 0.114390 0.041497 0.117264
0 0.208206 0.381269 0.049953 0.130361
0 0.180201 0.183214 0.035762 0.075698
0 0.102961 0.613748 0.063002 0.141413
0 0.442066 0.242299 0.038828 0.115740
2 0.069498 0.188305 0.050082 0.112992
2 0.163562 0.113259 0.043348 0.106436
2 0.356845 0.486281 0.038653 0.121544
2 0.062296 0.083296 0.046973 0.103411
2 0.048163 0.434533 0.083465 0.135220
2 0.064720 0.369646 0.054254 0.116976
2 0.055551 0.699134 0.036476 0.078152
2 0.064387 0.861165 0.058415 0.096695
2 0.026567 0.552158 0.053135 0.151974
