1 0.151676 0.378656 0.072814 0.182155
0 0.206805 0.401667 0.049683 0.128120
2 0.109473 0.168013 0.056564 0.120544
2 0.066418 0.208509 0.051336 0.113439
0 0.321399 0.134504 0.042119 0.119802
0 0.178491 0.204347 0.037988 0.075749
2 0.060781 0.100500 0.048587 0.102215
2 0.160697 0.129678 0.042912 0.101972
0 0.100009 0.638171 0.062039 0.141738
0 0.443219 0.264197 0.038461 0.115029
2 0.356768 0.507614 0.040266 0.119816
0 0.332324 0.940164 0.062911 0.115423
2 0.061510 0.884002 0.062974 0.105590
2 0.045751 0.452468 0.085495 0.135595
2 0.052777 0.723053 0.035125 0.078800
2 0.061569 0.392367 0.053585 0.119389
2 0.026701 0.582118 0.050992 0.153789
0 0.089433 0.037205 0.046725 0.074410
1 0.144804 0.043062 0.058472 0.086124
2 0.048326 0.420496 0.081915 0.156932
0 0.530647 0.114083 0.026912 0.078256
2 0.013805 0.320127 0.027341 0.122814
