0 0.220569 0.364580 0.047238 0.086859
2 0.306892 0.487726 0.046444 0.108992
0 0.310877 0.221209 0.053408 0.113145
1 0.308905 0.770690 0.076929 0.177103
0 0.481614 0.492971 0.043522 0.117011
2 0.217544 0.596498 0.057373 0.128205
0 0.625206 0.653546 0.053386 0.111439
2 0.784324 0.423811 0.068708 0.122968
0 0.331002 0.578704 0.037695 0.081966
0 0.278757 0.278014 0.038863 0.063251
2 0.260799 0.548343 0.050461 0.116940
1 0.275126 0.401977 0.053629 0.064661
0 0.363288 0.778243 0.050448 0.132040
2 0.196705 0.449643 0.056357 0.111090
2 0.202955 0.266301 0.056508 0.092458
2 0.525271 0.891377 0.036219 0.106612
2 0.214582 0.773152 0.053084 0.101939
1 0.338207 0.058357 0.046165 0.116715
2 0.193623 0.861161 0.096672 0.134856
2 0.784736 0.228768 0.087038 0.192729
1 0.106218 0.525686 0.042415 0.102029
0 0.278716 0.351647 0.057355 0.078096
0 0.722207 0.499264 0.033880 0.087243
2 0.054419 0.933168 0.093408 0.133663
2 0.159266 0.947216 0.082142 0.105569
2 0.968620 0.515293 0.062759 0.101402
1 0.054263 0.932853 0.088385 0.134295
2 0.791344 0.209792 0.075027 0.159957
