2 0.319101 0.607203 0.058424 0.130389
0 0.311517 0.371868 0.044502 0.084844
2 0.401843 0.497011 0.046916 0.105053
1 0.408199 0.779995 0.074202 0.172708
0 0.400465 0.230825 0.050767 0.113554
0 0.367813 0.285631 0.039194 0.065464
0 0.429010 0.587876 0.038225 0.078452
0 0.580157 0.502900 0.047143 0.117576
1 0.363796 0.410150 0.053750 0.062762
2 0.362021 0.559131 0.046196 0.113618
0 0.733784 0.665843 0.061451 0.111448
1 0.194947 0.534129 0.043393 0.101198
0 0.460814 0.791036 0.048221 0.124067
2 0.901373 0.432035 0.071323 0.118021
2 0.624543 0.902789 0.038202 0.107893
1 0.423216 0.065084 0.047559 0.124220
2 0.284474 0.272912 0.052905 0.092994
2 0.313263 0.782005 0.048679 0.100211
2 0.291022 0.870944 0.087111 0.133768
2 0.285169 0.451874 0.051476 0.096682
2 0.145767 0.936570 0.081478 0.126859
0 0.839590 0.505792 0.033496 0.081981
0 0.369989 0.361945 0.057273 0.082932
2 0.892102 0.240098 0.097490 0.213117
2 0.876805 0.262522 0.063690 0.148619
0 0.506299 0.045584 0.048864 0.091167
2 0.206943 0.902557 0.036535 0.083409
2 0.292782 0.491342 0.038099 0.070782
2 0.288562 0.470135 0.048851 0.104201
2 0.903049 0.225036 0.082585 0.182968
