0 0.425062 0.755456 0.047114 0.091671
0 0.526478 0.587429 0.057079 0.124166
1 0.545951 0.384716 0.056797 0.134285
2 0.535006 0.925230 0.046659 0.110207
0 0.485323 0.643594 0.045754 0.077124
0 0.661031 0.368704 0.070883 0.151068
1 0.659917 0.102751 0.044185 0.079670
2 0.383296 0.609537 0.050492 0.088869
2 0.407289 0.914730 0.035403 0.079328
2 0.928654 0.375712 0.043776 0.087668
1 0.792831 0.195011 0.069009 0.109821
1 0.285015 0.916640 0.045853 0.108103
1 0.918878 0.181680 0.073256 0.128263
2 0.390747 0.845359 0.060407 0.099685
0 0.757815 0.944056 0.064971 0.101390
0 0.496362 0.758091 0.069081 0.113647
1 0.488638 0.794882 0.067021 0.092209
1 0.491116 0.778873 0.072914 0.116978
