1 0.506962 0.279781 0.042449 0.069311
1 0.600531 0.283908 0.032801 0.080504
0 0.278605 0.272158 0.055764 0.108012
2 0.438673 0.386608 0.055845 0.098043
2 0.448963 0.109287 0.044223 0.130055
0 0.536232 0.167769 0.070690 0.166361
1 0.906739 0.442570 0.086498 0.202567
1 0.494260 0.685103 0.047261 0.104615
2 0.374449 0.149942 0.035702 0.084940
1 0.797812 0.584022 0.078958 0.133534
2 0.871728 0.780011 0.043554 0.094693
2 0.200762 0.418131 0.031665 0.106474
1 0.674290 0.673736 0.070375 0.125754
0 0.192861 0.068761 0.028438 0.054955
0 0.395312 0.903850 0.037780 0.053289
1 0.573645 0.036984 0.051353 0.073499
1 0.888294 0.076807 0.069794 0.153615
