0 0.537232 0.426538 0.070468 0.171312
1 0.617467 0.554252 0.034603 0.084606
1 0.512936 0.556990 0.045914 0.082996
2 0.447847 0.694060 0.076193 0.138076
1 0.866988 0.889470 0.089035 0.148935
0 0.254138 0.556148 0.058229 0.129938
2 0.431165 0.360291 0.040259 0.123088
2 0.354631 0.421620 0.042844 0.120765
0 0.573039 0.227812 0.071444 0.135663
0 0.140169 0.348490 0.038296 0.082078
2 0.172991 0.733079 0.036864 0.123387
1 0.965211 0.710448 0.069578 0.225899
2 0.220341 0.153169 0.022974 0.071130
1 0.741398 0.969047 0.082331 0.061153
1 0.738048 0.968468 0.085447 0.063065
