1 0.509910 0.575881 0.047201 0.085300
1 0.615395 0.570645 0.034616 0.085441
0 0.533297 0.444347 0.070188 0.175619
1 0.869150 0.898802 0.086010 0.145026
2 0.447285 0.717718 0.075964 0.138668
0 0.564651 0.241083 0.069930 0.136810
0 0.248532 0.584952 0.057928 0.126058
2 0.347739 0.445185 0.043063 0.123151
2 0.424151 0.380222 0.042557 0.123958
0 0.129521 0.379947 0.038901 0.083445
1 0.965532 0.710971 0.068937 0.222439
2 0.207322 0.178693 0.022757 0.075675
2 0.168466 0.771775 0.038958 0.128265
1 0.745456 0.973683 0.082639 0.052634
1 0.748615 0.975485 0.080897 0.049031
