2 0.368960 0.767631 0.102171 0.202666
2 0.611899 0.322338 0.059527 0.121699
0 0.035952 0.726582 0.070316 0.136868
0 0.332149 0.389417 0.049904 0.139056
1 0.274219 0.215717 0.084772 0.196875
0 0.684313 0.337923 0.092017 0.177817
0 0.618931 0.212412 0.062770 0.116247
0 0.378893 0.091734 0.065321 0.183467
2 0.529940 0.386147 0.069541 0.183212
2 0.446880 0.259421 0.088651 0.234224
1 0.518260 0.571988 0.067196 0.114913
2 0.188746 0.226658 0.058520 0.162718
0 0.021811 0.904976 0.043622 0.152697
2 0.944370 0.863109 0.076706 0.144129
