0 0.090517 0.820458 0.086233 0.139594
1 0.387214 0.505857 0.081903 0.194226
0 0.785416 0.820821 0.097313 0.201349
0 0.740302 0.626312 0.060635 0.103584
0 0.411752 0.679361 0.050268 0.140762
0 0.420126 0.324853 0.047326 0.088195
0 0.507521 0.417951 0.063798 0.208087
2 0.500004 0.080803 0.075923 0.141913
0 0.438735 0.232259 0.050540 0.092971
0 0.976134 0.352694 0.047152 0.149821
2 0.575300 0.816482 0.056149 0.157673
2 0.549594 0.599961 0.091798 0.238655
2 0.619554 0.764902 0.058792 0.162649
2 0.919120 0.366843 0.076001 0.140538
2 0.317302 0.469188 0.062491 0.195512
2 0.708799 0.737256 0.061381 0.152831
2 0.367303 0.176953 0.080812 0.288468
0 0.040979 0.958786 0.075491 0.082429
0 0.024073 0.895364 0.047532 0.127203
2 0.563560 0.953389 0.076424 0.086393
2 0.627567 0.671081 0.049756 0.088126
0 0.050958 0.962127 0.053809 0.073335
