1 0.379767 0.662223 0.083787 0.201344
0 0.414011 0.467143 0.048294 0.092028
0 0.736573 0.770283 0.059704 0.107512
0 0.403679 0.835967 0.047647 0.140799
0 0.434527 0.368073 0.049570 0.093995
0 0.974113 0.495014 0.051094 0.144880
0 0.499805 0.577981 0.064910 0.204278
0 0.082898 0.942975 0.086099 0.114050
2 0.493962 0.200509 0.085166 0.144315
0 0.780266 0.933740 0.109653 0.132519
2 0.913318 0.503338 0.077451 0.135867
2 0.362838 0.304608 0.089981 0.261858
2 0.543027 0.742952 0.100343 0.243305
2 0.704853 0.876140 0.069843 0.176628
2 0.614273 0.901713 0.058884 0.155490
0 0.823845 0.072877 0.080548 0.139498
2 0.607541 0.064571 0.065412 0.119527
2 0.540815 0.764567 0.116998 0.300346
2 0.317236 0.626673 0.060881 0.195967
2 0.570158 0.942878 0.048431 0.114243
