0 0.409489 0.501802 0.042643 0.082718
1 0.359305 0.769195 0.075266 0.164997
0 0.379638 0.916833 0.042516 0.117907
2 0.462260 0.340965 0.075732 0.123038
0 0.671526 0.856226 0.052659 0.090224
0 0.390605 0.589214 0.040906 0.080562
0 0.965306 0.482692 0.065411 0.158147
2 0.559567 0.212679 0.063739 0.148369
0 0.887316 0.612969 0.064898 0.131602
2 0.348706 0.440621 0.074376 0.199044
0 0.460455 0.695640 0.054888 0.168049
2 0.498499 0.849360 0.103472 0.252425
2 0.829402 0.617334 0.068645 0.123691
0 0.748979 0.252233 0.064687 0.137870
2 0.645258 0.937288 0.060545 0.125425
0 0.333572 0.050022 0.084152 0.100045
0 0.725521 0.200470 0.085803 0.144473
0 0.734888 0.228405 0.094163 0.182827
2 0.257751 0.131490 0.058280 0.108132
0 0.104914 0.976303 0.071229 0.047393
2 0.022218 0.169991 0.044435 0.181658
