0 0.419196 0.529033 0.037806 0.064169
0 0.113978 0.843595 0.068292 0.113148
0 0.423003 0.078109 0.079585 0.145972
1 0.340528 0.741121 0.068120 0.143917
2 0.584797 0.334550 0.060091 0.139312
2 0.489946 0.414637 0.077258 0.122553
0 0.339971 0.878915 0.038788 0.104055
0 0.937572 0.746630 0.071912 0.147204
0 0.839102 0.834294 0.064332 0.120984
0 0.040932 0.857628 0.065953 0.115391
2 0.381884 0.457054 0.070328 0.190730
0 0.057820 0.947100 0.063641 0.104508
0 0.390718 0.601757 0.034952 0.065359
0 0.431482 0.721005 0.046785 0.127883
2 0.767777 0.237937 0.056861 0.138634
0 0.756092 0.449283 0.065337 0.126333
0 0.605151 0.953370 0.048209 0.084665
2 0.447489 0.873402 0.079857 0.186726
2 0.790072 0.814400 0.055414 0.114846
0 0.735569 0.382012 0.081882 0.128714
2 0.126376 0.097504 0.084149 0.162655
2 0.346379 0.155990 0.048265 0.099928
2 0.093572 0.156142 0.070478 0.118589
