2 0.335496 0.333557 0.055998 0.137288
0 0.483071 0.922633 0.064878 0.116300
0 0.260649 0.926318 0.049348 0.093762
0 0.594255 0.893039 0.075221 0.145450
0 0.258221 0.054420 0.059949 0.108841
2 0.519804 0.325460 0.056665 0.126320
2 0.171171 0.371978 0.072034 0.159116
0 0.467787 0.519784 0.059592 0.107043
0 0.125063 0.622329 0.053536 0.116211
2 0.138369 0.760049 0.074277 0.119304
0 0.176724 0.453950 0.035261 0.055732
2 0.045636 0.728645 0.047639 0.085640
2 0.680404 0.121356 0.057359 0.088839
1 0.055305 0.602277 0.065819 0.123222
2 0.675660 0.617344 0.052622 0.089526
2 0.122105 0.925758 0.067947 0.106909
0 0.851756 0.185395 0.066928 0.121083
0 0.451779 0.452080 0.083253 0.125970
2 0.257413 0.384680 0.061354 0.096353
2 0.638529 0.698609 0.039943 0.091306
0 0.517725 0.795470 0.028576 0.055361
2 0.209649 0.949563 0.058864 0.093857
0 0.130136 0.503909 0.032979 0.050218
0 0.973033 0.220930 0.026737 0.054602
2 0.960490 0.616411 0.062320 0.117797
2 0.451522 0.875843 0.034217 0.071740
