2 0.232696 0.170382 0.056872 0.136318
2 0.384045 0.679867 0.059065 0.094924
2 0.375396 0.277942 0.055887 0.122167
0 0.199104 0.757471 0.064238 0.124684
2 0.435548 0.636666 0.053118 0.093923
0 0.297363 0.815979 0.081758 0.137104
0 0.109467 0.188010 0.032779 0.047959
2 0.577079 0.191920 0.053422 0.078295
0 0.279254 0.333510 0.070812 0.103250
0 0.722595 0.368851 0.089280 0.128825
0 0.281192 0.410086 0.065841 0.103594
2 0.960241 0.581393 0.066132 0.118179
0 0.054406 0.614684 0.040835 0.085047
2 0.132753 0.131093 0.051397 0.130134
2 0.752589 0.105900 0.066636 0.135172
2 0.914269 0.482074 0.038085 0.061157
0 0.021829 0.272325 0.043450 0.093755
0 0.020510 0.722752 0.040861 0.131689
0 0.801064 0.046878 0.040052 0.083722
0 0.866800 0.509388 0.028166 0.053491
0 0.019566 0.593735 0.039132 0.118051
2 0.016469 0.415327 0.032937 0.104263
2 0.663766 0.211447 0.065832 0.137245
