2 0.285708 0.658722 0.059763 0.095454
0 0.193647 0.782058 0.083361 0.133795
2 0.337694 0.619206 0.057240 0.099218
0 0.102688 0.713648 0.065201 0.122652
2 0.168186 0.135268 0.058077 0.131552
2 0.823373 0.523228 0.043203 0.069643
0 0.196782 0.301118 0.071505 0.097577
2 0.498081 0.193512 0.058859 0.081594
2 0.872011 0.623707 0.067008 0.117629
0 0.628463 0.388403 0.098100 0.135755
2 0.295886 0.259804 0.060087 0.128611
2 0.953748 0.541605 0.053640 0.120625
0 0.730777 0.068474 0.043987 0.090295
2 0.679267 0.114951 0.068844 0.116090
0 0.057043 0.145222 0.033218 0.051200
0 0.773010 0.542863 0.030125 0.054097
0 0.195795 0.378857 0.071353 0.105832
2 0.085027 0.088572 0.050653 0.133485
2 0.591515 0.717914 0.089739 0.148979
2 0.582359 0.219665 0.069228 0.127908
2 0.966082 0.417448 0.047425 0.069272
