2 0.708761 0.523360 0.040446 0.067636
2 0.759887 0.626857 0.064389 0.113689
2 0.071399 0.129351 0.062573 0.131876
2 0.190938 0.254131 0.059338 0.134925
0 0.087826 0.289017 0.075530 0.109614
0 0.073764 0.769372 0.071522 0.130162
2 0.573355 0.112142 0.067295 0.112756
0 0.514181 0.387117 0.100359 0.142625
2 0.960023 0.905021 0.054130 0.112365
2 0.172979 0.649651 0.055812 0.095028
2 0.851039 0.544484 0.053369 0.122265
0 0.625502 0.066672 0.047447 0.090653
2 0.220134 0.616969 0.057634 0.097254
2 0.390416 0.184322 0.064406 0.078838
1 0.937210 0.378093 0.035939 0.054664
2 0.475364 0.222296 0.068984 0.138316
0 0.091880 0.369385 0.064599 0.101474
2 0.468557 0.708903 0.087085 0.152399
0 0.011957 0.707824 0.023447 0.104737
0 0.980913 0.047821 0.038175 0.070236
2 0.849273 0.350054 0.027430 0.072877
0 0.657323 0.541554 0.029034 0.055607
2 0.869485 0.419581 0.043598 0.064416
2 0.011964 0.636632 0.023927 0.068510
0 0.979982 0.122671 0.040036 0.093309
2 0.333691 0.654421 0.060663 0.092717
