2 0.557450 0.121507 0.066495 0.113059
2 0.374255 0.149287 0.065319 0.085563
2 0.181997 0.169231 0.061127 0.135883
0 0.612777 0.092309 0.047948 0.095200
0 0.471834 0.380212 0.099780 0.137551
0 0.035447 0.624127 0.070894 0.137165
2 0.653305 0.573437 0.045032 0.076433
2 0.699264 0.686732 0.070347 0.123391
2 0.129451 0.535804 0.051566 0.089171
0 0.085350 0.180031 0.072542 0.107127
2 0.389835 0.675587 0.094340 0.149469
0 0.596966 0.572131 0.029584 0.054609
2 0.450693 0.203674 0.064611 0.136226
2 0.844229 0.516994 0.049691 0.077261
0 0.085644 0.254743 0.064319 0.096148
2 0.094178 0.043794 0.059724 0.087587
2 0.812246 0.636264 0.051971 0.124270
2 0.169572 0.528114 0.059932 0.107047
2 0.193128 0.684445 0.079774 0.140745
1 0.936046 0.496640 0.036016 0.055405
2 0.832338 0.443018 0.033944 0.067448
2 0.270911 0.586118 0.057121 0.094384
2 0.154892 0.530520 0.084401 0.105136
2 0.947477 0.622661 0.051631 0.097700
