0 0.349020 0.304948 0.092388 0.145672
2 0.777558 0.946587 0.049829 0.078489
2 0.698924 0.842708 0.060503 0.096618
2 0.448190 0.811037 0.083553 0.146314
2 0.704188 0.748886 0.054781 0.088996
2 0.517147 0.774707 0.059843 0.086912
2 0.435090 0.652648 0.043694 0.087766
2 0.921222 0.353276 0.068449 0.162391
2 0.614061 0.662366 0.078055 0.128304
2 0.611331 0.910398 0.075330 0.114069
0 0.572242 0.154789 0.049854 0.107958
2 0.173660 0.464458 0.096524 0.137990
2 0.090800 0.176583 0.068980 0.104135
2 0.545981 0.628152 0.035671 0.082556
2 0.514030 0.138832 0.053432 0.107989
2 0.021880 0.178742 0.043542 0.116374
2 0.132994 0.323811 0.072671 0.115165
0 0.389163 0.596069 0.030472 0.056869
0 0.030436 0.057115 0.057501 0.089332
0 0.021051 0.176469 0.041717 0.114550
