0 0.196385 0.244941 0.089398 0.156663
2 0.264056 0.777252 0.054520 0.087523
2 0.782250 0.593059 0.073869 0.162659
2 0.418620 0.943085 0.057710 0.096048
2 0.448753 0.860527 0.045528 0.089573
2 0.177943 0.768002 0.091371 0.157749
2 0.302281 0.650615 0.040156 0.091873
0 0.415661 0.200969 0.061548 0.118987
2 0.321704 0.950720 0.062833 0.098327
2 0.938960 0.626953 0.064061 0.086258
2 0.950535 0.293400 0.084898 0.102679
2 0.186716 0.608745 0.050671 0.107279
2 0.372589 0.722807 0.074034 0.132742
2 0.833158 0.376181 0.073543 0.094949
0 0.364653 0.151733 0.056684 0.113318
1 0.620832 0.033269 0.060175 0.066539
2 0.031302 0.302375 0.062603 0.143144
0 0.959414 0.755497 0.042879 0.068173
0 0.167507 0.535220 0.026061 0.051896
