2 0.577892 0.627210 0.044994 0.071376
2 0.794271 0.746520 0.075341 0.157971
2 0.743155 0.475024 0.058320 0.119144
0 0.767951 0.306770 0.047521 0.109814
2 0.938223 0.414434 0.111181 0.237121
2 0.711481 0.678866 0.048421 0.153223
0 0.976768 0.259380 0.043919 0.072949
0 0.750821 0.791540 0.038164 0.072484
2 0.408504 0.593323 0.063367 0.165933
2 0.594129 0.298540 0.082498 0.101894
0 0.588427 0.754246 0.043945 0.075470
2 0.763252 0.090463 0.046741 0.180926
0 0.027703 0.205953 0.055203 0.147905
2 0.464519 0.142569 0.043256 0.160060
1 0.259993 0.033929 0.061748 0.067859
2 0.031134 0.944655 0.056423 0.097487
2 0.298776 0.560080 0.040763 0.076242
2 0.575125 0.306423 0.065623 0.100790
2 0.843179 0.119366 0.056410 0.115648
