0 0.633188 0.316576 0.047471 0.109532
2 0.455182 0.633116 0.040957 0.068564
2 0.798457 0.424616 0.105028 0.248287
2 0.659754 0.750563 0.069791 0.164147
0 0.839575 0.272055 0.042640 0.070017
0 0.621426 0.790874 0.037849 0.072552
2 0.585978 0.684673 0.043807 0.156831
0 0.465137 0.751672 0.050840 0.088273
2 0.615508 0.477209 0.050284 0.127424
2 0.284107 0.604477 0.068951 0.161914
2 0.469308 0.309016 0.085743 0.101283
2 0.950687 0.062228 0.078306 0.124455
0 0.979762 0.219475 0.038945 0.080093
2 0.632024 0.101678 0.044399 0.188247
2 0.676524 0.043962 0.048149 0.087924
2 0.976180 0.340765 0.047640 0.191268
2 0.895488 0.415758 0.059903 0.135738
2 0.337891 0.150259 0.037009 0.146639
2 0.567182 0.057866 0.062146 0.115733
2 0.579299 0.366246 0.048030 0.111003
2 0.631694 0.079032 0.040354 0.139726
1 0.142354 0.039636 0.065389 0.079272
