2 0.446127 0.528488 0.075330 0.176784
2 0.711452 0.224258 0.055902 0.111469
0 0.463428 0.398193 0.036286 0.057303
0 0.628100 0.826064 0.063489 0.133634
0 0.905470 0.763318 0.040487 0.087659
0 0.762658 0.921398 0.031508 0.052937
2 0.543983 0.176866 0.066810 0.135972
0 0.907923 0.650203 0.043049 0.056631
0 0.578580 0.322424 0.030388 0.051772
2 0.299068 0.768132 0.040478 0.123429
0 0.299976 0.462762 0.044711 0.086529
2 0.868757 0.554612 0.047359 0.083741
0 0.925244 0.491437 0.026901 0.075193
2 0.305708 0.600895 0.047943 0.107025
2 0.031599 0.772342 0.062863 0.159846
2 0.350567 0.821668 0.060968 0.128885
2 0.591821 0.400687 0.061291 0.154448
2 0.168198 0.485895 0.085573 0.098440
2 0.293686 0.283544 0.040097 0.142448
0 0.479832 0.077207 0.028694 0.069849
2 0.950530 0.945287 0.064156 0.084303
0 0.326913 0.857637 0.031963 0.061087
0 0.503078 0.032729 0.036106 0.065459
2 0.588764 0.959974 0.048212 0.080009
0 0.191989 0.861309 0.043657 0.065407
2 0.324393 0.219491 0.039321 0.078203
2 0.527134 0.498734 0.052200 0.121326
2 0.290920 0.266145 0.037889 0.107489
0 0.324237 0.219373 0.039814 0.079252
