0 0.484700 0.803443 0.057516 0.119626
0 0.275775 0.455786 0.038702 0.056742
2 0.273646 0.591030 0.081231 0.168430
0 0.613476 0.841493 0.029326 0.052451
0 0.711737 0.540717 0.036388 0.051432
2 0.499057 0.208406 0.047847 0.107886
0 0.832865 0.488038 0.094053 0.158244
0 0.387186 0.340300 0.028587 0.049577
0 0.821209 0.054224 0.045762 0.074415
0 0.719983 0.643189 0.033132 0.080360
0 0.714098 0.390019 0.023720 0.062771
2 0.336618 0.209106 0.062828 0.130028
2 0.671982 0.466869 0.034298 0.073004
2 0.463102 0.954306 0.046714 0.084900
0 0.259093 0.133787 0.030908 0.066146
2 0.779892 0.793024 0.054013 0.081242
2 0.975338 0.552418 0.043954 0.085918
0 0.281365 0.076354 0.039813 0.070741
2 0.406569 0.417829 0.061954 0.138637
2 0.137817 0.716569 0.060534 0.102746
0 0.110920 0.580838 0.043636 0.080538
2 0.890075 0.573370 0.031857 0.063757
1 0.943766 0.185179 0.049222 0.103975
2 0.203318 0.915791 0.067894 0.110975
2 0.086683 0.397491 0.048307 0.125440
0 0.150011 0.060490 0.030324 0.045866
0 0.699505 0.966098 0.042355 0.055118
2 0.112253 0.325160 0.038594 0.077982
2 0.150377 0.882698 0.046274 0.113850
2 0.361482 0.530889 0.050186 0.119364
2 0.856892 0.969003 0.044912 0.061993
2 0.017231 0.354612 0.034408 0.099809
