0 0.352526 0.722361 0.037614 0.061934
2 0.616681 0.665868 0.041310 0.078459
2 0.934280 0.375061 0.050140 0.090160
0 0.468221 0.783787 0.046935 0.080325
2 0.609306 0.789718 0.032831 0.071453
2 0.721198 0.256305 0.044363 0.095900
0 0.801107 0.615193 0.036452 0.075056
0 0.752718 0.645787 0.052777 0.090630
0 0.676469 0.950006 0.035754 0.059747
2 0.317049 0.280553 0.037035 0.070368
0 0.195940 0.797956 0.077118 0.132597
2 0.776946 0.416477 0.055198 0.122309
0 0.375672 0.329863 0.035886 0.056569
2 0.045292 0.127562 0.064221 0.122760
2 0.685803 0.569244 0.051384 0.083593
0 0.408674 0.428205 0.034106 0.085297
2 0.504680 0.536331 0.043745 0.078061
0 0.821147 0.343219 0.025430 0.049353
2 0.564034 0.247662 0.029948 0.073323
0 0.698368 0.770121 0.040319 0.076265
0 0.479203 0.200795 0.098969 0.155290
0 0.346830 0.177790 0.030384 0.062184
0 0.491551 0.632863 0.021743 0.046874
2 0.641466 0.180061 0.036338 0.088063
0 0.966391 0.869668 0.039243 0.058911
0 0.760219 0.183847 0.032548 0.051178
2 0.233788 0.734980 0.034024 0.070113
0 0.987150 0.259913 0.025700 0.058298
0 0.980907 0.745164 0.038186 0.075596
2 0.858658 0.444806 0.027977 0.057150
0 0.899824 0.758246 0.033237 0.046864
0 0.641435 0.810888 0.030641 0.077863
0 0.976745 0.817967 0.045138 0.079593
2 0.034196 0.472525 0.063962 0.103503
0 0.937985 0.433095 0.043369 0.058981
2 0.216742 0.969119 0.054014 0.057556
2 0.841248 0.825599 0.024664 0.042262
0 0.949558 0.475428 0.029178 0.047467
0 0.933142 0.096688 0.027749 0.053979
0 0.546615 0.210622 0.030493 0.060429
0 0.824826 0.033916 0.022615 0.050949
0 0.954828 0.800421 0.036198 0.062596
0 0.969720 0.810610 0.056166 0.089701
0 0.855236 0.062893 0.042016 0.066082
0 0.972153 0.831370 0.051365 0.105452
0 0.698843 0.230780 0.022667 0.067980
2 0.963649 0.553290 0.032776 0.062746
0 0.972207 0.743682 0.045533 0.071623
