0 0.529177 0.180497 0.056627 0.110539
1 0.605013 0.415140 0.069748 0.113317
0 0.375552 0.399953 0.048948 0.107966
2 0.175579 0.344200 0.052078 0.115293
0 0.772372 0.534190 0.061263 0.101191
0 0.589856 0.183892 0.044444 0.091751
2 0.854588 0.145452 0.042259 0.090698
0 0.225144 0.058637 0.055809 0.098432
0 0.727571 0.585108 0.054164 0.093881
0 0.695944 0.619532 0.040345 0.079933
0 0.747638 0.660864 0.045559 0.075928
0 0.829711 0.199458 0.045279 0.085687
0 0.175859 0.814830 0.097333 0.125110
2 0.392459 0.070758 0.039963 0.101449
0 0.663097 0.447736 0.034697 0.048420
0 0.429475 0.243340 0.051447 0.131223
2 0.486831 0.051793 0.045443 0.093062
0 0.713708 0.518338 0.049600 0.076594
2 0.569098 0.433705 0.030130 0.064787
0 0.575353 0.657249 0.036299 0.079556
0 0.355952 0.203751 0.033150 0.065701
2 0.014815 0.081540 0.029629 0.115160
2 0.643879 0.040277 0.050368 0.080553
2 0.799404 0.489186 0.036158 0.067310
0 0.731362 0.029594 0.030224 0.059188
2 0.979955 0.702773 0.040089 0.144254
2 0.645858 0.358832 0.042978 0.063099
2 0.348097 0.173210 0.043222 0.092352
0 0.829424 0.243511 0.030444 0.043592
