0 0.531581 0.173075 0.059554 0.115555
0 0.588265 0.193568 0.044533 0.094100
1 0.579992 0.422833 0.072218 0.119537
0 0.364120 0.345878 0.049671 0.111177
0 0.839152 0.274054 0.046448 0.085603
2 0.966623 0.842156 0.066755 0.158207
0 0.426333 0.209955 0.051836 0.137470
0 0.737957 0.592280 0.060268 0.106031
0 0.654064 0.652960 0.039581 0.080254
0 0.640223 0.473567 0.032403 0.050050
2 0.873015 0.224268 0.047976 0.094179
2 0.773305 0.558254 0.035821 0.066669
0 0.145688 0.692513 0.097437 0.148315
0 0.702592 0.710105 0.045559 0.080083
0 0.681265 0.558433 0.048437 0.077720
0 0.690691 0.636175 0.051658 0.095076
2 0.506156 0.047088 0.049608 0.089699
0 0.530842 0.651963 0.036736 0.078549
2 0.664306 0.048594 0.061632 0.097188
0 0.758184 0.066526 0.031062 0.080444
2 0.185105 0.240835 0.053183 0.112806
0 0.361724 0.150040 0.032636 0.062565
0 0.833053 0.318176 0.030028 0.045817
2 0.064555 0.207883 0.046333 0.122953
2 0.546316 0.432659 0.028273 0.067069
