2 0.643457 0.090209 0.068255 0.141851
0 0.532418 0.224246 0.047499 0.090774
1 0.491486 0.442343 0.066224 0.113704
0 0.386287 0.176738 0.056480 0.131108
0 0.567228 0.624300 0.045682 0.076673
0 0.547549 0.524895 0.034994 0.050704
0 0.485992 0.185473 0.059968 0.124740
0 0.082309 0.514232 0.084714 0.151980
2 0.666844 0.670528 0.040682 0.070074
0 0.738082 0.168214 0.034047 0.081884
0 0.784346 0.419680 0.052251 0.103166
0 0.296499 0.941506 0.055532 0.095942
2 0.829085 0.384759 0.059178 0.113134
0 0.618792 0.684244 0.058381 0.112729
0 0.312811 0.281827 0.048297 0.112038
0 0.529969 0.700464 0.035007 0.075624
0 0.573994 0.708199 0.048221 0.089757
0 0.569724 0.781926 0.040538 0.082146
2 0.334958 0.064516 0.046769 0.098493
2 0.481822 0.047003 0.045123 0.092531
2 0.176052 0.118425 0.052575 0.118436
0 0.176848 0.118609 0.052570 0.119632
2 0.087504 0.925204 0.037332 0.090880
2 0.090304 0.061600 0.045273 0.114344
0 0.416411 0.649031 0.041012 0.083336
2 0.423809 0.665482 0.051514 0.098254
