0 0.854645 0.543692 0.068143 0.126174
1 0.695550 0.210958 0.049313 0.080775
0 0.768038 0.726531 0.061395 0.119815
2 0.452221 0.345864 0.066054 0.140022
0 0.796291 0.313562 0.056161 0.093827
0 0.670247 0.605407 0.072264 0.158483
0 0.210654 0.561918 0.064686 0.119054
2 0.259392 0.563259 0.047580 0.080820
0 0.178634 0.394849 0.046810 0.059604
0 0.394752 0.363972 0.066457 0.103257
1 0.732857 0.351245 0.045284 0.084963
0 0.403809 0.113395 0.040177 0.084510
0 0.161479 0.069113 0.059849 0.128242
0 0.152245 0.562442 0.067640 0.124700
0 0.656527 0.425201 0.047867 0.097571
0 0.168532 0.484953 0.049980 0.075074
0 0.919890 0.514685 0.041694 0.070145
0 0.890954 0.396365 0.046583 0.114094
2 0.388279 0.950998 0.101906 0.092099
0 0.019049 0.099559 0.038098 0.105853
0 0.915906 0.426825 0.037915 0.083965
0 0.901423 0.414505 0.065390 0.110063
2 0.312411 0.047073 0.055856 0.094147
1 0.987510 0.908147 0.024665 0.080395
2 0.060947 0.487318 0.055460 0.107402
