0 0.743039 0.798600 0.057810 0.114571
0 0.874645 0.669159 0.066366 0.113666
2 0.487175 0.288872 0.066237 0.121446
1 0.753675 0.263996 0.047042 0.077690
0 0.661114 0.627447 0.065457 0.147816
2 0.343307 0.872205 0.102220 0.186072
0 0.670397 0.459852 0.043181 0.083229
2 0.778087 0.504824 0.033362 0.059585
0 0.428116 0.281060 0.063692 0.093446
0 0.946887 0.532734 0.043624 0.096167
0 0.971721 0.592731 0.046073 0.082530
2 0.281572 0.412992 0.042346 0.079012
0 0.239287 0.393488 0.057595 0.111056
0 0.842977 0.404623 0.064848 0.104237
0 0.190149 0.379792 0.066086 0.131826
0 0.233796 0.235207 0.042631 0.063953
0 0.209450 0.306568 0.043221 0.062023
2 0.881642 0.760055 0.045642 0.075270
0 0.471791 0.053810 0.041562 0.084146
2 0.959047 0.681387 0.043331 0.071832
2 0.918825 0.603817 0.037694 0.063631
0 0.959325 0.681217 0.043604 0.071206
