0 0.661464 0.821485 0.059826 0.113787
2 0.442823 0.264675 0.067098 0.115546
2 0.269613 0.801079 0.097955 0.175922
0 0.816391 0.721449 0.068452 0.113767
1 0.720343 0.293318 0.045817 0.080400
0 0.914423 0.605118 0.043743 0.101306
0 0.939013 0.668492 0.045536 0.080595
0 0.588600 0.628069 0.065352 0.148421
0 0.801999 0.452091 0.058802 0.101672
2 0.723346 0.535517 0.031067 0.050817
0 0.384229 0.247016 0.065676 0.092807
0 0.612243 0.466669 0.041944 0.082365
2 0.238617 0.350653 0.036158 0.074528
2 0.915156 0.755228 0.045135 0.065745
0 0.196672 0.320471 0.057575 0.106061
0 0.179486 0.233025 0.044839 0.065488
2 0.874667 0.662649 0.038290 0.059966
2 0.826021 0.815044 0.043842 0.068116
0 0.156948 0.299373 0.064337 0.129544
0 0.207626 0.169155 0.042264 0.063119
0 0.443404 0.037950 0.039169 0.075901
0 0.239132 0.960937 0.049889 0.078127
0 0.183873 0.313738 0.083043 0.127001
