0 0.743320 0.773016 0.067328 0.111809
2 0.192253 0.725113 0.091899 0.164634
0 0.566323 0.834956 0.057125 0.112167
0 0.508679 0.624319 0.068002 0.133079
2 0.855983 0.833649 0.045975 0.056736
0 0.866705 0.682874 0.044049 0.106154
0 0.891208 0.753948 0.046971 0.084644
1 0.675585 0.325465 0.051571 0.087150
0 0.336905 0.211448 0.060005 0.090204
2 0.812713 0.729477 0.045039 0.060359
2 0.655958 0.565838 0.029886 0.053374
2 0.392188 0.239943 0.071171 0.113653
0 0.555149 0.469100 0.062597 0.090556
0 0.157715 0.896313 0.055405 0.119244
0 0.156145 0.250648 0.053119 0.105161
0 0.147483 0.165231 0.043454 0.065113
2 0.752593 0.875175 0.054791 0.072988
0 0.751082 0.501227 0.057899 0.089407
0 0.180267 0.107127 0.041953 0.067591
0 0.128505 0.212922 0.061633 0.110454
2 0.191570 0.284667 0.034935 0.070926
0 0.415222 0.029987 0.032382 0.059974
2 0.090023 0.116416 0.039687 0.099963
