0 0.355150 0.294669 0.054776 0.108242
0 0.316581 0.889550 0.050465 0.069096
0 0.697899 0.391545 0.047729 0.096406
0 0.533115 0.320224 0.061224 0.108006
1 0.582978 0.826489 0.047463 0.067976
0 0.566221 0.096199 0.035039 0.052378
0 0.315091 0.107101 0.080969 0.131167
0 0.392851 0.715912 0.053184 0.069197
0 0.914395 0.513584 0.077319 0.092177
0 0.162670 0.803896 0.026273 0.046867
0 0.605744 0.316036 0.036022 0.054667
0 0.226165 0.624795 0.053540 0.069677
0 0.674372 0.319558 0.045401 0.110441
1 0.607032 0.871106 0.041372 0.060920
1 0.542748 0.053232 0.044085 0.082251
0 0.648371 0.429336 0.037960 0.041847
0 0.416687 0.664270 0.029339 0.081233
0 0.027875 0.315937 0.048132 0.097920
1 0.946146 0.169533 0.084584 0.147138
2 0.060792 0.173089 0.076787 0.152480
2 0.947559 0.264262 0.056180 0.089324
