0 0.344897 0.295825 0.057913 0.115960
0 0.530299 0.332616 0.062191 0.111996
1 0.586309 0.877341 0.055641 0.073687
0 0.295294 0.939095 0.055834 0.083670
0 0.930187 0.548707 0.077652 0.105035
0 0.130778 0.848783 0.025822 0.054374
0 0.701501 0.418794 0.048401 0.101601
0 0.203192 0.648567 0.058904 0.075909
0 0.306605 0.107328 0.081016 0.137396
0 0.676159 0.343156 0.046965 0.114409
0 0.605590 0.332363 0.038578 0.059691
0 0.380448 0.744067 0.053262 0.072627
0 0.650010 0.453519 0.039052 0.043761
1 0.951020 0.195267 0.092574 0.145638
1 0.612902 0.924600 0.047142 0.070165
0 0.565555 0.108470 0.038673 0.059612
0 0.406770 0.690338 0.030259 0.085799
1 0.537061 0.064690 0.043968 0.099796
2 0.955186 0.293383 0.058645 0.100553
0 0.012744 0.333342 0.025453 0.107970
2 0.043432 0.181766 0.072038 0.153711
