1 0.583040 0.742694 0.053248 0.071443
0 0.529350 0.205413 0.065519 0.119975
0 0.300037 0.787551 0.057041 0.080087
0 0.139774 0.703473 0.027721 0.053467
0 0.348178 0.159076 0.061388 0.118310
0 0.697180 0.306597 0.051457 0.106280
0 0.208921 0.508120 0.055162 0.074355
0 0.920481 0.430224 0.076535 0.099672
0 0.603208 0.212739 0.040751 0.060561
0 0.672686 0.230211 0.051959 0.120890
0 0.415190 0.952544 0.065123 0.082696
0 0.648335 0.333254 0.039951 0.041432
0 0.383003 0.597640 0.050946 0.069868
0 0.407649 0.548661 0.030197 0.088339
1 0.610008 0.780300 0.044647 0.061781
1 0.940228 0.088593 0.087891 0.144378
0 0.016062 0.212027 0.032124 0.082890
0 0.208516 0.888192 0.026130 0.044153
0 0.311694 0.032072 0.077496 0.064144
2 0.050577 0.066468 0.062926 0.132822
