0 0.706026 0.127713 0.049156 0.123309
0 0.571033 0.095164 0.070434 0.116996
0 0.946807 0.323588 0.072480 0.102126
0 0.203684 0.570377 0.026850 0.051766
0 0.468777 0.804945 0.060807 0.077461
0 0.358851 0.645313 0.053608 0.078075
0 0.270230 0.382744 0.056113 0.072878
0 0.458905 0.415788 0.029125 0.088491
0 0.445381 0.950276 0.040582 0.071460
0 0.683272 0.224916 0.040095 0.039638
0 0.728756 0.202406 0.049034 0.098817
0 0.435729 0.466488 0.050178 0.067522
0 0.075897 0.108178 0.042019 0.086552
0 0.640919 0.107770 0.041270 0.053408
1 0.623088 0.615567 0.053071 0.064424
0 0.400203 0.050472 0.057655 0.098125
1 0.650488 0.641488 0.042202 0.064071
0 0.271336 0.743932 0.027945 0.046767
1 0.212571 0.969411 0.054701 0.055231
1 0.211365 0.970248 0.058991 0.059503
