0 0.760152 0.142600 0.054064 0.109745
0 0.736283 0.065491 0.050203 0.120035
0 0.490307 0.764113 0.065765 0.084177
0 0.467107 0.917042 0.042933 0.077630
0 0.211787 0.519115 0.029636 0.053916
0 0.457657 0.409125 0.054224 0.070716
0 0.280235 0.322200 0.056495 0.074909
0 0.374767 0.595354 0.056696 0.082953
1 0.680927 0.595987 0.044571 0.061542
1 0.220273 0.953010 0.059317 0.093979
1 0.650017 0.568884 0.053354 0.065082
0 0.282725 0.699465 0.029495 0.048030
0 0.669111 0.037354 0.042939 0.058104
0 0.972513 0.277422 0.054975 0.112323
0 0.595742 0.042458 0.071908 0.084917
0 0.075500 0.041104 0.039847 0.079827
0 0.713268 0.162980 0.041407 0.043234
0 0.480293 0.356973 0.027880 0.088801
