0 0.739339 0.250990 0.038749 0.067449
0 0.687301 0.166978 0.034693 0.058063
0 0.349649 0.693332 0.052958 0.077342
0 0.888385 0.559817 0.058239 0.082903
0 0.457020 0.167680 0.072638 0.164469
0 0.302001 0.072563 0.039487 0.075452
2 0.344976 0.604569 0.048093 0.079904
0 0.231449 0.728898 0.056286 0.082098
0 0.291745 0.817287 0.029584 0.051023
0 0.236432 0.396980 0.031539 0.053988
0 0.505472 0.813401 0.038204 0.080962
0 0.548194 0.048041 0.047897 0.096082
0 0.287096 0.965270 0.040410 0.069460
0 0.737184 0.706799 0.085243 0.092945
0 0.204524 0.855239 0.031448 0.053415
0 0.256936 0.827207 0.029925 0.056516
0 0.763156 0.786088 0.092384 0.078190
1 0.672828 0.949458 0.054160 0.072713
1 0.707732 0.214214 0.035549 0.063717
0 0.242429 0.184527 0.045125 0.087026
