0 0.771713 0.120000 0.053495 0.112282
0 0.503189 0.758497 0.066668 0.087525
0 0.383252 0.584840 0.059157 0.082863
1 0.663774 0.558362 0.052965 0.070204
1 0.697472 0.584351 0.042662 0.061727
0 0.480124 0.914902 0.044114 0.080184
1 0.227084 0.954078 0.061776 0.091845
0 0.488465 0.336138 0.030755 0.083534
0 0.746612 0.051683 0.048923 0.103366
0 0.213267 0.510964 0.030063 0.056540
0 0.282506 0.306091 0.057716 0.078592
0 0.465414 0.395861 0.055765 0.076627
0 0.606048 0.035636 0.061058 0.071271
0 0.978953 0.261297 0.042093 0.106338
0 0.069773 0.033529 0.041850 0.067058
0 0.724481 0.140083 0.039431 0.040630
0 0.288344 0.694708 0.030932 0.049283
0 0.678043 0.022958 0.041592 0.045915
