0 0.653244 0.749887 0.067756 0.091187
1 0.790894 0.535740 0.057180 0.076060
0 0.528629 0.589257 0.059314 0.085245
0 0.352138 0.529763 0.029651 0.056860
0 0.868653 0.092653 0.056807 0.110389
0 0.606156 0.387982 0.055883 0.074361
0 0.415793 0.321766 0.058631 0.076488
1 0.831384 0.557582 0.046522 0.058454
0 0.643947 0.912093 0.041574 0.075387
0 0.178662 0.046133 0.048370 0.092266
0 0.625041 0.333616 0.029428 0.083884
0 0.437886 0.707844 0.032921 0.049289
0 0.020726 0.940942 0.041195 0.118116
0 0.842999 0.038332 0.045870 0.076664
1 0.394109 0.964549 0.062204 0.070903
0 0.829527 0.113459 0.037218 0.044176
0 0.715726 0.033897 0.053130 0.067794
1 0.393254 0.963192 0.064121 0.073616
