0 0.640025 0.522722 0.032298 0.065342
0 0.910531 0.441299 0.047913 0.082893
0 0.802518 0.409605 0.056187 0.091811
1 0.837523 0.860682 0.082808 0.133257
0 0.293464 0.223463 0.066317 0.099738
1 0.894974 0.203350 0.046019 0.077947
0 0.631446 0.282404 0.050317 0.079734
1 0.941009 0.180629 0.045689 0.060018
0 0.765350 0.595122 0.030577 0.057803
0 0.799239 0.181450 0.038807 0.071164
2 0.063249 0.406373 0.051379 0.108967
0 0.652204 0.228123 0.028322 0.062706
2 0.113623 0.407023 0.047016 0.125841
0 0.796174 0.194200 0.041604 0.081479
