0 0.552113 0.762414 0.084815 0.156005
0 0.049437 0.782429 0.055278 0.111549
0 0.039680 0.554287 0.047756 0.087910
0 0.559227 0.541373 0.053456 0.089191
2 0.253407 0.687133 0.050874 0.113107
0 0.972860 0.195086 0.054280 0.091335
0 0.613825 0.700071 0.043369 0.069836
2 0.813924 0.405190 0.058409 0.150787
0 0.419653 0.250484 0.051672 0.103081
2 0.236886 0.216782 0.060521 0.178741
2 0.516603 0.862975 0.059333 0.091456
2 0.688032 0.108473 0.042834 0.096192
0 0.561398 0.213537 0.033572 0.049316
2 0.734515 0.395821 0.041370 0.082203
1 0.091851 0.282248 0.048595 0.101219
