0 0.615613 0.700635 0.091905 0.167145
0 0.609340 0.466839 0.060647 0.099406
0 0.066563 0.815570 0.059962 0.118934
2 0.242527 0.168278 0.068835 0.198849
0 0.039768 0.569268 0.052749 0.092679
2 0.283433 0.670549 0.052997 0.125997
0 0.673928 0.626716 0.045754 0.075608
2 0.862913 0.287328 0.067063 0.168934
0 0.441433 0.184274 0.056068 0.104206
1 0.085782 0.259942 0.057290 0.108007
0 0.592568 0.124718 0.036896 0.050536
2 0.579803 0.811853 0.065476 0.100479
0 0.579125 0.812267 0.063911 0.099348
2 0.780471 0.290668 0.040996 0.081670
