0 0.085450 0.601501 0.056301 0.091795
0 0.125623 0.850961 0.064835 0.122068
0 0.688155 0.689254 0.096126 0.173132
0 0.744570 0.607482 0.045690 0.075724
0 0.674178 0.451340 0.064998 0.102409
2 0.922150 0.253319 0.068400 0.171047
2 0.346417 0.688327 0.055635 0.132628
2 0.283555 0.175460 0.071024 0.203090
0 0.490879 0.175498 0.057868 0.106437
1 0.124661 0.278221 0.058668 0.107192
0 0.642105 0.103601 0.036878 0.049761
2 0.916206 0.935930 0.106372 0.128140
2 0.652579 0.805609 0.070441 0.098700
0 0.652072 0.804855 0.069369 0.097949
