1 0.416463 0.476516 0.074646 0.119621
0 0.306878 0.192374 0.047423 0.074547
2 0.335512 0.394180 0.038718 0.107714
2 0.466746 0.610066 0.038651 0.124623
0 0.856850 0.886756 0.038451 0.077327
2 0.509179 0.645478 0.034909 0.076690
2 0.466640 0.734075 0.057217 0.103202
2 0.219137 0.055008 0.056164 0.072543
2 0.382410 0.101578 0.072688 0.150546
2 0.460748 0.470371 0.038254 0.094854
2 0.811879 0.911210 0.066219 0.117920
2 0.432017 0.660969 0.043462 0.114921
2 0.199288 0.916200 0.073203 0.128502
2 0.418299 0.688011 0.046844 0.089632
2 0.516017 0.717288 0.031661 0.078132
1 0.963780 0.219804 0.029068 0.045816
2 0.985470 0.168063 0.028175 0.094428
2 0.034211 0.230643 0.047108 0.098525
0 0.819680 0.976330 0.060628 0.042538
