1 0.726643 0.263088 0.058544 0.119283
2 0.662886 0.271913 0.034229 0.079428
2 0.469127 0.371047 0.031213 0.073874
0 0.667266 0.460016 0.040108 0.063376
2 0.375777 0.344708 0.072843 0.136475
2 0.621319 0.311300 0.039178 0.063069
1 0.708777 0.736467 0.059496 0.091479
2 0.363298 0.180208 0.075516 0.131005
2 0.726650 0.868241 0.039409 0.086616
0 0.981583 0.076737 0.036674 0.092478
2 0.744401 0.770509 0.034777 0.085870
2 0.248668 0.307761 0.041994 0.067693
2 0.652660 0.618329 0.026899 0.079991
2 0.741792 0.419570 0.057793 0.126567
2 0.950019 0.340926 0.045776 0.089779
2 0.756563 0.929095 0.035528 0.058992
2 0.480801 0.951406 0.051451 0.092258
2 0.677269 0.892634 0.053934 0.096220
2 0.706275 0.961903 0.065954 0.076194
2 0.608177 0.037927 0.030170 0.075289
