0 0.720858 0.555617 0.042032 0.067007
2 0.428370 0.403515 0.067779 0.130868
2 0.679504 0.400489 0.038400 0.061639
1 0.788463 0.369442 0.061583 0.114771
2 0.521865 0.440645 0.030675 0.071400
2 0.425734 0.239593 0.066449 0.121370
1 0.751853 0.846337 0.061430 0.091663
1 0.727732 0.042795 0.036248 0.058589
2 0.306794 0.355376 0.038240 0.066418
2 0.799758 0.529388 0.062706 0.136904
2 0.654376 0.079825 0.036263 0.105397
2 0.722699 0.362075 0.036530 0.081922
2 0.789792 0.886047 0.036609 0.085529
2 0.043407 0.706178 0.059406 0.096072
2 0.701093 0.709258 0.027559 0.079347
2 0.421610 0.050225 0.047664 0.097898
1 0.023487 0.106661 0.046974 0.118231
2 0.845963 0.921118 0.041821 0.088227
2 0.770060 0.970809 0.042729 0.058382
1 0.273841 0.388795 0.040623 0.061224
