2 0.606333 0.520505 0.072342 0.141783
2 0.593652 0.094217 0.060066 0.147075
2 0.603006 0.337180 0.073916 0.133220
2 0.891847 0.522021 0.037342 0.067180
0 0.104946 0.583878 0.049546 0.123789
2 0.183382 0.862551 0.056317 0.095712
0 0.938644 0.689598 0.048782 0.074088
2 0.468429 0.468807 0.037482 0.067606
2 0.704541 0.559179 0.038773 0.085085
1 0.128480 0.195015 0.064299 0.123902
2 0.932711 0.475990 0.044035 0.089923
2 0.850972 0.156501 0.042708 0.114480
2 0.909592 0.728388 0.035265 0.072493
1 0.927433 0.117175 0.043108 0.065934
2 0.024150 0.910312 0.048300 0.107542
0 0.110574 0.961367 0.080692 0.075202
1 0.987173 0.484224 0.025655 0.092849
2 0.914606 0.856891 0.032639 0.065189
2 0.510624 0.692869 0.033325 0.077128
2 0.887369 0.206681 0.050202 0.100882
2 0.367836 0.618489 0.029363 0.053752
