2 0.296377 0.864061 0.053059 0.093842
2 0.817871 0.559778 0.040224 0.087564
0 0.030319 0.270922 0.044105 0.074743
2 0.714934 0.339213 0.082282 0.140401
1 0.223680 0.197132 0.060704 0.121265
2 0.576918 0.471091 0.038471 0.069110
0 0.213213 0.586760 0.051575 0.127018
2 0.705571 0.094243 0.060354 0.145821
2 0.719963 0.519268 0.073580 0.136748
2 0.129775 0.912233 0.056269 0.094694
0 0.026737 0.597361 0.053475 0.090431
2 0.965434 0.152735 0.044502 0.110359
2 0.621517 0.697049 0.035160 0.083703
0 0.225387 0.962163 0.077598 0.071017
