2 0.420175 0.781043 0.050808 0.092620
0 0.123472 0.192190 0.046282 0.070598
0 0.351451 0.898533 0.070727 0.119307
2 0.941714 0.486529 0.043066 0.088107
1 0.323045 0.116004 0.065942 0.119092
0 0.128182 0.522795 0.058353 0.094598
0 0.329983 0.510424 0.052401 0.132958
2 0.846137 0.445861 0.073772 0.145590
2 0.249726 0.829623 0.054052 0.089430
2 0.698201 0.391005 0.040705 0.071629
2 0.846871 0.254611 0.078480 0.132810
2 0.742233 0.623117 0.033626 0.083289
2 0.194735 0.956416 0.079740 0.081685
1 0.665225 0.438575 0.051812 0.077407
