2 0.647631 0.177289 0.054554 0.135154
1 0.559426 0.523545 0.032090 0.063344
2 0.567866 0.387402 0.045643 0.104022
0 0.372663 0.225143 0.055988 0.110865
0 0.672860 0.767128 0.047190 0.091661
2 0.665267 0.491822 0.030867 0.069317
2 0.043450 0.506343 0.072190 0.107083
1 0.581319 0.633441 0.039544 0.072537
1 0.102257 0.339464 0.055135 0.108810
0 0.549120 0.244487 0.032353 0.052936
0 0.209796 0.699122 0.137808 0.194195
2 0.110834 0.163393 0.050743 0.109053
0 0.487125 0.204660 0.065701 0.113943
0 0.745685 0.509434 0.032830 0.105226
1 0.420746 0.042657 0.055905 0.085313
0 0.497893 0.079853 0.084123 0.148000
0 0.786068 0.666615 0.035989 0.079141
2 0.608056 0.504237 0.025153 0.057713
2 0.770090 0.139097 0.035497 0.128646
2 0.567485 0.297184 0.033448 0.074459
2 0.114134 0.267744 0.039061 0.064295
2 0.371647 0.366735 0.041956 0.081392
2 0.260641 0.411111 0.038926 0.058719
2 0.525882 0.349249 0.035795 0.105320
2 0.634049 0.562984 0.025185 0.054667
1 0.202867 0.056344 0.071393 0.112688
2 0.703965 0.630528 0.032739 0.105948
2 0.805076 0.259123 0.026639 0.079507
2 0.229110 0.444208 0.050450 0.098500
2 0.715071 0.558066 0.018817 0.070700
2 0.888766 0.682433 0.037538 0.106101
2 0.882856 0.677905 0.043225 0.102158
2 0.200744 0.131247 0.040250 0.083575
2 0.537633 0.322271 0.031273 0.092071
2 0.534927 0.335896 0.033159 0.114246
