1 0.157122 0.369268 0.054742 0.112259
0 0.427649 0.250350 0.056830 0.112112
2 0.582302 0.366676 0.034778 0.108241
2 0.622879 0.403894 0.046179 0.100017
0 0.801992 0.521551 0.033232 0.098396
2 0.701475 0.194964 0.057499 0.134992
1 0.638924 0.651790 0.041161 0.075366
2 0.096446 0.542126 0.070392 0.102886
0 0.266548 0.728319 0.141356 0.198001
1 0.614092 0.544480 0.032100 0.059236
0 0.730987 0.784065 0.051565 0.088852
2 0.819310 0.151731 0.037634 0.132597
0 0.540667 0.226991 0.063885 0.115920
2 0.160409 0.191187 0.049148 0.100897
2 0.662324 0.519469 0.024297 0.054598
2 0.283202 0.467809 0.046857 0.081642
2 0.719834 0.511029 0.035988 0.066640
2 0.621858 0.313801 0.033770 0.078104
0 0.604247 0.264432 0.031853 0.053351
1 0.472962 0.050815 0.064218 0.101630
0 0.551802 0.097989 0.083039 0.145179
0 0.844124 0.680567 0.039408 0.081468
2 0.317175 0.438819 0.042564 0.062444
1 0.253889 0.068684 0.076572 0.120574
2 0.167020 0.297614 0.037658 0.061656
2 0.856022 0.277143 0.031405 0.090435
2 0.425985 0.391618 0.044354 0.077378
2 0.760393 0.651218 0.037674 0.101512
2 0.689517 0.578323 0.026752 0.053940
2 0.929821 0.671819 0.032150 0.063622
2 0.771497 0.565373 0.017837 0.070502
