1 0.777649 0.631434 0.041179 0.094302
0 0.369072 0.385081 0.052740 0.082432
1 0.913802 0.357851 0.071081 0.130005
2 0.227391 0.151386 0.052095 0.149233
2 0.781878 0.447233 0.047986 0.074321
2 0.677867 0.777493 0.046507 0.078531
2 0.102450 0.622498 0.032215 0.071856
2 0.771864 0.555334 0.053533 0.067428
0 0.102729 0.504847 0.060157 0.139548
2 0.927570 0.754557 0.059227 0.068873
2 0.884250 0.427908 0.043943 0.090093
2 0.174149 0.746169 0.043069 0.087748
0 0.861212 0.958745 0.104452 0.076512
1 0.046265 0.268380 0.092530 0.189730
2 0.916379 0.757747 0.073581 0.070913
2 0.708219 0.385320 0.037763 0.086788
2 0.022202 0.472077 0.043054 0.088924
2 0.032614 0.574466 0.063683 0.110377
