2 0.276529 0.557079 0.030876 0.067743
0 0.545793 0.405387 0.056810 0.088197
2 0.323831 0.692417 0.041562 0.079658
1 0.256618 0.202014 0.074601 0.194566
1 0.957757 0.798583 0.050754 0.092520
2 0.431274 0.134603 0.046989 0.144159
2 0.195081 0.375639 0.092882 0.102314
0 0.216067 0.068876 0.031778 0.076738
2 0.828022 0.907655 0.047029 0.073281
2 0.140499 0.154132 0.064221 0.119035
0 0.286337 0.442322 0.046627 0.134196
1 0.019932 0.291737 0.039682 0.099655
2 0.184568 0.280124 0.049740 0.090124
2 0.143542 0.485050 0.050786 0.090642
2 0.051165 0.119358 0.033039 0.076145
2 0.170831 0.049875 0.045411 0.091435
0 0.086199 0.386609 0.029386 0.045681
2 0.102030 0.566132 0.063386 0.105321
0 0.061081 0.040731 0.040845 0.081461
2 0.080182 0.111239 0.036908 0.076353
2 0.199319 0.481930 0.089990 0.125004
2 0.113930 0.645263 0.088285 0.112128
2 0.979353 0.603937 0.041294 0.073256
2 0.956097 0.715084 0.060766 0.069003
1 0.112833 0.031777 0.045511 0.063555
2 0.110346 0.616123 0.088904 0.160744
1 0.983868 0.075918 0.032131 0.114829
