0 0.646607 0.467449 0.057427 0.092316
2 0.390066 0.622377 0.032382 0.071477
2 0.532505 0.205125 0.048508 0.138568
2 0.264859 0.231364 0.061001 0.117446
2 0.320004 0.544931 0.083989 0.117326
2 0.117900 0.086223 0.031748 0.075522
2 0.312680 0.442690 0.083426 0.090190
0 0.398217 0.507428 0.045971 0.130611
1 0.375006 0.276770 0.071688 0.180067
2 0.262643 0.546758 0.045124 0.089687
0 0.204117 0.453329 0.029424 0.047660
0 0.180820 0.110195 0.038415 0.082292
2 0.234896 0.707125 0.080970 0.106381
2 0.426282 0.745399 0.040365 0.082771
1 0.130786 0.357129 0.052161 0.092862
2 0.304383 0.353784 0.046217 0.094458
2 0.286956 0.119465 0.040211 0.089637
2 0.170070 0.195160 0.031936 0.075328
0 0.331754 0.143541 0.031320 0.084849
2 0.203561 0.188623 0.031392 0.072410
2 0.225679 0.619449 0.056108 0.086733
1 0.227133 0.077534 0.052068 0.118262
0 0.194096 0.030675 0.033604 0.061350
2 0.929974 0.960175 0.051361 0.064981
2 0.199752 0.181485 0.031083 0.075932
