1 0.591546 0.406482 0.054586 0.161042
1 0.440959 0.790749 0.059431 0.084002
0 0.512422 0.364446 0.030143 0.094912
2 0.516968 0.496544 0.077785 0.156751
1 0.216136 0.321620 0.070463 0.159723
0 0.385885 0.526651 0.034497 0.064029
0 0.538453 0.770237 0.034037 0.068896
0 0.242374 0.143954 0.077624 0.167738
0 0.318582 0.371788 0.059591 0.084381
0 0.334587 0.445914 0.045593 0.084973
2 0.301570 0.605391 0.037902 0.091371
2 0.711044 0.642429 0.031760 0.068425
1 0.395704 0.452734 0.074538 0.083042
0 0.486329 0.160676 0.040493 0.103226
0 0.783274 0.269628 0.053283 0.074984
2 0.750512 0.703349 0.034500 0.091309
0 0.681938 0.556141 0.061373 0.102240
2 0.629687 0.740601 0.030709 0.072717
2 0.589533 0.547271 0.047828 0.090545
2 0.620906 0.601795 0.071728 0.095099
2 0.450698 0.551103 0.029639 0.075445
2 0.466439 0.395792 0.035554 0.071807
2 0.415546 0.601790 0.033019 0.073805
2 0.655395 0.896107 0.075077 0.096549
2 0.634222 0.833877 0.039793 0.066440
2 0.629254 0.195196 0.026846 0.134778
1 0.096299 0.102248 0.041322 0.117442
0 0.571326 0.036338 0.033334 0.068345
2 0.666714 0.658519 0.047056 0.085921
2 0.664473 0.671412 0.050850 0.107627
2 0.542375 0.670746 0.028968 0.050073
2 0.626777 0.181055 0.026133 0.108890
2 0.638426 0.838145 0.050652 0.074233
2 0.423980 0.580044 0.030862 0.046049
