2 0.525515 0.575718 0.037465 0.093080
1 0.460739 0.286048 0.063021 0.162725
1 0.623503 0.443969 0.070185 0.083632
0 0.565873 0.430066 0.045848 0.087022
1 0.816910 0.433803 0.053972 0.171222
0 0.498197 0.116815 0.065857 0.164871
1 0.651085 0.788224 0.060013 0.085388
0 0.554287 0.352248 0.056796 0.076658
2 0.748429 0.510494 0.080834 0.167858
0 0.894044 0.601266 0.061104 0.107682
2 0.642525 0.597699 0.034446 0.074111
0 0.086620 0.113321 0.059624 0.088365
0 0.741837 0.380915 0.030432 0.083404
2 0.837949 0.642201 0.067864 0.087315
0 0.613424 0.510651 0.037362 0.066682
0 0.723691 0.163223 0.038244 0.098860
1 0.062267 0.159641 0.040630 0.063733
2 0.695714 0.400011 0.039084 0.078967
2 0.810148 0.579454 0.055185 0.097904
0 0.744323 0.791460 0.042446 0.067141
2 0.942082 0.764259 0.035363 0.093172
2 0.843764 0.778771 0.025229 0.068184
2 0.082328 0.282801 0.033755 0.092472
1 0.361660 0.055583 0.039712 0.102277
2 0.856888 0.937459 0.069777 0.091695
2 0.668014 0.550520 0.049900 0.084862
2 0.854000 0.224673 0.029073 0.134823
2 0.842951 0.874166 0.043662 0.070763
2 0.758230 0.690946 0.023291 0.051265
2 0.902568 0.696260 0.065862 0.081558
0 0.812734 0.041766 0.033360 0.078153
0 0.989522 0.329487 0.020955 0.092837
