1 0.537595 0.337325 0.058449 0.150259
1 0.721785 0.819853 0.059306 0.081318
0 0.687536 0.551981 0.035325 0.058814
0 0.639971 0.474352 0.043288 0.080998
1 0.877243 0.473082 0.056179 0.172412
1 0.694520 0.487283 0.068474 0.076357
2 0.817454 0.549668 0.074356 0.153309
2 0.601930 0.614943 0.035322 0.084578
0 0.574673 0.176814 0.056788 0.156495
0 0.787464 0.214751 0.037879 0.096708
0 0.628183 0.399992 0.054304 0.073887
0 0.173048 0.166685 0.055323 0.079021
0 0.806840 0.428955 0.027959 0.080959
0 0.950220 0.637343 0.057313 0.103387
2 0.764233 0.446325 0.037936 0.075127
2 0.716240 0.638233 0.034426 0.069206
1 0.149410 0.209339 0.037451 0.059820
2 0.168968 0.329392 0.034640 0.087651
2 0.873544 0.618604 0.052796 0.092915
2 0.910277 0.269192 0.025943 0.130789
2 0.320699 0.049139 0.041975 0.072066
0 0.809460 0.825537 0.042560 0.060735
2 0.903596 0.678326 0.065413 0.086685
0 0.872465 0.081653 0.033750 0.094972
1 0.444238 0.109640 0.037054 0.107619
1 0.048202 0.035222 0.047125 0.064342
2 0.962762 0.728462 0.057643 0.076655
2 0.916356 0.956551 0.071360 0.080198
2 0.907189 0.813374 0.024265 0.062773
2 0.742089 0.591258 0.047235 0.080874
2 0.735405 0.587835 0.045722 0.079074
2 0.905925 0.901705 0.041008 0.068116
2 0.748660 0.593966 0.036967 0.080570
2 0.989606 0.785981 0.020445 0.099451
0 0.030776 0.127695 0.028817 0.043763
2 0.824421 0.725435 0.021306 0.048144
2 0.916731 0.939437 0.070443 0.114945
