1 0.885724 0.711710 0.053361 0.167195
1 0.542135 0.587467 0.057629 0.144364
0 0.580296 0.430825 0.056578 0.152872
2 0.723903 0.901497 0.034433 0.068178
0 0.958073 0.872377 0.052823 0.097687
1 0.449433 0.355267 0.033536 0.094453
1 0.703187 0.734487 0.072241 0.082900
0 0.694735 0.817952 0.035224 0.060265
2 0.238099 0.119577 0.032319 0.085186
2 0.832779 0.088032 0.036134 0.105759
1 0.044049 0.235283 0.050302 0.113857
2 0.608233 0.876133 0.042317 0.095492
2 0.822756 0.808495 0.074063 0.151462
0 0.319778 0.084292 0.071818 0.120112
1 0.149971 0.429106 0.037411 0.055938
0 0.634770 0.648996 0.053318 0.078265
0 0.646306 0.723953 0.042455 0.076321
1 0.525545 0.227933 0.041845 0.084610
2 0.202778 0.222624 0.037417 0.077180
2 0.326469 0.281068 0.051253 0.073361
0 0.814827 0.671200 0.029129 0.080918
0 0.795411 0.449732 0.036509 0.095579
0 0.174478 0.389104 0.055258 0.077113
2 0.771356 0.694491 0.039558 0.069544
1 0.558299 0.100553 0.046153 0.080005
2 0.745441 0.850944 0.051335 0.084478
2 0.169232 0.558965 0.036516 0.094857
2 0.885387 0.872484 0.050034 0.100605
2 0.917327 0.485440 0.026794 0.124510
1 0.334984 0.178318 0.038860 0.075958
2 0.751812 0.046020 0.038555 0.091961
0 0.879788 0.303321 0.035929 0.084957
1 0.393374 0.101152 0.034642 0.061448
2 0.909034 0.932494 0.070062 0.102181
0 0.029558 0.356409 0.028440 0.049360
2 0.965580 0.962465 0.066035 0.075070
