1 0.873243 0.754308 0.051776 0.154073
1 0.541776 0.641099 0.056589 0.138572
0 0.579772 0.490404 0.054351 0.142489
1 0.452059 0.421408 0.033341 0.088939
0 0.643378 0.776588 0.041474 0.080576
0 0.788970 0.501608 0.036706 0.094419
0 0.942061 0.905698 0.051635 0.088920
0 0.806062 0.721101 0.027809 0.079681
1 0.157465 0.473425 0.036016 0.051772
0 0.688447 0.866092 0.034081 0.059388
2 0.764179 0.744152 0.036370 0.065683
1 0.526597 0.290804 0.040261 0.080898
2 0.752446 0.080651 0.045228 0.115772
2 0.605721 0.918532 0.040362 0.091551
0 0.322821 0.144072 0.071162 0.114828
2 0.812601 0.851960 0.069280 0.150789
0 0.632462 0.703718 0.051062 0.075652
1 0.338608 0.236050 0.039271 0.075232
2 0.331860 0.338593 0.050712 0.070333
2 0.241700 0.179121 0.030722 0.086201
1 0.694541 0.783201 0.069122 0.083801
2 0.207734 0.276011 0.036627 0.083188
1 0.050845 0.287688 0.050461 0.111857
0 0.181779 0.439477 0.055546 0.080526
2 0.830977 0.143214 0.036745 0.108306
1 0.559356 0.163765 0.046676 0.081454
2 0.178808 0.605980 0.040720 0.102001
2 0.736723 0.897157 0.052114 0.089249
2 0.910505 0.527928 0.025053 0.115280
0 0.874958 0.355379 0.032440 0.083778
2 0.873798 0.916353 0.047625 0.101987
1 0.395901 0.158307 0.037928 0.060621
0 0.294899 0.039086 0.047529 0.078172
2 0.715859 0.944205 0.035093 0.066457
2 0.895463 0.957269 0.061982 0.085461
0 0.039829 0.408971 0.026940 0.049052
2 0.032590 0.228003 0.023806 0.043001
