1 0.541367 0.611845 0.056149 0.133136
1 0.858388 0.721966 0.049426 0.149373
0 0.577997 0.466611 0.051103 0.132260
2 0.601378 0.874682 0.035046 0.076776
1 0.454307 0.402209 0.033401 0.085318
1 0.686691 0.746235 0.061986 0.072625
2 0.249710 0.160439 0.032950 0.085920
2 0.705311 0.900233 0.030251 0.061664
0 0.922650 0.861219 0.051746 0.085514
1 0.343624 0.217206 0.038621 0.075488
2 0.753247 0.707571 0.034006 0.061461
0 0.679363 0.824563 0.033146 0.055796
0 0.793962 0.687963 0.025932 0.074282
1 0.526532 0.271146 0.039621 0.078911
0 0.328396 0.124630 0.069604 0.113766
0 0.779097 0.474535 0.034597 0.088106
0 0.627536 0.669893 0.049014 0.071777
2 0.747641 0.064508 0.043853 0.108862
1 0.064075 0.265825 0.048275 0.107358
2 0.797751 0.812504 0.065681 0.141872
1 0.558504 0.147229 0.044376 0.076239
2 0.824365 0.121035 0.034488 0.101154
1 0.399078 0.137848 0.035605 0.057218
0 0.637415 0.738419 0.038481 0.068786
2 0.856081 0.870316 0.044498 0.089488
2 0.191679 0.572345 0.035581 0.095128
2 0.216976 0.256731 0.035406 0.081779
2 0.337497 0.316416 0.048461 0.066652
2 0.726496 0.852457 0.049113 0.079701
0 0.193041 0.413535 0.054908 0.079786
0 0.864153 0.332845 0.032475 0.081023
2 0.896272 0.497293 0.024037 0.108758
1 0.169246 0.445857 0.034604 0.054004
0 0.300665 0.031919 0.041734 0.063839
2 0.876729 0.918413 0.064036 0.098185
2 0.947994 0.951103 0.047615 0.090218
0 0.055549 0.384063 0.025431 0.048450
2 0.939334 0.948058 0.062633 0.091308
2 0.046548 0.206321 0.023072 0.043184
2 0.868354 0.895867 0.065982 0.130914
2 0.012858 0.314989 0.024776 0.070570
