1 0.341241 0.316836 0.042191 0.078304
0 0.582982 0.584655 0.050418 0.131788
1 0.546205 0.727295 0.052023 0.124735
1 0.531474 0.379692 0.038345 0.081419
0 0.322527 0.220819 0.076275 0.124011
0 0.293542 0.081768 0.050596 0.114164
1 0.861143 0.815979 0.048463 0.145030
1 0.398626 0.234104 0.035518 0.056686
2 0.763469 0.146959 0.043690 0.108651
2 0.336241 0.421903 0.053263 0.069224
0 0.789215 0.576592 0.032273 0.082995
1 0.691380 0.857107 0.063784 0.073035
0 0.799699 0.791836 0.026488 0.069723
0 0.633019 0.784580 0.049630 0.073704
1 0.457157 0.520853 0.034613 0.090688
0 0.186905 0.506187 0.056209 0.088023
0 0.643238 0.852387 0.039068 0.069782
2 0.242159 0.256168 0.034418 0.092844
0 0.683650 0.937419 0.031591 0.057046
1 0.050852 0.356357 0.052865 0.112450
2 0.189896 0.670202 0.035108 0.092202
2 0.210573 0.348750 0.038835 0.087429
2 0.757170 0.813909 0.033693 0.063207
0 0.922471 0.946517 0.046991 0.076492
2 0.802474 0.915685 0.058056 0.141915
1 0.564260 0.252046 0.046087 0.080602
2 0.908073 0.581038 0.022534 0.093354
0 0.878854 0.423347 0.030093 0.077682
2 0.727215 0.961223 0.051863 0.075853
1 0.163380 0.533504 0.033993 0.053607
2 0.843740 0.214109 0.033094 0.092125
0 0.045813 0.478940 0.029505 0.050146
2 0.031067 0.291585 0.025090 0.044500
2 0.605122 0.970863 0.035967 0.058274
2 0.860202 0.970849 0.040842 0.058302
2 0.864613 0.971058 0.054393 0.057885
