0 0.706018 0.693671 0.048350 0.124982
1 0.666002 0.829036 0.052342 0.118637
0 0.444813 0.332961 0.073085 0.118699
0 0.413133 0.191226 0.048397 0.113464
1 0.578641 0.628496 0.033077 0.080298
2 0.364021 0.364719 0.034695 0.091573
1 0.520766 0.344969 0.036685 0.056218
1 0.653408 0.489152 0.039717 0.077097
2 0.886701 0.255141 0.046098 0.108401
1 0.460866 0.424283 0.040097 0.078403
1 0.169356 0.460834 0.052012 0.111096
0 0.302213 0.602410 0.055268 0.083459
2 0.963504 0.315877 0.039808 0.089695
1 0.811540 0.953853 0.057633 0.073321
2 0.458174 0.529006 0.049434 0.068031
0 0.915547 0.890682 0.024404 0.060206
0 0.753710 0.886593 0.048361 0.070840
0 0.759791 0.948597 0.040956 0.064987
2 0.872944 0.914506 0.035537 0.058426
1 0.971869 0.906048 0.048139 0.138484
2 0.304193 0.764484 0.034519 0.086041
2 0.329966 0.453238 0.037779 0.075151
2 0.149767 0.395745 0.024479 0.045340
0 0.906088 0.673792 0.037185 0.082971
1 0.278056 0.630500 0.031520 0.051890
0 0.166321 0.583230 0.027469 0.051415
0 0.992463 0.519076 0.014570 0.086640
2 0.912303 0.965487 0.047831 0.063572
1 0.689535 0.363732 0.050133 0.081118
