0 0.807640 0.703898 0.050812 0.129416
1 0.550629 0.430074 0.040561 0.078836
1 0.677454 0.640359 0.034028 0.078855
0 0.534640 0.337748 0.072594 0.121379
1 0.764123 0.840561 0.052833 0.119338
1 0.611783 0.347037 0.036297 0.060087
0 0.500803 0.195762 0.050753 0.116233
1 0.358933 0.644186 0.033880 0.054541
1 0.251769 0.475344 0.049825 0.108385
1 0.752510 0.490866 0.043194 0.083514
2 0.452555 0.374050 0.032925 0.094043
2 0.549850 0.539670 0.049335 0.066085
0 0.854063 0.898168 0.049548 0.074287
2 0.414324 0.465426 0.034555 0.074556
2 0.388574 0.780874 0.032860 0.083121
1 0.913821 0.964551 0.059381 0.067333
0 0.385998 0.615067 0.053623 0.081306
2 0.975159 0.926498 0.038610 0.064214
2 0.229131 0.410877 0.023530 0.043643
0 0.860418 0.962530 0.044654 0.061458
0 0.248356 0.601674 0.030627 0.053651
0 0.993031 0.672493 0.013938 0.100266
