1 0.514217 0.638184 0.066225 0.109653
1 0.639053 0.682198 0.033112 0.059719
1 0.797993 0.165740 0.041433 0.058161
0 0.723753 0.230877 0.070480 0.116764
0 0.653747 0.142446 0.054025 0.115215
1 0.761507 0.293825 0.039350 0.066509
0 0.661966 0.625623 0.059770 0.072885
2 0.666408 0.350004 0.036447 0.090126
2 0.470525 0.608133 0.028697 0.052374
2 0.648011 0.461309 0.038060 0.064847
1 0.944962 0.156459 0.045731 0.093106
1 0.936326 0.359186 0.033603 0.083709
2 0.801151 0.392328 0.040545 0.072476
2 0.711153 0.764646 0.030638 0.054972
