1 0.627254 0.661334 0.067110 0.113829
0 0.871151 0.296526 0.075780 0.119070
2 0.800307 0.406237 0.036843 0.089965
0 0.801534 0.197961 0.058700 0.115517
2 0.936682 0.478683 0.045451 0.073830
2 0.582695 0.626460 0.027314 0.056136
1 0.744213 0.737074 0.033198 0.055812
2 0.772594 0.515195 0.034675 0.061237
1 0.902597 0.368716 0.041045 0.065932
0 0.771014 0.682856 0.061520 0.075284
2 0.811768 0.836636 0.033505 0.061518
2 0.016814 0.844655 0.033580 0.120858
1 0.949852 0.249512 0.042576 0.058228
1 0.653976 0.782483 0.048806 0.068067
