2 0.420308 0.196727 0.053541 0.129966
0 0.426371 0.489274 0.063037 0.126329
0 0.678013 0.155500 0.051320 0.124675
2 0.612633 0.652415 0.079289 0.189353
2 0.563728 0.188016 0.053852 0.146846
0 0.064626 0.767692 0.062347 0.145676
0 0.736557 0.674264 0.060146 0.143319
2 0.930508 0.464133 0.062881 0.117142
2 0.467215 0.375518 0.040644 0.099879
2 0.735499 0.258046 0.064749 0.134972
2 0.449601 0.067850 0.061654 0.131299
2 0.137821 0.940737 0.071995 0.118526
2 0.639956 0.909708 0.033670 0.069241
1 0.948032 0.318007 0.085554 0.148652
1 0.841653 0.058080 0.084277 0.116161
2 0.605136 0.322886 0.065918 0.106987
0 0.788500 0.779953 0.042961 0.085400
