2 0.436167 0.404984 0.061504 0.132974
0 0.416461 0.774681 0.054210 0.113285
2 0.410676 0.523701 0.047197 0.102985
2 0.686461 0.578349 0.062051 0.107684
0 0.847505 0.077128 0.042803 0.112442
1 0.769082 0.400415 0.076773 0.121888
2 0.535974 0.506217 0.043398 0.113306
0 0.950443 0.696607 0.061680 0.114726
0 0.635545 0.486945 0.042551 0.102550
2 0.860532 0.762683 0.055369 0.099494
2 0.876230 0.255435 0.046780 0.092084
2 0.581871 0.918431 0.062664 0.152836
1 0.874089 0.639671 0.077079 0.127183
0 0.247003 0.264688 0.059022 0.110144
0 0.688973 0.943792 0.048505 0.106275
0 0.559359 0.051369 0.031503 0.081127
2 0.452497 0.671269 0.035298 0.082862
0 0.976498 0.224587 0.034009 0.059157
2 0.574259 0.626446 0.056326 0.084967
2 0.751765 0.183869 0.032374 0.057201
2 0.609303 0.373271 0.032299 0.084939
0 0.015366 0.684090 0.030731 0.068403
0 0.090931 0.963633 0.054488 0.072734
