2 0.375745 0.457266 0.063348 0.141267
0 0.358476 0.827801 0.053703 0.111799
0 0.895344 0.751035 0.061981 0.121093
1 0.710608 0.455287 0.078610 0.120118
2 0.353971 0.576068 0.046827 0.096992
2 0.627780 0.628324 0.060785 0.105024
0 0.578926 0.537221 0.042605 0.100803
0 0.787979 0.127947 0.045531 0.113367
2 0.803817 0.816544 0.054871 0.103393
1 0.816963 0.690545 0.076983 0.124659
2 0.479542 0.558623 0.041644 0.111776
0 0.498274 0.104168 0.032447 0.081666
2 0.819532 0.305697 0.044838 0.093896
0 0.189417 0.313651 0.057223 0.108666
0 0.921678 0.276085 0.033940 0.062196
2 0.394508 0.723101 0.034052 0.080151
2 0.516917 0.680945 0.054917 0.087835
2 0.690552 0.238506 0.034287 0.062168
2 0.552599 0.427964 0.031093 0.081298
2 0.526880 0.952380 0.059506 0.095240
0 0.628393 0.972439 0.045928 0.052701
