2 0.137055 0.581703 0.059598 0.122260
0 0.590133 0.927049 0.053509 0.103146
1 0.425657 0.642135 0.069894 0.119760
0 0.511038 0.354667 0.044790 0.109138
2 0.733652 0.822706 0.066711 0.130580
1 0.253888 0.126995 0.078302 0.156658
2 0.259676 0.800061 0.048833 0.080903
0 0.321213 0.681200 0.045678 0.098010
0 0.105971 0.908409 0.051591 0.090812
2 0.358223 0.773047 0.056159 0.099296
0 0.637126 0.498415 0.035719 0.063226
2 0.479164 0.130076 0.046585 0.087527
0 0.254167 0.288027 0.029223 0.065840
2 0.226427 0.690862 0.035405 0.081956
2 0.115442 0.677926 0.042543 0.083526
2 0.592439 0.090963 0.074128 0.158105
2 0.718022 0.141523 0.049755 0.093911
1 0.771666 0.063794 0.039982 0.065421
2 0.538149 0.517426 0.046241 0.090976
0 0.210192 0.069232 0.027004 0.069726
0 0.834304 0.553648 0.076855 0.145439
2 0.145675 0.069840 0.032198 0.056112
2 0.504849 0.965913 0.039411 0.062897
2 0.413399 0.438421 0.034803 0.060078
1 0.521849 0.855966 0.066074 0.108941
2 0.750155 0.229467 0.028984 0.053517
2 0.306601 0.821906 0.031490 0.061368
0 0.592477 0.090542 0.074958 0.162685
0 0.993131 0.200067 0.013737 0.074928
