0 0.395751 0.437974 0.050951 0.098753
2 0.537756 0.268424 0.070434 0.150985
1 0.727097 0.378581 0.040581 0.071158
2 0.173837 0.688464 0.050265 0.085392
2 0.031392 0.859065 0.053091 0.106055
0 0.480845 0.667336 0.038397 0.068163
1 0.254921 0.621862 0.060639 0.111652
2 0.390848 0.600916 0.039466 0.078669
2 0.089085 0.512091 0.036038 0.066993
0 0.170200 0.578192 0.042871 0.082116
2 0.045037 0.350776 0.050123 0.102848
0 0.198687 0.188535 0.026020 0.065154
2 0.425187 0.211785 0.042468 0.086371
2 0.650764 0.410259 0.041670 0.088792
1 0.226121 0.067326 0.064590 0.134652
0 0.938332 0.383394 0.046270 0.072759
2 0.097786 0.631553 0.042435 0.081136
1 0.862820 0.608119 0.051350 0.102211
2 0.287584 0.444456 0.047396 0.065036
0 0.083191 0.954940 0.045305 0.082802
2 0.656792 0.519426 0.029704 0.060240
0 0.932037 0.183413 0.047650 0.086376
0 0.660850 0.888627 0.083583 0.134748
0 0.982129 0.954115 0.035676 0.091770
2 0.014430 0.414170 0.028860 0.088069
2 0.242967 0.973556 0.035327 0.045425
0 0.328817 0.977337 0.048170 0.045327
2 0.130942 0.686927 0.031973 0.061830
