0 0.431074 0.714538 0.041501 0.072229
2 0.521567 0.328625 0.067360 0.149424
0 0.364124 0.462983 0.052223 0.098216
1 0.212229 0.605908 0.058997 0.110756
1 0.704890 0.489509 0.045414 0.082942
2 0.349910 0.622044 0.041267 0.077920
2 0.129933 0.645310 0.052198 0.084701
0 0.138837 0.536022 0.046331 0.083302
2 0.036054 0.277563 0.045880 0.089636
2 0.173323 0.954317 0.038622 0.066262
2 0.409548 0.244085 0.042464 0.088148
2 0.624605 0.501140 0.040664 0.092003
2 0.256395 0.439606 0.053437 0.068503
2 0.066040 0.447762 0.032916 0.061499
2 0.065433 0.568541 0.042224 0.080786
0 0.190790 0.162043 0.027289 0.064456
1 0.225289 0.060904 0.062658 0.121808
0 0.024677 0.885151 0.046440 0.098308
1 0.834281 0.756396 0.052951 0.098391
2 0.621779 0.615042 0.030497 0.063700
0 0.930715 0.546947 0.047095 0.081046
0 0.941057 0.338050 0.055907 0.088153
2 0.380055 0.187467 0.024361 0.051779
2 0.092108 0.630875 0.031310 0.060998
0 0.253733 0.974819 0.045108 0.050362
0 0.600968 0.959845 0.094732 0.080310
