2 0.580990 0.515119 0.070148 0.149447
1 0.250061 0.580715 0.058859 0.109922
0 0.410820 0.544582 0.055561 0.098999
1 0.732227 0.785799 0.051810 0.090309
0 0.202327 0.470273 0.044658 0.084963
2 0.495291 0.362122 0.045581 0.092407
2 0.651163 0.737442 0.039506 0.086609
0 0.034576 0.322170 0.050193 0.086895
2 0.368524 0.680603 0.041772 0.081303
2 0.314220 0.459024 0.052505 0.066752
2 0.173866 0.567269 0.049440 0.089125
2 0.028866 0.588467 0.056283 0.091973
2 0.161911 0.175069 0.044801 0.085657
0 0.425713 0.819028 0.044252 0.074783
0 0.314122 0.165056 0.027551 0.059827
2 0.131070 0.455531 0.042706 0.069901
2 0.152281 0.875917 0.038654 0.062679
0 0.039427 0.715951 0.048299 0.092527
2 0.625378 0.847994 0.030800 0.064396
1 0.367404 0.074048 0.067135 0.148096
0 0.215710 0.962636 0.042772 0.074728
2 0.142953 0.527665 0.035009 0.064646
2 0.157065 0.347899 0.038002 0.063574
0 0.665406 0.174193 0.026709 0.041154
2 0.023066 0.818016 0.036124 0.073338
0 0.987421 0.782153 0.025157 0.081497
2 0.120302 0.205560 0.034687 0.079859
0 0.953522 0.966821 0.054041 0.066359
