2 0.561541 0.670744 0.067447 0.147230
0 0.907517 0.127343 0.070601 0.120073
1 0.708299 0.931760 0.050310 0.085529
0 0.199095 0.606296 0.041888 0.084010
2 0.030045 0.713873 0.055625 0.092225
1 0.244368 0.726346 0.055114 0.103942
0 0.397895 0.695839 0.052812 0.093968
2 0.129306 0.589136 0.044129 0.072618
2 0.303531 0.611543 0.052240 0.066343
1 0.353724 0.250980 0.075559 0.143810
2 0.170888 0.704588 0.048528 0.083657
0 0.413590 0.954862 0.043833 0.082069
0 0.037503 0.455514 0.050750 0.081629
2 0.357636 0.824122 0.044826 0.085820
2 0.481420 0.519393 0.044328 0.087213
0 0.041993 0.846086 0.045205 0.088168
2 0.161122 0.323808 0.045973 0.086191
2 0.629770 0.882222 0.038533 0.092825
0 0.306591 0.322496 0.028698 0.060470
0 0.367063 0.157976 0.029396 0.069000
0 0.643177 0.340966 0.025616 0.041765
0 0.973619 0.910918 0.050340 0.079912
2 0.140616 0.658176 0.037541 0.063363
2 0.120602 0.347793 0.036588 0.077683
2 0.154557 0.487295 0.036900 0.063539
0 0.026696 0.943009 0.039439 0.069358
0 0.987283 0.393891 0.025434 0.067143
2 0.344176 0.076897 0.023240 0.052392
