0 0.872320 0.180513 0.070008 0.122812
1 0.256352 0.760587 0.051485 0.097070
2 0.048346 0.754464 0.053176 0.084999
0 0.401144 0.729212 0.048759 0.085853
0 0.209929 0.646123 0.041361 0.080456
1 0.353913 0.309607 0.072294 0.133896
2 0.184335 0.741183 0.046412 0.079238
2 0.555786 0.700599 0.066117 0.142952
2 0.364335 0.850560 0.041413 0.075291
0 0.052780 0.506569 0.048440 0.081667
2 0.622246 0.894350 0.039033 0.091648
2 0.170166 0.377594 0.045600 0.083871
0 0.310161 0.375329 0.027334 0.058384
0 0.062386 0.880718 0.045722 0.084856
2 0.478349 0.558008 0.040156 0.083336
2 0.143257 0.631737 0.040347 0.068571
2 0.132688 0.403184 0.039380 0.074900
2 0.312383 0.650652 0.051565 0.061641
1 0.696053 0.937177 0.047562 0.082835
0 0.418319 0.967774 0.042035 0.064453
0 0.628541 0.383559 0.023310 0.041950
0 0.947728 0.908172 0.048530 0.072746
0 0.366494 0.220813 0.029267 0.063050
2 0.155420 0.698646 0.029414 0.060006
0 0.969881 0.068598 0.056879 0.137195
2 0.167604 0.533664 0.036497 0.061495
0 0.959161 0.423158 0.037248 0.068157
2 0.343566 0.140370 0.023253 0.047514
0 0.418093 0.968140 0.042857 0.063720
