1 0.355585 0.413518 0.073470 0.134042
0 0.849407 0.286107 0.067080 0.121213
2 0.552339 0.785801 0.061989 0.132812
0 0.404766 0.817933 0.047886 0.080815
2 0.369346 0.932566 0.039773 0.070619
1 0.265810 0.850219 0.049449 0.090395
2 0.195556 0.828587 0.044812 0.075654
0 0.219417 0.733606 0.036789 0.075894
2 0.178249 0.475002 0.041065 0.084500
0 0.950769 0.152614 0.064214 0.144853
0 0.065678 0.598175 0.045362 0.077654
2 0.155387 0.721027 0.040828 0.063894
2 0.477251 0.650746 0.037854 0.078336
2 0.064027 0.840441 0.052734 0.089805
2 0.317529 0.742532 0.049719 0.056890
2 0.141552 0.497053 0.035319 0.072716
0 0.314842 0.475930 0.028986 0.055962
0 0.079453 0.959898 0.043252 0.071932
0 0.619144 0.480129 0.020977 0.040643
2 0.618238 0.963094 0.032494 0.073813
0 0.366899 0.329015 0.028919 0.057358
1 0.920173 0.043777 0.056648 0.087554
2 0.166640 0.784846 0.029778 0.059420
0 0.927893 0.965127 0.051889 0.066277
2 0.345297 0.247413 0.023925 0.046279
0 0.359433 0.040194 0.047554 0.080387
2 0.537416 0.383801 0.025521 0.049310
0 0.933542 0.510229 0.037219 0.064414
2 0.179906 0.626283 0.040070 0.058620
