0 0.824658 0.452563 0.065990 0.120379
1 0.335220 0.705112 0.072086 0.136793
0 0.296331 0.770194 0.029159 0.057079
0 0.307349 0.281012 0.051450 0.095964
1 0.874467 0.148298 0.067080 0.145341
0 0.913262 0.293622 0.063618 0.143798
1 0.119585 0.107946 0.044633 0.080805
0 0.341033 0.612966 0.033176 0.061557
2 0.482674 0.918202 0.036683 0.072579
0 0.044607 0.943878 0.045883 0.072278
2 0.153681 0.793548 0.041297 0.085853
2 0.308774 0.520441 0.023138 0.045359
2 0.520129 0.626955 0.027466 0.047316
2 0.982438 0.351106 0.035124 0.083745
0 0.927083 0.640622 0.036727 0.063388
2 0.115204 0.817463 0.031579 0.071949
0 0.611399 0.697927 0.024003 0.047521
