0 0.807993 0.476377 0.071876 0.118946
1 0.070276 0.242001 0.047423 0.085200
0 0.276414 0.393176 0.050858 0.097666
1 0.835808 0.162026 0.066593 0.143951
0 0.333276 0.729980 0.034844 0.061845
1 0.331708 0.825669 0.072749 0.137905
0 0.884261 0.300056 0.065680 0.141857
0 0.296576 0.894963 0.028834 0.057021
2 0.150766 0.940217 0.044471 0.087154
2 0.971852 0.330652 0.055779 0.090361
2 0.294010 0.639034 0.023280 0.039632
2 0.515846 0.709537 0.027716 0.046770
0 0.918924 0.638796 0.036389 0.066703
0 0.612058 0.760214 0.025093 0.048246
