1 0.043938 0.774727 0.049452 0.094139
0 0.321894 0.630298 0.046445 0.112440
2 0.723499 0.844718 0.041680 0.069429
0 0.770741 0.107839 0.069137 0.112196
1 0.541058 0.895717 0.062958 0.125119
2 0.637081 0.595098 0.030297 0.068240
2 0.833930 0.804883 0.056825 0.129620
2 0.235173 0.206424 0.028610 0.073270
0 0.886358 0.125704 0.032012 0.067848
2 0.430271 0.802324 0.022854 0.037760
0 0.500844 0.824238 0.031502 0.056833
2 0.415292 0.080821 0.022090 0.049360
2 0.308019 0.716487 0.024614 0.051949
1 0.977970 0.730993 0.036301 0.073799
2 0.284513 0.709588 0.028292 0.055799
2 0.626565 0.169351 0.029409 0.110958
