1 0.109771 0.838813 0.051091 0.094649
0 0.394136 0.656348 0.045402 0.112393
2 0.709196 0.584281 0.033353 0.071802
2 0.803836 0.822135 0.044452 0.072914
1 0.628307 0.894204 0.064627 0.128904
2 0.378281 0.744296 0.024185 0.051657
0 0.818452 0.081061 0.069642 0.115507
2 0.353878 0.741353 0.028315 0.053315
2 0.290702 0.246047 0.030336 0.071049
2 0.327896 0.704402 0.030661 0.055039
0 0.584377 0.829472 0.029859 0.059012
2 0.914515 0.766406 0.060287 0.133400
2 0.470030 0.096069 0.023426 0.045559
0 0.926072 0.085222 0.034230 0.067475
2 0.511698 0.817664 0.023103 0.041837
