2 0.183785 0.495124 0.064314 0.146342
1 0.334527 0.906902 0.052235 0.095726
0 0.639717 0.676999 0.039670 0.112212
0 0.117993 0.072242 0.063331 0.144485
1 0.905203 0.875121 0.070120 0.131678
2 0.095622 0.451699 0.036682 0.083531
0 0.150176 0.187922 0.051179 0.113353
2 0.226178 0.171366 0.053571 0.079750
2 0.524865 0.281864 0.033120 0.070455
2 0.959487 0.553654 0.035066 0.073117
2 0.612233 0.769306 0.021371 0.053968
2 0.587838 0.762921 0.023818 0.054025
2 0.559233 0.731851 0.027689 0.052352
2 0.913455 0.128940 0.037629 0.101642
0 0.886280 0.979072 0.025041 0.041856
