0 0.315198 0.589665 0.059417 0.143813
1 0.374412 0.441316 0.066089 0.140973
0 0.124930 0.328501 0.097298 0.163293
2 0.692560 0.245218 0.054145 0.123800
0 0.338110 0.706653 0.040782 0.093441
2 0.425471 0.698675 0.048680 0.076910
2 0.763029 0.839226 0.034924 0.068961
0 0.788035 0.445333 0.051955 0.124110
2 0.764250 0.186958 0.052309 0.095905
1 0.826777 0.392897 0.039318 0.102556
2 0.548300 0.206755 0.027537 0.084391
2 0.250759 0.963416 0.041303 0.073167
0 0.982857 0.095619 0.034143 0.080496
0 0.301895 0.123984 0.037419 0.080776
0 0.976039 0.270619 0.045280 0.078793
