0 0.319734 0.648210 0.058207 0.137588
0 0.133446 0.389822 0.095897 0.156703
1 0.377086 0.503443 0.065682 0.137606
2 0.425544 0.755907 0.049740 0.080058
0 0.781663 0.517359 0.049446 0.118706
2 0.758368 0.261200 0.051722 0.092867
2 0.688101 0.316406 0.052297 0.115948
0 0.340721 0.762302 0.041146 0.091788
1 0.819332 0.461347 0.040951 0.094553
2 0.546902 0.279623 0.028386 0.086722
2 0.757406 0.898987 0.034402 0.066365
0 0.978591 0.171172 0.042318 0.080479
0 0.964315 0.347412 0.043933 0.075388
0 0.305262 0.192610 0.037844 0.079402
1 0.353349 0.064616 0.035512 0.065516
