0 0.110904 0.690052 0.091988 0.157047
2 0.776922 0.622207 0.051737 0.089677
0 0.802014 0.921970 0.055426 0.119261
2 0.699841 0.684383 0.056147 0.112299
1 0.366536 0.850233 0.069026 0.140918
2 0.515792 0.276510 0.039682 0.073187
2 0.549048 0.620237 0.029628 0.075964
0 0.295364 0.500616 0.033594 0.075544
0 0.985623 0.729629 0.028432 0.079266
1 0.838632 0.848664 0.044600 0.096033
2 0.433856 0.041967 0.049560 0.081929
0 0.904200 0.759107 0.031412 0.067891
0 0.306061 0.965507 0.063526 0.066605
2 0.733360 0.188384 0.041242 0.054494
2 0.018946 0.073470 0.033804 0.074988
0 0.348687 0.378120 0.029670 0.045694
0 0.992422 0.528792 0.014553 0.067027
2 0.631961 0.582353 0.041283 0.074117
1 0.879230 0.276494 0.074682 0.168939
