0 0.195090 0.284817 0.072699 0.180552
2 0.812924 0.164709 0.041880 0.085175
0 0.511906 0.254615 0.044498 0.099844
1 0.215208 0.487139 0.054126 0.128266
2 0.312710 0.748185 0.032144 0.068925
2 0.108303 0.727606 0.049198 0.094107
1 0.331777 0.588228 0.039595 0.107320
0 0.040854 0.527534 0.069871 0.125407
2 0.283148 0.460604 0.034319 0.070520
1 0.954428 0.286600 0.051791 0.125880
2 0.276342 0.505034 0.032994 0.066762
2 0.770608 0.097147 0.028433 0.055050
2 0.280641 0.471753 0.034166 0.076604
2 0.279826 0.498657 0.036028 0.074043
