2 0.838267 0.448346 0.043541 0.091789
0 0.169097 0.567328 0.076421 0.192491
1 0.190874 0.793785 0.059712 0.129808
1 0.315793 0.928022 0.041072 0.095678
0 0.514009 0.563244 0.045920 0.103108
2 0.553908 0.255272 0.038354 0.109051
1 0.873596 0.367292 0.052524 0.107193
2 0.792647 0.377476 0.030676 0.072734
2 0.449664 0.055188 0.039856 0.090556
0 0.023162 0.815660 0.045920 0.153477
0 0.818581 0.197168 0.041473 0.082407
2 0.601496 0.211036 0.037108 0.101697
1 0.984900 0.075082 0.030108 0.082279
2 0.262635 0.769017 0.036750 0.073589
1 0.981393 0.550692 0.037213 0.138742
1 0.886014 0.448685 0.047269 0.093716
2 0.259480 0.803669 0.042595 0.096775
