0 0.473813 0.494104 0.038355 0.062744
0 0.579862 0.395081 0.063363 0.081894
0 0.816290 0.465466 0.075366 0.132718
0 0.454004 0.315499 0.025008 0.039796
0 0.576822 0.474492 0.027643 0.079272
0 0.454200 0.108314 0.020593 0.044812
0 0.546794 0.145884 0.035873 0.075573
0 0.452302 0.935806 0.043479 0.083179
0 0.446753 0.718456 0.034848 0.065820
0 0.644920 0.395934 0.021204 0.041559
0 0.429329 0.039349 0.020805 0.055130
0 0.547706 0.024138 0.021440 0.048276
0 0.514307 0.036437 0.022577 0.051166
1 0.771940 0.071729 0.057024 0.137808
0 0.459169 0.388193 0.024915 0.032846
2 0.718888 0.316679 0.028331 0.047926
