0 0.450847 0.453939 0.066035 0.150852
0 0.290667 0.316594 0.036704 0.066802
0 0.750160 0.598438 0.040849 0.074204
0 0.545969 0.351566 0.044093 0.105879
0 0.551067 0.200996 0.037617 0.083344
0 0.393750 0.053665 0.059507 0.066416
2 0.332809 0.897334 0.048076 0.082903
0 0.693969 0.516610 0.037575 0.060702
0 0.363327 0.127995 0.026708 0.056873
0 0.464460 0.141392 0.044542 0.070291
1 0.604221 0.168371 0.052376 0.098371
0 0.908552 0.958434 0.068159 0.083133
0 0.224216 0.451304 0.036605 0.075506
0 0.339402 0.033557 0.043384 0.067114
1 0.390988 0.317235 0.029102 0.047177
0 0.486903 0.406151 0.031917 0.085579
2 0.415475 0.154262 0.032323 0.084900
1 0.711168 0.575815 0.040432 0.074598
0 0.221749 0.651965 0.032576 0.052835
0 0.433628 0.030480 0.031014 0.055323
0 0.337834 0.974532 0.056437 0.050224
0 0.500539 0.027823 0.032672 0.055647
0 0.443847 0.248587 0.045775 0.065374
0 0.322149 0.211989 0.022988 0.037365
0 0.888239 0.030189 0.047793 0.060377
1 0.443423 0.247775 0.046901 0.065204
