0 0.342290 0.182658 0.051582 0.079006
2 0.852056 0.162828 0.088400 0.162665
2 0.887912 0.293973 0.085680 0.201518
2 0.358584 0.301520 0.060587 0.198829
1 0.468731 0.843358 0.184560 0.313285
2 0.707298 0.507931 0.059995 0.178819
2 0.152079 0.948750 0.090604 0.092497
1 0.295984 0.414112 0.071358 0.181757
2 0.573213 0.096787 0.065242 0.189380
2 0.954584 0.501623 0.069892 0.150571
1 0.466180 0.794939 0.164457 0.296839
2 0.365652 0.083914 0.053469 0.167828
2 0.826915 0.807636 0.107501 0.264690
2 0.356564 0.079496 0.065488 0.158992
2 0.222677 0.064394 0.066344 0.128787
2 0.265051 0.067533 0.040607 0.134512
