2 0.790528 0.239169 0.091087 0.179417
1 0.226496 0.577720 0.073558 0.188688
2 0.829568 0.360677 0.083856 0.199490
2 0.078208 0.122912 0.101234 0.245824
0 0.253022 0.356488 0.040591 0.055765
2 0.497280 0.224651 0.079523 0.236460
2 0.143439 0.170965 0.049340 0.140175
0 0.248158 0.303965 0.051729 0.064105
2 0.259745 0.173390 0.080506 0.244670
2 0.287688 0.105099 0.061551 0.210197
2 0.288661 0.081021 0.056888 0.162041
2 0.282873 0.449161 0.059589 0.166906
2 0.711611 0.275609 0.049785 0.106629
2 0.188477 0.077082 0.052616 0.142262
2 0.254964 0.144954 0.066047 0.230329
2 0.656525 0.598353 0.061902 0.155249
2 0.204729 0.122810 0.043747 0.138633
