2 0.156474 0.477203 0.082824 0.208924
1 0.433136 0.291521 0.090613 0.182772
2 0.377576 0.304345 0.054168 0.147268
1 0.288178 0.827481 0.060285 0.121927
2 0.592577 0.066988 0.045796 0.132233
2 0.742268 0.604548 0.072015 0.166885
2 0.328386 0.448462 0.071215 0.144628
2 0.312399 0.546959 0.068257 0.143926
2 0.780068 0.664408 0.058359 0.136983
2 0.511943 0.620327 0.067010 0.198810
2 0.666280 0.063580 0.053225 0.127161
2 0.302046 0.103206 0.051665 0.130646
2 0.730130 0.151462 0.053500 0.134829
2 0.366782 0.165589 0.053850 0.138037
0 0.307431 0.687898 0.031283 0.045846
2 0.252669 0.429652 0.046981 0.096614
2 0.244293 0.480221 0.045881 0.095224
2 0.540239 0.085057 0.059161 0.165381
1 0.212139 0.063885 0.087606 0.127770
2 0.810308 0.151203 0.058595 0.118832
0 0.308430 0.683681 0.037084 0.055256
2 0.804851 0.137848 0.059773 0.126596
2 0.358649 0.166495 0.062231 0.152084
2 0.246625 0.463198 0.050136 0.126669
