1 0.574805 0.533962 0.088017 0.178159
2 0.298627 0.691659 0.081575 0.219689
2 0.471015 0.668691 0.069703 0.132276
2 0.641820 0.826717 0.064861 0.172753
1 0.364581 0.250240 0.097943 0.184907
2 0.502442 0.401946 0.069996 0.147104
2 0.517497 0.540157 0.063577 0.152246
2 0.877210 0.808406 0.068238 0.156121
2 0.697736 0.242229 0.061277 0.198093
2 0.446331 0.761550 0.053924 0.124799
2 0.926979 0.339013 0.054994 0.113458
0 0.436292 0.870785 0.046082 0.093148
2 0.444705 0.328878 0.050055 0.136583
2 0.808473 0.256329 0.045540 0.164945
2 0.599300 0.204237 0.055268 0.153162
2 0.902848 0.877602 0.060675 0.134319
2 0.734449 0.271031 0.051697 0.163597
2 0.176004 0.188264 0.092152 0.173519
2 0.690788 0.068620 0.039188 0.114830
2 0.601753 0.086110 0.052210 0.129174
2 0.817133 0.096071 0.053110 0.147177
2 0.439037 0.751341 0.048395 0.128010
2 0.880786 0.175614 0.041477 0.099604
2 0.677542 0.288829 0.049806 0.159022
2 0.628960 0.066330 0.034582 0.106964
