1 0.578050 0.566739 0.081912 0.166002
2 0.509219 0.444368 0.067151 0.133205
2 0.319431 0.709098 0.079565 0.210394
2 0.480869 0.689102 0.069087 0.124500
2 0.523631 0.566153 0.059105 0.140308
1 0.383790 0.311876 0.093273 0.179398
2 0.854143 0.820309 0.060415 0.141150
2 0.690691 0.294167 0.054321 0.180043
2 0.905185 0.383346 0.054729 0.116234
2 0.637726 0.836910 0.059829 0.161620
0 0.447483 0.876130 0.041557 0.088117
2 0.883085 0.877958 0.056436 0.131336
2 0.456908 0.373791 0.048281 0.129014
2 0.792109 0.307785 0.045896 0.145388
2 0.723827 0.328325 0.047376 0.135367
2 0.458356 0.782409 0.050224 0.109352
2 0.208408 0.246865 0.097378 0.179604
2 0.685898 0.124997 0.040524 0.116421
2 0.595488 0.266830 0.049211 0.129064
2 0.861070 0.237865 0.039556 0.093534
2 0.602939 0.148641 0.051260 0.116918
2 0.202689 0.130304 0.054201 0.083716
2 0.610898 0.315477 0.039140 0.107916
2 0.967404 0.502827 0.041653 0.073701
2 0.840108 0.415037 0.052077 0.108046
2 0.628221 0.100646 0.046723 0.148819
2 0.795640 0.166990 0.048999 0.121233
2 0.624435 0.117056 0.048624 0.145741
2 0.616915 0.127674 0.052972 0.144453
2 0.113179 0.044416 0.080580 0.088832
2 0.675962 0.324380 0.043932 0.141297
