2 0.507547 0.914299 0.053609 0.117994
2 0.181828 0.471665 0.083421 0.142265
1 0.399932 0.793917 0.083458 0.169616
2 0.721870 0.454796 0.050405 0.108286
2 0.596157 0.781656 0.050247 0.101879
2 0.594600 0.700006 0.039309 0.077365
2 0.780598 0.536934 0.047100 0.108534
2 0.854254 0.620086 0.089488 0.151480
2 0.676469 0.645954 0.039178 0.083217
2 0.703601 0.568590 0.038691 0.091180
2 0.889117 0.410383 0.045782 0.101728
2 0.773785 0.690995 0.040666 0.082293
2 0.704643 0.849034 0.050711 0.108406
2 0.678387 0.795151 0.038138 0.097398
0 0.661824 0.112812 0.103502 0.225624
2 0.782750 0.620503 0.045165 0.085121
2 0.465728 0.850834 0.042645 0.117468
2 0.866783 0.859343 0.060998 0.123844
2 0.631417 0.640788 0.036516 0.074998
2 0.657659 0.811260 0.036501 0.111046
2 0.864024 0.875751 0.055005 0.108616
2 0.662246 0.111161 0.102774 0.222323
2 0.758066 0.835771 0.045906 0.119520
2 0.672399 0.800538 0.038592 0.102244
