2 0.419112 0.909762 0.064155 0.107495
0 0.308977 0.844179 0.058809 0.118068
2 0.928176 0.553928 0.057393 0.098367
2 0.708413 0.226897 0.080155 0.191823
0 0.534759 0.234147 0.042740 0.094497
0 0.785134 0.120736 0.055330 0.109521
2 0.872886 0.434465 0.031764 0.087568
0 0.134230 0.639003 0.043263 0.088879
2 0.530526 0.130486 0.041151 0.075612
2 0.456105 0.046961 0.042758 0.093436
0 0.106566 0.714110 0.033306 0.063702
2 0.916493 0.610996 0.040403 0.074041
2 0.275636 0.796902 0.024797 0.059415
2 0.840254 0.155605 0.032504 0.089863
2 0.979517 0.933306 0.039404 0.091233
