2 0.504956 0.337352 0.077114 0.184409
2 0.680906 0.555271 0.027668 0.085282
0 0.316405 0.354692 0.047086 0.098918
2 0.317435 0.247513 0.046427 0.080196
2 0.736655 0.678970 0.054826 0.096939
2 0.233348 0.150730 0.051322 0.110699
0 0.971783 0.663926 0.052084 0.094970
0 0.584097 0.241836 0.055027 0.112117
2 0.728364 0.736516 0.039912 0.075383
2 0.643885 0.276259 0.035307 0.085150
2 0.340455 0.054612 0.041391 0.109225
0 0.094823 0.956546 0.064771 0.085737
2 0.397717 0.116046 0.057471 0.120858
0 0.020486 0.101072 0.040971 0.069000
2 0.734134 0.722222 0.048697 0.087794
