0 0.718376 0.605196 0.072607 0.109977
2 0.395053 0.464630 0.025000 0.047657
2 0.290742 0.288713 0.064110 0.107972
2 0.650047 0.675815 0.032773 0.056025
2 0.401767 0.545521 0.030900 0.066097
0 0.573484 0.414513 0.048961 0.075115
2 0.187935 0.139171 0.052831 0.103444
2 0.316752 0.464708 0.039917 0.087806
0 0.478259 0.868325 0.036893 0.081980
1 0.650086 0.258715 0.056530 0.098481
0 0.816306 0.901065 0.030559 0.045072
2 0.475366 0.788023 0.047386 0.073729
1 0.132191 0.052373 0.056620 0.104746
2 0.765170 0.867721 0.031369 0.048107
1 0.821810 0.964447 0.034250 0.063274
2 0.450402 0.858502 0.022457 0.055219
1 0.153523 0.818301 0.068487 0.115068
2 0.838678 0.068476 0.037358 0.087636
0 0.897802 0.678057 0.042539 0.070114
0 0.986352 0.641190 0.026818 0.074099
2 0.341606 0.097566 0.029117 0.062255
2 0.406209 0.669269 0.028706 0.057254
