2 0.296341 0.282155 0.039875 0.057648
0 0.345117 0.189426 0.068404 0.116027
0 0.506600 0.602609 0.026564 0.060486
0 0.670584 0.710656 0.046537 0.088375
2 0.495334 0.943624 0.054970 0.104067
0 0.450071 0.495600 0.026223 0.043836
0 0.311593 0.880861 0.041792 0.080071
0 0.630124 0.220479 0.064658 0.110695
0 0.786062 0.307638 0.041525 0.092949
0 0.748400 0.415575 0.040092 0.073068
2 0.517168 0.269136 0.040589 0.086389
2 0.102227 0.383132 0.068175 0.100766
0 0.476877 0.746620 0.024154 0.049863
2 0.404890 0.468426 0.035150 0.064665
0 0.638697 0.623863 0.032723 0.046725
0 0.450458 0.556661 0.026707 0.047278
2 0.106517 0.164863 0.040052 0.086616
2 0.612579 0.091086 0.034775 0.099946
0 0.310875 0.971816 0.033888 0.049919
0 0.106598 0.465317 0.059094 0.092661
0 0.274448 0.949188 0.049163 0.076089
2 0.569055 0.762566 0.033521 0.055292
2 0.021027 0.127544 0.040585 0.082527
0 0.451804 0.675874 0.040941 0.085236
2 0.536731 0.673563 0.034800 0.079856
0 0.206336 0.024574 0.044066 0.049149
