0 0.297557 0.268825 0.065386 0.116368
0 0.405371 0.574549 0.026894 0.046692
0 0.431419 0.834275 0.026034 0.051130
0 0.630424 0.789436 0.048637 0.092586
2 0.050268 0.459823 0.068726 0.101598
0 0.598618 0.705017 0.033901 0.053154
0 0.460585 0.688432 0.028091 0.062166
2 0.250044 0.356765 0.042014 0.058158
0 0.746279 0.381766 0.044586 0.093578
0 0.585985 0.301021 0.069579 0.113084
2 0.471781 0.346889 0.040506 0.086960
2 0.360102 0.544405 0.035923 0.060316
0 0.155500 0.074678 0.052013 0.080222
0 0.706202 0.492087 0.043007 0.075534
2 0.055231 0.241790 0.043494 0.088447
0 0.267079 0.960486 0.041433 0.079028
0 0.405129 0.638890 0.026008 0.048484
2 0.568515 0.169598 0.036830 0.099528
0 0.054404 0.548086 0.059787 0.094316
2 0.524102 0.843652 0.029927 0.053795
1 0.406089 0.762228 0.041380 0.087779
0 0.603983 0.386150 0.021753 0.035690
