0 0.249524 0.336547 0.063444 0.114256
0 0.343417 0.657845 0.028247 0.047464
0 0.538210 0.817586 0.036051 0.056112
0 0.390789 0.786232 0.029343 0.067585
0 0.656178 0.616927 0.041660 0.076517
2 0.201030 0.411747 0.043775 0.059125
2 0.421145 0.440849 0.042282 0.090029
0 0.357866 0.925513 0.028473 0.055430
0 0.563829 0.906907 0.053479 0.104172
0 0.701860 0.511579 0.045544 0.090755
0 0.538809 0.411655 0.067387 0.120038
2 0.526290 0.274414 0.034846 0.096524
1 0.333869 0.851757 0.043363 0.093694
2 0.303124 0.619028 0.038034 0.058512
0 0.117181 0.118901 0.053174 0.081830
2 0.015304 0.272381 0.030412 0.081221
2 0.454168 0.946430 0.029231 0.064567
2 0.236447 0.147677 0.045551 0.085443
0 0.340080 0.724621 0.025594 0.046898
2 0.016832 0.499814 0.033664 0.082810
0 0.553805 0.499934 0.025202 0.041043
