0 0.167624 0.305804 0.061475 0.109630
1 0.168642 0.839862 0.042551 0.080577
0 0.431801 0.514626 0.073939 0.132509
0 0.211509 0.660897 0.027564 0.045099
0 0.526768 0.770151 0.043307 0.082047
0 0.587505 0.690505 0.052529 0.101076
2 0.311907 0.486355 0.044875 0.099279
0 0.229111 0.813368 0.034026 0.066436
2 0.443999 0.370948 0.038114 0.094503
2 0.117887 0.356081 0.043568 0.062506
0 0.026219 0.933626 0.045646 0.085354
0 0.381329 0.908826 0.038023 0.058048
0 0.186310 0.928928 0.033121 0.055274
0 0.080423 0.040103 0.051575 0.076857
2 0.259715 0.891011 0.043115 0.074550
2 0.258330 0.749629 0.023898 0.043032
0 0.194780 0.729382 0.024010 0.040459
0 0.735750 0.828674 0.040167 0.068119
2 0.187697 0.116400 0.048176 0.088331
2 0.186383 0.605483 0.033162 0.049101
0 0.635022 0.073189 0.052957 0.121883
2 0.179333 0.598158 0.039868 0.053217
