2 0.085441 0.860285 0.048167 0.084536
0 0.309724 0.488313 0.046771 0.088214
0 0.339298 0.176097 0.058182 0.136087
0 0.138539 0.486474 0.053394 0.100666
0 0.385633 0.516536 0.049109 0.098752
2 0.867618 0.255752 0.048163 0.087263
2 0.412099 0.084668 0.038779 0.095559
0 0.447276 0.850119 0.039942 0.066581
0 0.106894 0.123111 0.036325 0.066455
0 0.173378 0.403628 0.033025 0.074558
2 0.111083 0.245573 0.052957 0.087854
0 0.166404 0.026107 0.025556 0.041811
2 0.686755 0.349765 0.035395 0.069508
0 0.702240 0.116603 0.043596 0.095522
1 0.579330 0.862749 0.060589 0.079213
2 0.156290 0.137278 0.028714 0.060376
0 0.349848 0.423587 0.020178 0.033067
0 0.812807 0.114832 0.027175 0.045315
2 0.476404 0.368397 0.031641 0.054603
2 0.711641 0.802658 0.036682 0.072699
0 0.125678 0.046122 0.021801 0.039590
0 0.052645 0.172153 0.027381 0.056075
2 0.985211 0.099719 0.029542 0.115386
