0 0.455299 0.261951 0.047968 0.099868
0 0.497739 0.391624 0.061817 0.081671
1 0.517544 0.469365 0.032065 0.055141
1 0.641140 0.651316 0.030292 0.060168
1 0.726737 0.784886 0.040366 0.067299
1 0.859315 0.846509 0.044361 0.066345
0 0.762735 0.664488 0.041816 0.083464
0 0.941511 0.590148 0.030418 0.057758
2 0.391202 0.517053 0.030649 0.051899
0 0.807304 0.813229 0.043804 0.060972
0 0.852968 0.921699 0.028522 0.046905
1 0.706705 0.495844 0.041824 0.068421
2 0.913526 0.805722 0.028658 0.050163
1 0.240583 0.560344 0.049831 0.097932
2 0.423344 0.443201 0.033657 0.067978
2 0.524611 0.575372 0.036174 0.057589
1 0.736891 0.384361 0.054078 0.107963
0 0.110239 0.110656 0.048858 0.068592
0 0.374673 0.652268 0.053291 0.080607
0 0.949620 0.772345 0.023985 0.041361
0 0.990606 0.725951 0.018490 0.059301
2 0.212745 0.501821 0.025399 0.037096
1 0.567502 0.396158 0.027265 0.044974
2 0.990347 0.250110 0.019306 0.062255
0 0.250448 0.671790 0.026128 0.045968
2 0.392276 0.786433 0.021143 0.040575
