1 0.560351 0.197100 0.034280 0.058271
1 0.686685 0.696807 0.046480 0.082744
0 0.559873 0.097140 0.068263 0.104303
1 0.262297 0.084890 0.054187 0.111348
0 0.756028 0.589251 0.046685 0.082416
1 0.745437 0.371027 0.051278 0.079146
0 0.759515 0.786804 0.042524 0.064281
0 0.949364 0.671059 0.034735 0.065199
1 0.633170 0.153360 0.031131 0.053200
2 0.420075 0.161603 0.033056 0.065565
1 0.805522 0.281719 0.063188 0.119264
0 0.373731 0.300230 0.043666 0.086527
2 0.538121 0.318005 0.043336 0.069066
2 0.865397 0.871858 0.033259 0.060544
0 0.776744 0.939365 0.029009 0.049114
0 0.802270 0.867014 0.044965 0.066132
1 0.343545 0.312243 0.028628 0.057390
0 0.241611 0.208020 0.027654 0.054416
0 0.964108 0.872742 0.034304 0.047233
2 0.351984 0.451603 0.023122 0.046865
1 0.637617 0.484492 0.038149 0.068179
1 0.958775 0.932711 0.048737 0.084937
0 0.908477 0.868331 0.028698 0.041948
2 0.477215 0.095583 0.045859 0.093689
0 0.754965 0.844401 0.037073 0.051416
2 0.694476 0.931752 0.030303 0.068507
