1 0.596143 0.431572 0.053453 0.110797
2 0.801655 0.633022 0.034583 0.060542
0 0.679657 0.536591 0.051137 0.071932
0 0.700433 0.714408 0.033085 0.055508
0 0.669225 0.290893 0.053291 0.106739
0 0.895371 0.400752 0.038003 0.083177
0 0.730366 0.628652 0.051053 0.068439
0 0.851900 0.634065 0.029888 0.051174
0 0.676613 0.606216 0.039484 0.060155
2 0.611173 0.713334 0.030049 0.066820
1 0.535766 0.162146 0.046582 0.093343
1 0.652035 0.036971 0.048094 0.073942
0 0.940481 0.844779 0.039367 0.064946
1 0.911597 0.711070 0.057961 0.099262
1 0.683032 0.913543 0.045496 0.061988
0 0.918421 0.650858 0.039007 0.046813
2 0.829366 0.704238 0.036752 0.064983
2 0.224895 0.171180 0.031340 0.065035
