1 0.403203 0.388891 0.060895 0.117694
0 0.466569 0.235318 0.057909 0.120615
0 0.722387 0.356038 0.038834 0.087159
0 0.683785 0.606341 0.028629 0.055918
0 0.493731 0.501045 0.054146 0.080262
0 0.550191 0.601041 0.051640 0.071612
0 0.522199 0.691632 0.034570 0.059202
2 0.630427 0.606291 0.032445 0.060964
2 0.433382 0.691229 0.032447 0.069616
0 0.495475 0.578086 0.038620 0.062899
0 0.795586 0.831823 0.043301 0.072533
1 0.516939 0.906070 0.047231 0.065313
1 0.320630 0.092006 0.041418 0.103336
1 0.750044 0.692490 0.063772 0.107289
0 0.762776 0.622934 0.039534 0.053656
0 0.988396 0.591450 0.022959 0.086477
2 0.657624 0.686809 0.042380 0.065472
0 0.869151 0.228824 0.036174 0.092358
2 0.865799 0.438864 0.037633 0.081452
2 0.710855 0.825400 0.029812 0.054598
2 0.561664 0.737526 0.038003 0.088536
