0 0.464377 0.480148 0.030259 0.062054
0 0.492715 0.220549 0.039824 0.099130
0 0.202864 0.080290 0.068207 0.138004
2 0.206797 0.573953 0.036402 0.075377
0 0.257655 0.369091 0.059647 0.092496
0 0.816324 0.482929 0.055867 0.097551
0 0.268746 0.448141 0.040143 0.067882
0 0.601748 0.723525 0.045661 0.080663
1 0.159458 0.246036 0.070797 0.143174
1 0.315029 0.801976 0.055157 0.065673
0 0.634882 0.088104 0.042745 0.110625
2 0.408056 0.481541 0.034908 0.068479
0 0.323478 0.475990 0.052974 0.081988
0 0.295780 0.570048 0.038981 0.067887
2 0.429864 0.564490 0.042143 0.077069
2 0.432355 0.643900 0.047650 0.082206
2 0.661457 0.319876 0.043261 0.092908
0 0.556892 0.506208 0.043074 0.060083
2 0.610885 0.803554 0.031109 0.049469
0 0.489734 0.955525 0.064991 0.088949
1 0.537581 0.579997 0.066423 0.114872
2 0.500368 0.707964 0.027438 0.060952
2 0.335083 0.618551 0.046985 0.108875
2 0.647985 0.837740 0.033738 0.072997
2 0.354628 0.648581 0.026528 0.052275
0 0.416941 0.830488 0.025159 0.040087
