2 0.074122 0.135871 0.067332 0.083678
0 0.595085 0.210217 0.061302 0.109790
0 0.325480 0.435067 0.071226 0.115645
2 0.406851 0.623007 0.044007 0.100436
0 0.259177 0.130719 0.052691 0.072244
2 0.346015 0.550277 0.042038 0.066141
2 0.200728 0.448755 0.084308 0.087996
0 0.187044 0.709850 0.104465 0.155687
2 0.080820 0.239916 0.084502 0.110742
0 0.129285 0.048798 0.045869 0.084298
0 0.088177 0.512048 0.032887 0.057358
2 0.062085 0.046887 0.062584 0.084114
2 0.185224 0.581870 0.051539 0.060493
2 0.175780 0.356160 0.053927 0.077136
2 0.930883 0.543944 0.061329 0.077323
1 0.951450 0.204214 0.064830 0.090451
1 0.225444 0.202229 0.097891 0.148124
0 0.266258 0.523605 0.057361 0.088922
2 0.984854 0.130007 0.030280 0.086038
2 0.302162 0.499333 0.026760 0.049727
