0 0.444132 0.766548 0.071444 0.146564
0 0.505319 0.266121 0.057381 0.107194
0 0.386528 0.339202 0.060065 0.070814
0 0.360313 0.116204 0.051979 0.080682
0 0.918856 0.337509 0.077232 0.101292
0 0.544430 0.689920 0.048005 0.110563
0 0.279404 0.583570 0.034943 0.069053
0 0.331523 0.293194 0.040756 0.082489
1 0.594419 0.414810 0.060018 0.071969
0 0.549052 0.527490 0.042168 0.098138
0 0.458584 0.444021 0.053164 0.071479
0 0.598215 0.210696 0.088835 0.116982
1 0.606298 0.512423 0.057747 0.098842
0 0.355245 0.403372 0.028186 0.058230
0 0.368508 0.266046 0.035458 0.056592
2 0.409347 0.439070 0.031311 0.081655
0 0.703607 0.906774 0.039543 0.071773
0 0.213232 0.725645 0.046364 0.068562
1 0.383328 0.626101 0.030506 0.056161
0 0.483048 0.721714 0.033615 0.082556
0 0.398844 0.147786 0.038328 0.062011
0 0.397202 0.222824 0.033614 0.045918
0 0.447434 0.275856 0.038152 0.073082
0 0.478041 0.565594 0.035702 0.068781
0 0.761084 0.969893 0.037151 0.060213
0 0.437744 0.550602 0.044220 0.068573
0 0.310381 0.483452 0.028430 0.051659
0 0.428693 0.321051 0.029791 0.063013
2 0.834195 0.863796 0.030685 0.052899
