2 0.377735 0.909189 0.076487 0.121006
2 0.717304 0.783579 0.057321 0.080662
2 0.397329 0.052733 0.059002 0.078788
0 0.775979 0.107264 0.049315 0.084766
1 0.483551 0.171647 0.060228 0.100946
2 0.310077 0.183942 0.056095 0.119902
1 0.549209 0.680991 0.056385 0.067954
2 0.381833 0.632670 0.056694 0.090489
2 0.529404 0.243318 0.029269 0.059365
1 0.019779 0.364405 0.039559 0.081412
0 0.547576 0.739411 0.036772 0.054468
2 0.660561 0.844687 0.040748 0.071575
2 0.199996 0.954080 0.032131 0.053833
2 0.011560 0.254869 0.023091 0.126544
0 0.550917 0.727227 0.040607 0.056419
