0 0.704995 0.398002 0.050828 0.117720
0 0.340142 0.745976 0.084354 0.147787
0 0.486103 0.317204 0.051287 0.083238
0 0.782699 0.504066 0.040795 0.065208
2 0.453216 0.217519 0.044570 0.096515
0 0.781971 0.405312 0.022233 0.065929
0 0.317293 0.264702 0.021890 0.054414
0 0.734035 0.546969 0.025800 0.072540
0 0.947681 0.446102 0.030550 0.076336
0 0.195346 0.947772 0.049532 0.100543
0 0.976561 0.082283 0.044178 0.087439
0 0.983052 0.851522 0.033448 0.090616
0 0.853817 0.435174 0.034616 0.065626
0 0.009416 0.901590 0.018831 0.107466
1 0.292044 0.110275 0.039881 0.083927
1 0.052394 0.806068 0.064648 0.211078
