0 0.651306 0.308375 0.048634 0.113921
0 0.724524 0.410570 0.039685 0.063047
0 0.283798 0.616079 0.078234 0.137977
0 0.435112 0.219325 0.050633 0.079017
0 0.889585 0.358778 0.031286 0.073939
0 0.135934 0.792260 0.041973 0.099860
0 0.268431 0.164954 0.021455 0.051495
0 0.676894 0.452380 0.027809 0.073902
2 0.405335 0.129668 0.041980 0.095628
0 0.927000 0.740822 0.051583 0.094049
0 0.727172 0.318699 0.020729 0.064654
0 0.975194 0.736719 0.044096 0.075945
0 0.797469 0.348967 0.033673 0.065081
0 0.930733 0.031247 0.037227 0.062493
0 0.968986 0.073527 0.043251 0.077160
1 0.014810 0.647484 0.029482 0.196014
