0 0.625257 0.265070 0.047636 0.111063
0 0.256952 0.553237 0.078607 0.136383
0 0.861207 0.317075 0.029166 0.072359
0 0.410937 0.174379 0.050413 0.077886
0 0.698057 0.366221 0.040385 0.065798
0 0.244930 0.116219 0.021164 0.050242
0 0.701369 0.277096 0.021203 0.066422
0 0.649772 0.406920 0.027163 0.072226
0 0.109428 0.719779 0.041772 0.096334
0 0.942866 0.685449 0.041996 0.075164
2 0.382985 0.087294 0.042311 0.096287
0 0.892089 0.688120 0.046336 0.087682
0 0.770815 0.308346 0.033636 0.065301
0 0.945282 0.042041 0.045626 0.074268
