0 0.350468 0.460363 0.055446 0.097192
0 0.502669 0.650145 0.062877 0.113407
0 0.601550 0.617972 0.093261 0.147109
0 0.377825 0.715818 0.063745 0.075342
2 0.397324 0.813938 0.032282 0.069281
0 0.451061 0.840015 0.053148 0.075969
0 0.263430 0.943002 0.040360 0.081539
0 0.318991 0.641613 0.046033 0.088588
0 0.390242 0.511910 0.044558 0.052842
0 0.944098 0.793881 0.082873 0.109387
0 0.342144 0.770009 0.029594 0.060785
1 0.596655 0.882178 0.062517 0.076819
0 0.357241 0.625135 0.037059 0.062924
0 0.389097 0.598662 0.038130 0.052867
0 0.546997 0.960465 0.048987 0.079069
1 0.611443 0.964475 0.064806 0.066853
0 0.441172 0.653049 0.042445 0.070390
0 0.475142 0.977790 0.037237 0.044420
