0 0.429954 0.909724 0.038429 0.064608
0 0.744272 0.758045 0.050214 0.091005
0 0.676599 0.866778 0.063869 0.108000
0 0.506394 0.525302 0.020376 0.031200
0 0.948133 0.526793 0.040231 0.080069
0 0.515349 0.934877 0.042390 0.066704
0 0.270580 0.085520 0.052934 0.111778
0 0.769069 0.502287 0.032931 0.080292
0 0.717343 0.183297 0.035699 0.068724
0 0.898219 0.392112 0.016279 0.039854
0 0.968663 0.930958 0.031094 0.063824
0 0.795243 0.293653 0.023301 0.050405
2 0.494079 0.340107 0.028711 0.086629
0 0.373305 0.613065 0.032181 0.086082
0 0.812756 0.169659 0.021934 0.032914
0 0.329875 0.040408 0.056444 0.080816
0 0.680279 0.489733 0.018974 0.057222
0 0.873451 0.929448 0.061627 0.126523
